
  &&electric field:  0.000000  0.000037  0.000000 
  0.000000       -0.5665118470       -0.0605944040       -0.8558224360 
  0.200000       -0.5665106981       -0.0596505053       -0.8558433340 
  0.400000       -0.5665046450       -0.0587353071       -0.8558766805 
  0.600000       -0.5664928623       -0.0578689019       -0.8559217842 
  0.800000       -0.5664747301       -0.0570696126       -0.8559776197 
  1.000000       -0.5664498657       -0.0563534352       -0.8560428644 
  1.200000       -0.5664181472       -0.0557336119       -0.8561159494 
  1.400000       -0.5663797265       -0.0552203412       -0.8561951186 
  1.600000       -0.5663350304       -0.0548206232       -0.8562784946 
  1.800000       -0.5662847509       -0.0545382263       -0.8563641469 
  2.000000       -0.5662298195       -0.0543737613       -0.8564501586 
  2.200000       -0.5661713730       -0.0543248458       -0.8565346885 
  2.400000       -0.5661107060       -0.0543863391       -0.8566160263 
  2.600000       -0.5660492194       -0.0545506364       -0.8566926374 
  2.800000       -0.5659883642       -0.0548080051       -0.8567631962 
  3.000000       -0.5659295874       -0.0551469541       -0.8568266084 
  3.200000       -0.5658742799       -0.0555546264       -0.8568820220 
  3.400000       -0.5658237317       -0.0560172048       -0.8569288289 
  3.600000       -0.5657790930       -0.0565203271       -0.8569666588 
  3.800000       -0.5657413419       -0.0570495021       -0.8569953672 
  4.000000       -0.5657112618       -0.0575905200       -0.8570150203 
  4.200000       -0.5656894254       -0.0581298496       -0.8570258755 
  4.400000       -0.5656761901       -0.0586550078       -0.8570283607 
  4.600000       -0.5656717017       -0.0591548879       -0.8570230512 
  4.800000       -0.5656759065       -0.0596200288       -0.8570106455 
  5.000000       -0.5656885706       -0.0600428082       -0.8569919412 
  5.200000       -0.5657093023       -0.0604175508       -0.8569678122 
  5.400000       -0.5657375723       -0.0607405414       -0.8569391879 
  5.600000       -0.5657727321       -0.0610099518       -0.8569070354 
  5.800000       -0.5658140247       -0.0612256897       -0.8568723456 
  6.000000       -0.5658605929       -0.0613891939       -0.8568361203 
  6.200000       -0.5659114837       -0.0615031916       -0.8567993608 
  6.400000       -0.5659656559       -0.0615714463       -0.8567630544 
  6.600000       -0.5660219935       -0.0615985080       -0.8567281591 
  6.800000       -0.5660793270       -0.0615894826       -0.8566955841 
  7.000000       -0.5661364630       -0.0615498197       -0.8566661686 
  7.200000       -0.5661922198       -0.0614851240       -0.8566406586 
  7.400000       -0.5662454651       -0.0614009838       -0.8566196838 
  7.600000       -0.5662951505       -0.0613028144       -0.8566037373 
  7.800000       -0.5663403412       -0.0611957134       -0.8565931577 
  8.000000       -0.5663802375       -0.0610843280       -0.8565881163 
  8.200000       -0.5664141906       -0.0609727361       -0.8565886080 
  8.400000       -0.5664417110       -0.0608643455       -0.8565944481 
  8.600000       -0.5664624750       -0.0607618173       -0.8566052752 
  8.800000       -0.5664763287       -0.0606670188       -0.8566205605 
  9.000000       -0.5664832872       -0.0605810124       -0.8566396255 
  9.200000       -0.5664835316       -0.0605040828       -0.8566616683 
  9.400000       -0.5664773983       -0.0604358043       -0.8566857972 
  9.600000       -0.5664653625       -0.0603751468       -0.8567110704 
  9.800000       -0.5664480123       -0.0603206115       -0.8567365395 
  10.000000       -0.5664260188       -0.0602703889       -0.8567612913 
  10.200000       -0.5664001037       -0.0602225247       -0.8567844869 
  10.400000       -0.5663710074       -0.0601750807       -0.8568053941 
  10.600000       -0.5663394616       -0.0601262767       -0.8568234119 
  10.800000       -0.5663061670       -0.0600746040       -0.8568380888 
  11.000000       -0.5662717776       -0.0600189066       -0.8568491338 
  11.200000       -0.5662368885       -0.0599584249       -0.8568564217 
  11.400000       -0.5662020270       -0.0598928092       -0.8568599938 
  11.600000       -0.5661676451       -0.0598221068       -0.8568600519 
  11.800000       -0.5661341146       -0.0597467312       -0.8568569468 
  12.000000       -0.5661017227       -0.0596674201       -0.8568511573 
  12.200000       -0.5660706733       -0.0595851883       -0.8568432632 
  12.400000       -0.5660410925       -0.0595012797       -0.8568339092 
  12.600000       -0.5660130400       -0.0594171203       -0.8568237653 
  12.800000       -0.5659865249       -0.0593342698       -0.8568134858 
  13.000000       -0.5659615233       -0.0592543752       -0.8568036705 
  13.200000       -0.5659379963       -0.0591791194       -0.8567948334 
  13.400000       -0.5659159049       -0.0591101664       -0.8567873780 
  13.600000       -0.5658952188       -0.0590491008       -0.8567815837 
  13.800000       -0.5658759215       -0.0589973644       -0.8567775998 
  14.000000       -0.5658580097       -0.0589561900       -0.8567754488 
  14.200000       -0.5658414907       -0.0589265415       -0.8567750350 
  14.400000       -0.5658263794       -0.0589090622       -0.8567761590 
  14.600000       -0.5658126966       -0.0589040406       -0.8567785371 
  14.800000       -0.5658004691       -0.0589113960       -0.8567818250 
  15.000000       -0.5657897327       -0.0589306858       -0.8567856431 
  15.200000       -0.5657805364       -0.0589611335       -0.8567896039 
  15.400000       -0.5657729459       -0.0590016713       -0.8567933369 
  15.600000       -0.5657670461       -0.0590509912       -0.8567965106 
  15.800000       -0.5657629399       -0.0591075977       -0.8567988474 
  16.000000       -0.5657607438       -0.0591698562       -0.8568001312 
  16.200000       -0.5657605798       -0.0592360365       -0.8568002089 
  16.400000       -0.5657625646       -0.0593043510       -0.8567989859 
  16.600000       -0.5657667969       -0.0593729915       -0.8567964198 
  16.800000       -0.5657733445       -0.0594401680       -0.8567925143 
  17.000000       -0.5657822336       -0.0595041553       -0.8567873146 
  17.200000       -0.5657934399       -0.0595633441       -0.8567809048 
  17.400000       -0.5658068817       -0.0596162998       -0.8567734083 
  17.600000       -0.5658224194       -0.0596618239       -0.8567649855 
  17.800000       -0.5658398547       -0.0596990104       -0.8567558309 
  18.000000       -0.5658589349       -0.0597272951       -0.8567461658 
  18.200000       -0.5658793577       -0.0597464911       -0.8567362290 
  18.400000       -0.5659007799       -0.0597568054       -0.8567262637 
  18.600000       -0.5659228263       -0.0597588351       -0.8567165068 
  18.800000       -0.5659451017       -0.0597535399       -0.8567071788 
  19.000000       -0.5659672045       -0.0597421931       -0.8566984783 
  19.200000       -0.5659887411       -0.0597263088       -0.8566905789 
  19.400000       -0.5660093406       -0.0597075532       -0.8566836294 
  19.600000       -0.5660286681       -0.0596876438       -0.8566777541 
  19.800000       -0.5660464356       -0.0596682447       -0.8566730524 
  20.000000       -0.5660624087       -0.0596508701       -0.8566695952 
  20.200000       -0.5660764110       -0.0596368031       -0.8566674215 
  20.400000       -0.5660883249       -0.0596270364       -0.8566665322 
  20.600000       -0.5660980899       -0.0596222407       -0.8566668858 
  20.800000       -0.5661057025       -0.0596227582       -0.8566683961 
  21.000000       -0.5661112142       -0.0596286173       -0.8566709328 
  21.200000       -0.5661147302       -0.0596395646       -0.8566743256 
  21.400000       -0.5661164076       -0.0596551031       -0.8566783700 
  21.600000       -0.5661164498       -0.0596745362       -0.8566828344 
  21.800000       -0.5661150982       -0.0596970115       -0.8566874682 
  22.000000       -0.5661126194       -0.0597215646       -0.8566920094 
  22.200000       -0.5661092892       -0.0597471642       -0.8566961932 
  22.400000       -0.5661053748       -0.0597727601       -0.8566997626 
  22.600000       -0.5661011186       -0.0597973335       -0.8567024800 
  22.800000       -0.5660967264       -0.0598199485       -0.8567041417 
  23.000000       -0.5660923605       -0.0598398025       -0.8567045925 
  23.200000       -0.5660881397       -0.0598562691       -0.8567037392 
  23.400000       -0.5660841442       -0.0598689317       -0.8567015602 
  23.600000       -0.5660804247       -0.0598776015       -0.8566981084 
  23.800000       -0.5660770113       -0.0598823204       -0.8566935083 
  24.000000       -0.5660739235       -0.0598833465       -0.8566879448 
  24.200000       -0.5660711759       -0.0598811254       -0.8566816483 
  24.400000       -0.5660687836       -0.0598762503       -0.8566748766 
  24.600000       -0.5660667643       -0.0598694140       -0.8566678980 
  24.800000       -0.5660651387       -0.0598613586       -0.8566609763 
  25.000000       -0.5660639307       -0.0598528271       -0.8566543608 
  25.200000       -0.5660631653       -0.0598445222       -0.8566482784 
  25.400000       -0.5660628662       -0.0598370754       -0.8566429283 
  25.600000       -0.5660630512       -0.0598310284       -0.8566384769 
  25.800000       -0.5660637266       -0.0598268272       -0.8566350529 
  26.000000       -0.5660648817       -0.0598248280       -0.8566327398 
  26.200000       -0.5660664838       -0.0598253083       -0.8566315692 
  26.400000       -0.5660684758       -0.0598284819       -0.8566315162 
  26.600000       -0.5660707759       -0.0598345091       -0.8566324964 
  26.800000       -0.5660732830       -0.0598435016       -0.8566343702 
  27.000000       -0.5660758836       -0.0598555181       -0.8566369505 
  27.200000       -0.5660784626       -0.0598705513       -0.8566400164 
  27.400000       -0.5660809136       -0.0598885117       -0.8566433289 
  27.600000       -0.5660831462       -0.0599092199       -0.8566466464 
  27.800000       -0.5660851005       -0.0599323705       -0.8566497446 
  28.000000       -0.5660867524       -0.0599575254       -0.8566524287 
  28.200000       -0.5660881099       -0.0599841447       -0.8566545386 
  28.400000       -0.5660892161       -0.0600115934       -0.8566559553 
  28.600000       -0.5660901475       -0.0600391725       -0.8566566033 
  28.800000       -0.5660910085       -0.0600661584       -0.8566564497 
  29.000000       -0.5660919267       -0.0600918487       -0.8566555010 
  29.200000       -0.5660930452       -0.0601155986       -0.8566537950 
  29.400000       -0.5660945140       -0.0601368790       -0.8566514017 
  29.600000       -0.5660964824       -0.0601553087       -0.8566484151 
  29.800000       -0.5660990877       -0.0601706551       -0.8566449377 
  30.000000       -0.5661024463       -0.0601828474       -0.8566410751 
  30.200000       -0.5661066443       -0.0601919696       -0.8566369293 
  30.400000       -0.5661117289       -0.0601982427       -0.8566325932 
  30.600000       -0.5661177027       -0.0602020005       -0.8566281498 
  30.800000       -0.5661245186       -0.0602036636       -0.8566236726 
  31.000000       -0.5661320793       -0.0602037153       -0.8566192299 
  31.200000       -0.5661402405       -0.0602026801       -0.8566148886 
  31.400000       -0.5661488192       -0.0602011052       -0.8566107185 
  31.600000       -0.5661576056       -0.0601995429       -0.8566067931 
  31.800000       -0.5661663790       -0.0601985330       -0.8566031887 
  32.000000       -0.5661749240       -0.0601985817       -0.8565999808 
  32.200000       -0.5661830473       -0.0602001378       -0.8565972381 
  32.400000       -0.5661905902       -0.0602035671       -0.8565950173 
  32.600000       -0.5661974371       -0.0602091295       -0.8565933578 
  32.800000       -0.5662035189       -0.0602169587       -0.8565922796 
  33.000000       -0.5662088112       -0.0602270520       -0.8565917824 
  33.200000       -0.5662133287       -0.0602392705       -0.8565918466 
  33.400000       -0.5662171159       -0.0602533578       -0.8565924369 
  33.600000       -0.5662202425       -0.0602689458       -0.8565935041 
  33.800000       -0.5662227938       -0.0602855845       -0.8565949885 
  34.000000       -0.5662248587       -0.0603027937       -0.8565968212 
  34.200000       -0.5662265215       -0.0603200908       -0.8565989246 
  34.400000       -0.5662278544       -0.0603370262       -0.8566012131 
  34.600000       -0.5662289091       -0.0603532111       -0.8566035932 
  34.800000       -0.5662297119       -0.0603683387       -0.8566059651 
  35.000000       -0.5662302613       -0.0603821928       -0.8566082245 
  35.200000       -0.5662305307       -0.0603946477       -0.8566102670 
  35.400000       -0.5662304746       -0.0604056549       -0.8566119938 
  35.600000       -0.5662300403       -0.0604152231       -0.8566133195 
  35.800000       -0.5662291795       -0.0604233955       -0.8566141804 
  36.000000       -0.5662278598       -0.0604302268       -0.8566145427 
  36.200000       -0.5662260737       -0.0604357675       -0.8566144097 
  36.400000       -0.5662238417       -0.0604400565       -0.8566138252 
  36.600000       -0.5662212123       -0.0604431265       -0.8566128726 
  36.800000       -0.5662182562       -0.0604450143       -0.8566116707 
  37.000000       -0.5662150608       -0.0604457798       -0.8566103624 
  37.200000       -0.5662117218       -0.0604455235       -0.8566091022 
  37.400000       -0.5662083381       -0.0604443988       -0.8566080420 
  37.600000       -0.5662050059       -0.0604426170       -0.8566073171 
  37.800000       -0.5662018144       -0.0604404422       -0.8566070360 
  38.000000       -0.5661988419       -0.0604381763       -0.8566072752 
  38.200000       -0.5661961510       -0.0604361375       -0.8566080769 
  38.400000       -0.5661937837       -0.0604346348       -0.8566094525 
  38.600000       -0.5661917563       -0.0604339426       -0.8566113879 
  38.800000       -0.5661900577       -0.0604342778       -0.8566138490 
  39.000000       -0.5661886487       -0.0604357820       -0.8566167879 
  39.200000       -0.5661874671       -0.0604385107       -0.8566201464 
  39.400000       -0.5661864354       -0.0604424295       -0.8566238589 
  39.600000       -0.5661854706       -0.0604474178       -0.8566278530 
  39.800000       -0.5661844958       -0.0604532780       -0.8566320505 
  40.000000       -0.5661834491       -0.0604597515       -0.8566363669 
  40.200000       -0.5661822905       -0.0604665364       -0.8566407125 
  40.400000       -0.5661810050       -0.0604733059       -0.8566449927 
  40.600000       -0.5661796021       -0.0604797273       -0.8566491102 
  40.800000       -0.5661781116       -0.0604854769       -0.8566529664 
  41.000000       -0.5661765797       -0.0604902530       -0.8566564658 
  41.200000       -0.5661750615       -0.0604937867       -0.8566595204 
  41.400000       -0.5661736165       -0.0604958440       -0.8566620542 
  41.600000       -0.5661723016       -0.0604962522       -0.8566640162 
  41.800000       -0.5661711674       -0.0604949118       -0.8566653885 
  42.000000       -0.5661702539       -0.0604917908       -0.8566661880 
  42.200000       -0.5661695871       -0.0604869439       -0.8566664723 
  42.400000       -0.5661691786       -0.0604805171       -0.8566663376 
  42.600000       -0.5661690239       -0.0604727465       -0.8566659129 
  42.800000       -0.5661691053       -0.0604639472       -0.8566653472 
  43.000000       -0.5661693933       -0.0604544929       -0.8566647955 
  43.200000       -0.5661698508       -0.0604447883       -0.8566644025 
  43.400000       -0.5661704366       -0.0604352354       -0.8566642899 
  43.600000       -0.5661711091       -0.0604262008       -0.8566645473 
  43.800000       -0.5661718291       -0.0604179861       -0.8566652279 
  44.000000       -0.5661725607       -0.0604108069       -0.8566663503 
  44.200000       -0.5661732723       -0.0604047800       -0.8566679032 
  44.400000       -0.5661739343       -0.0603999230       -0.8566698519 
  44.600000       -0.5661745177       -0.0603961638       -0.8566721448 
  44.800000       -0.5661749912       -0.0603933571       -0.8566747179 
  45.000000       -0.5661753183       -0.0603913077       -0.8566774976 
  45.200000       -0.5661754564       -0.0603897979       -0.8566804021 
  45.400000       -0.5661753564       -0.0603886091       -0.8566833395 
  45.600000       -0.5661749629       -0.0603875437       -0.8566862055 
  45.800000       -0.5661742184       -0.0603864429       -0.8566888872 
  46.000000       -0.5661730683       -0.0603851908       -0.8566912661 
  46.200000       -0.5661714643       -0.0603837151       -0.8566932213 
  46.400000       -0.5661693685       -0.0603819783       -0.8566946359 
  46.600000       -0.5661667548       -0.0603799655       -0.8566954051 
  46.800000       -0.5661636097       -0.0603776699       -0.8566954444 
  47.000000       -0.5661599310       -0.0603750809       -0.8566946976 
  47.200000       -0.5661557265       -0.0603721746       -0.8566931446 
  47.400000       -0.5661510135       -0.0603689112       -0.8566908056 
  47.600000       -0.5661458192       -0.0603652367       -0.8566877432 
  47.800000       -0.5661401837       -0.0603610896       -0.8566840595 
  48.000000       -0.5661341600       -0.0603564090       -0.8566798877 
  48.200000       -0.5661278203       -0.0603511415       -0.8566753844 
  48.400000       -0.5661212568       -0.0603452482       -0.8566707162 
  48.600000       -0.5661145755       -0.0603387117       -0.8566660432 
  48.800000       -0.5661078941       -0.0603315376       -0.8566615085 
  49.000000       -0.5661013344       -0.0603237570       -0.8566572292 
  49.200000       -0.5660950148       -0.0603154276       -0.8566532916 
  49.400000       -0.5660890450       -0.0603066307       -0.8566497543 
  49.600000       -0.5660835153       -0.0602974831       -0.8566466460 
  49.800000       -0.5660784928       -0.0602881391       -0.8566439716 
  50.000000       -0.5660740228       -0.0602787813       -0.8566417259 
  50.200000       -0.5660701251       -0.0602696230       -0.8566398968 
  50.400000       -0.5660667946       -0.0602609039       -0.8566384712 
  50.600000       -0.5660640024       -0.0602528798       -0.8566374380 
  50.800000       -0.5660616982       -0.0602458131       -0.8566367895 
  51.000000       -0.5660598175       -0.0602399432       -0.8566365200 
  51.200000       -0.5660582887       -0.0602354634       -0.8566366234 
  51.400000       -0.5660570432       -0.0602325078       -0.8566370904 
  51.600000       -0.5660560250       -0.0602311239       -0.8566379034 
  51.800000       -0.5660551994       -0.0602312559       -0.8566390334 
  52.000000       -0.5660545582       -0.0602327380       -0.8566404361 
  52.200000       -0.5660541182       -0.0602352980       -0.8566420514 
  52.400000       -0.5660539160       -0.0602385736       -0.8566438044 
  52.600000       -0.5660539986       -0.0602421427       -0.8566456090 
  52.800000       -0.5660544125       -0.0602455607       -0.8566473740 
  53.000000       -0.5660551930       -0.0602484037       -0.8566490109 
  53.200000       -0.5660563571       -0.0602503113       -0.8566504408 
  53.400000       -0.5660578992       -0.0602510219       -0.8566516004 
  53.600000       -0.5660597915       -0.0602503984       -0.8566524453 
  53.800000       -0.5660619854       -0.0602484392       -0.8566529512 
  54.000000       -0.5660644154       -0.0602452749       -0.8566531120 
  54.200000       -0.5660670036       -0.0602411499       -0.8566529364 
  54.400000       -0.5660696635       -0.0602363952       -0.8566524445 
  54.600000       -0.5660723049       -0.0602313898       -0.8566516636 
  54.800000       -0.5660748389       -0.0602265275       -0.8566506271 
  55.000000       -0.5660771872       -0.0602221814       -0.8566493756 
  55.200000       -0.5660792913       -0.0602186629       -0.8566479554 
  55.400000       -0.5660811176       -0.0602162024       -0.8566464173 
  55.600000       -0.5660826586       -0.0602149434       -0.8566448128 
  55.800000       -0.5660839354       -0.0602149366       -0.8566431932 
  56.000000       -0.5660849956       -0.0602161477       -0.8566416052 
  56.200000       -0.5660859069       -0.0602184716       -0.8566400870 
  56.400000       -0.5660867490       -0.0602217531       -0.8566386651 
  56.600000       -0.5660876063       -0.0602258074       -0.8566373524 
  56.800000       -0.5660885605       -0.0602304411       -0.8566361484 
  57.000000       -0.5660896857       -0.0602354695       -0.8566350405 
  57.200000       -0.5660910425       -0.0602407295       -0.8566340079 
  57.400000       -0.5660926751       -0.0602460874       -0.8566330243 
  57.600000       -0.5660946042       -0.0602514432       -0.8566320627 
  57.800000       -0.5660968231       -0.0602567309       -0.8566310973 
  58.000000       -0.5660992915       -0.0602619161       -0.8566301057 
  58.200000       -0.5661019328       -0.0602669924       -0.8566290703 
  58.400000       -0.5661046352       -0.0602719759       -0.8566279777 
  58.600000       -0.5661072584       -0.0602768972       -0.8566268193 
  58.800000       -0.5661096435       -0.0602817943       -0.8566255904 
  59.000000       -0.5661116280       -0.0602867020       -0.8566242893 
  59.200000       -0.5661130616       -0.0602916393       -0.8566229197 
  59.400000       -0.5661138193       -0.0602965986       -0.8566214894 
  59.600000       -0.5661138125       -0.0603015369       -0.8566200129 
  59.800000       -0.5661129950       -0.0603063694       -0.8566185112 
  60.000000       -0.5661113644       -0.0603109698       -0.8566170141 
  60.200000       -0.5661089600       -0.0603151764       -0.8566155603 
  60.400000       -0.5661058589       -0.0603188033       -0.8566141974 
  60.600000       -0.5661021695       -0.0603216587       -0.8566129817 
  60.800000       -0.5660980228       -0.0603235647       -0.8566119751 
  61.000000       -0.5660935637       -0.0603243782       -0.8566112424 
  61.200000       -0.5660889397       -0.0603240093       -0.8566108461 
  61.400000       -0.5660842890       -0.0603224348       -0.8566108419 
  61.600000       -0.5660797300       -0.0603197047       -0.8566112725 
  61.800000       -0.5660753539       -0.0603159415       -0.8566121637 
  62.000000       -0.5660712212       -0.0603113317       -0.8566135201 
  62.200000       -0.5660673638       -0.0603061103       -0.8566153233 
  62.400000       -0.5660637919       -0.0603005409       -0.8566175331 
  62.600000       -0.5660605043       -0.0602948928       -0.8566200886 
  62.800000       -0.5660574991       -0.0602894202       -0.8566229153 
  63.000000       -0.5660547804       -0.0602843347       -0.8566259263 
  63.200000       -0.5660523618       -0.0602797873       -0.8566290291 
  63.400000       -0.5660502687       -0.0602758645       -0.8566321332 
  63.600000       -0.5660485332       -0.0602725804       -0.8566351531 
  63.800000       -0.5660471893       -0.0602698797       -0.8566380098 
  64.000000       -0.5660462683       -0.0602676478       -0.8566406322 
  64.200000       -0.5660457949       -0.0602657270       -0.8566429557 
  64.400000       -0.5660457873       -0.0602639311       -0.8566449221 
  64.600000       -0.5660462557       -0.0602620651       -0.8566464798 
  64.800000       -0.5660472022       -0.0602599460       -0.8566475832 
  65.000000       -0.5660486182       -0.0602574173       -0.8566481964 
  65.200000       -0.5660504828       -0.0602543609       -0.8566482980 
  65.400000       -0.5660527592       -0.0602507058       -0.8566478853 
  65.600000       -0.5660553936       -0.0602464329       -0.8566469813 
  65.800000       -0.5660583149       -0.0602415771       -0.8566456369 
  66.000000       -0.5660614392       -0.0602362249       -0.8566439323 
  66.200000       -0.5660646751       -0.0602305103       -0.8566419750 
  66.400000       -0.5660679313       -0.0602246043       -0.8566398932 
  66.600000       -0.5660711236       -0.0602187015       -0.8566378273 
  66.800000       -0.5660741792       -0.0602130056       -0.8566359200 
  67.000000       -0.5660770417       -0.0602077033       -0.8566343032 
  67.200000       -0.5660796713       -0.0602029447       -0.8566330872 
  67.400000       -0.5660820439       -0.0601988314       -0.8566323546 
  67.600000       -0.5660841516       -0.0601954025       -0.8566321543 
  67.800000       -0.5660860035       -0.0601926307       -0.8566324996 
  68.000000       -0.5660876267       -0.0601904309       -0.8566333731 
  68.200000       -0.5660890695       -0.0601886653       -0.8566347275 
  68.400000       -0.5660904014       -0.0601871638       -0.8566364943 
  68.600000       -0.5660917066       -0.0601857536       -0.8566385978 
  68.800000       -0.5660930782       -0.0601842792       -0.8566409622 
  69.000000       -0.5660946090       -0.0601826232       -0.8566435202 
  69.200000       -0.5660963808       -0.0601807215       -0.8566462174 
  69.400000       -0.5660984554       -0.0601785721       -0.8566490142 
  69.600000       -0.5661008680       -0.0601762347       -0.8566518838 
  69.800000       -0.5661036267       -0.0601738204       -0.8566548058 
  70.000000       -0.5661067116       -0.0601714808       -0.8566577616 
  70.200000       -0.5661100798       -0.0601693855       -0.8566607277 
  70.400000       -0.5661136747       -0.0601676921       -0.8566636692 
  70.600000       -0.5661174314       -0.0601665215       -0.8566665386 
  70.800000       -0.5661212817       -0.0601659375       -0.8566692779 
  71.000000       -0.5661251579       -0.0601659320       -0.8566718219 
  71.200000       -0.5661289941       -0.0601664219       -0.8566741054 
  71.400000       -0.5661327284       -0.0601672560       -0.8566760695 
  71.600000       -0.5661363033       -0.0601682330       -0.8566776674 
  71.800000       -0.5661396669       -0.0601691250       -0.8566788686 
  72.000000       -0.5661427739       -0.0601697046       -0.8566796604 
  72.200000       -0.5661455876       -0.0601697676       -0.8566800473 
  72.400000       -0.5661480801       -0.0601691556       -0.8566800497 
  72.600000       -0.5661502322       -0.0601677667       -0.8566797012 
  72.800000       -0.5661520333       -0.0601655557       -0.8566790448 
  73.000000       -0.5661534795       -0.0601625328       -0.8566781300 
  73.200000       -0.5661545718       -0.0601587554       -0.8566770108 
  73.400000       -0.5661553147       -0.0601543184       -0.8566757434 
  73.600000       -0.5661557151       -0.0601493438       -0.8566743849 
  73.800000       -0.5661557827       -0.0601439707       -0.8566729917 
  74.000000       -0.5661555305       -0.0601383455       -0.8566716191 
  74.200000       -0.5661549757       -0.0601326125       -0.8566703206 
  74.400000       -0.5661541392       -0.0601269095       -0.8566691471 
  74.600000       -0.5661530484       -0.0601213569       -0.8566681477 
  74.800000       -0.5661517412       -0.0601160418       -0.8566673687 
  75.000000       -0.5661502614       -0.0601110216       -0.8566668502 
  75.200000       -0.5661486543       -0.0601063282       -0.8566666236 
  75.400000       -0.5661469681       -0.0601019634       -0.8566667080 
  75.600000       -0.5661452517       -0.0600979038       -0.8566671057 
  75.800000       -0.5661435544       -0.0600941056       -0.8566678012 
  76.000000       -0.5661419262       -0.0600905076       -0.8566687578 
  76.200000       -0.5661404151       -0.0600870372       -0.8566699165 
  76.400000       -0.5661390654       -0.0600836242       -0.8566712016 
  76.600000       -0.5661379153       -0.0600802095       -0.8566725297 
  76.800000       -0.5661369963       -0.0600767525       -0.8566738205 
  77.000000       -0.5661363253       -0.0600732447       -0.8566750033 
  77.200000       -0.5661358988       -0.0600697191       -0.8566760235 
  77.400000       -0.5661356893       -0.0600662537       -0.8566768457 
  77.600000       -0.5661356426       -0.0600629754       -0.8566774541 
  77.800000       -0.5661356778       -0.0600600546       -0.8566778521 
  78.000000       -0.5661356980       -0.0600576830       -0.8566780545 
  78.200000       -0.5661355994       -0.0600560522       -0.8566780817 
  78.400000       -0.5661352827       -0.0600553283       -0.8566779543 
  78.600000       -0.5661346648       -0.0600556298       -0.8566776902 
  78.800000       -0.5661336836       -0.0600570133       -0.8566773021 
  79.000000       -0.5661323073       -0.0600594548       -0.8566767985 
  79.200000       -0.5661305336       -0.0600628513       -0.8566761842 
  79.400000       -0.5661283804       -0.0600670400       -0.8566754611 
  79.600000       -0.5661258834       -0.0600718141       -0.8566746293 
  79.800000       -0.5661230889       -0.0600769458       -0.8566736891 
  80.000000       -0.5661200490       -0.0600822100       -0.8566726412 
  80.200000       -0.5661168171       -0.0600874092       -0.8566714886 
  80.400000       -0.5661134422       -0.0600923997       -0.8566702383 
  80.600000       -0.5661099656       -0.0600970992       -0.8566689036 
  80.800000       -0.5661064197       -0.0601014865       -0.8566675046 
  81.000000       -0.5661028238       -0.0601056024       -0.8566660697 
  81.200000       -0.5660991826       -0.0601095391       -0.8566646340 
  81.400000       -0.5660954882       -0.0601134250       -0.8566632366 
  81.600000       -0.5660917233       -0.0601174094       -0.8566619169 
  81.800000       -0.5660878684       -0.0601216439       -0.8566607104 
  82.000000       -0.5660839121       -0.0601262616       -0.8566596442 
  82.200000       -0.5660798583       -0.0601313637       -0.8566587352 
  82.400000       -0.5660757317       -0.0601370094       -0.8566579898 
  82.600000       -0.5660715789       -0.0601432102       -0.8566574044 
  82.800000       -0.5660674642       -0.0601499284       -0.8566569678 
  83.000000       -0.5660634627       -0.0601570798       -0.8566566633 
  83.200000       -0.5660596507       -0.0601645410       -0.8566564696 
  83.400000       -0.5660560984       -0.0601721588       -0.8566563612 
  83.600000       -0.5660528634       -0.0601797618       -0.8566563077 
  83.800000       -0.5660499883       -0.0601871749       -0.8566562737 
  84.000000       -0.5660475017       -0.0601942293       -0.8566562186 
  84.200000       -0.5660454150       -0.0602007845       -0.8566560998 
  84.400000       -0.5660437215       -0.0602067408       -0.8566558767 
  84.600000       -0.5660424007       -0.0602120411       -0.8566555145 
  84.800000       -0.5660414131       -0.0602166821       -0.8566549896 
  85.000000       -0.5660406993       -0.0602207153       -0.8566542932 
  85.200000       -0.5660401797       -0.0602242453       -0.8566534319 
  85.400000       -0.5660397585       -0.0602274205       -0.8566524271 
  85.600000       -0.5660393277       -0.0602304257       -0.8566513114 
  85.800000       -0.5660387778       -0.0602334640       -0.8566501248 
  86.000000       -0.5660380083       -0.0602367360       -0.8566489105 
  86.200000       -0.5660369373       -0.0602404197       -0.8566477127 
  86.400000       -0.5660355080       -0.0602446500       -0.8566465752 
  86.600000       -0.5660336936       -0.0602495007       -0.8566455410 
  86.800000       -0.5660314979       -0.0602549729       -0.8566446521 
  87.000000       -0.5660289545       -0.0602609933       -0.8566439488 
  87.200000       -0.5660261228       -0.0602674221       -0.8566434671 
  87.400000       -0.5660230845       -0.0602740723       -0.8566432364 
  87.600000       -0.5660199374       -0.0602807366       -0.8566432760 
  87.800000       -0.5660167889       -0.0602872184       -0.8566435930 
  88.000000       -0.5660137481       -0.0602933624       -0.8566441813 
  88.200000       -0.5660109163       -0.0602990787       -0.8566450238 
  88.400000       -0.5660083778       -0.0603043562       -0.8566460954 
  88.600000       -0.5660061917       -0.0603092653       -0.8566473668 
  88.800000       -0.5660043863       -0.0603139480       -0.8566488087 
  89.000000       -0.5660029579       -0.0603185995       -0.8566503936 
  89.200000       -0.5660018730       -0.0603234431       -0.8566520962 
  89.400000       -0.5660010768       -0.0603287042       -0.8566538926 
  89.600000       -0.5660004988       -0.0603345851       -0.8566557571 
  89.800000       -0.5660000590       -0.0603412375       -0.8566576579 
  90.000000       -0.5659996813       -0.0603487462       -0.8566595569 
  90.200000       -0.5659993004       -0.0603571234       -0.8566614105 
  90.400000       -0.5659988653       -0.0603663017       -0.8566631692 
  90.600000       -0.5659983417       -0.0603761375       -0.8566647790 
  90.800000       -0.5659977124       -0.0603864201       -0.8566661828 
  91.000000       -0.5659969745       -0.0603968942       -0.8566673212 
  91.200000       -0.5659961410       -0.0604072723       -0.8566681352 
  91.400000       -0.5659952371       -0.0604172593       -0.8566685687 
  91.600000       -0.5659942914       -0.0604265853       -0.8566685706 
  91.800000       -0.5659933330       -0.0604350223       -0.8566680999 
  92.000000       -0.5659923869       -0.0604423994       -0.8566671324 
  92.200000       -0.5659914696       -0.0604486123       -0.8566656667 
  92.400000       -0.5659905884       -0.0604536261       -0.8566637287 
  92.600000       -0.5659897404       -0.0604574718       -0.8566613747 
  92.800000       -0.5659889138       -0.0604602411       -0.8566586883 
  93.000000       -0.5659880908       -0.0604620770       -0.8566557753 
  93.200000       -0.5659872480       -0.0604631634       -0.8566527538 
  93.400000       -0.5659863599       -0.0604637117       -0.8566497445 
  93.600000       -0.5659853963       -0.0604639483       -0.8566468575 
  93.800000       -0.5659843236       -0.0604640973       -0.8566441844 
  94.000000       -0.5659831077       -0.0604643605       -0.8566417941 
  94.200000       -0.5659817152       -0.0604649008       -0.8566397307 
  94.400000       -0.5659801176       -0.0604658252       -0.8566380149 
  94.600000       -0.5659782950       -0.0604671755       -0.8566366473 
  94.800000       -0.5659762392       -0.0604689302       -0.8566356153 
  95.000000       -0.5659739570       -0.0604710052       -0.8566348948 
  95.200000       -0.5659714719       -0.0604732639       -0.8566344506 
  95.400000       -0.5659688199       -0.0604755483       -0.8566342438 
  95.600000       -0.5659660441       -0.0604777056       -0.8566342364 
  95.800000       -0.5659631915       -0.0604796112       -0.8566343917 
  96.000000       -0.5659603108       -0.0604811892       -0.8566346767 
  96.200000       -0.5659574501       -0.0604824257       -0.8566350639 
  96.400000       -0.5659546577       -0.0604833736       -0.8566355331 
  96.600000       -0.5659519818       -0.0604841475       -0.8566360707 
  96.800000       -0.5659494707       -0.0604849099       -0.8566366694 
  97.000000       -0.5659471727       -0.0604858512       -0.8566373262 
  97.200000       -0.5659451332       -0.0604871642       -0.8566380398 
  97.400000       -0.5659433934       -0.0604890180       -0.8566388088 
  97.600000       -0.5659419891       -0.0604915373       -0.8566396306 
  97.800000       -0.5659409503       -0.0604947804       -0.8566405006 
  98.000000       -0.5659403031       -0.0604987179       -0.8566414101 
  98.200000       -0.5659400730       -0.0605032388       -0.8566423478 
  98.400000       -0.5659402871       -0.0605081620       -0.8566432998 
  98.600000       -0.5659409752       -0.0605132487       -0.8566442477 
  98.800000       -0.5659421673       -0.0605182252       -0.8566451674 
  99.000000       -0.5659438885       -0.0605228064       -0.8566460259 
  99.200000       -0.5659461490       -0.0605267229       -0.8566467796 
  99.400000       -0.5659489411       -0.0605297448       -0.8566473768 
  99.600000       -0.5659522363       -0.0605316956       -0.8566477619 
  99.800000       -0.5659559839       -0.0605324633       -0.8566478817 
  100.000000       -0.5659601151       -0.0605320019       -0.8566476937 
  100.200000       -0.5659645471       -0.0605303291       -0.8566471754 
  100.400000       -0.5659691906       -0.0605275180       -0.8566463320 
  100.600000       -0.5659739557       -0.0605236860       -0.8566451997 
  100.800000       -0.5659787555       -0.0605189830       -0.8566438458 
  101.000000       -0.5659835104       -0.0605135779       -0.8566423635 
  101.200000       -0.5659881477       -0.0605076490       -0.8566408614 
  101.400000       -0.5659926066       -0.0605013716       -0.8566394536 
  101.600000       -0.5659968437       -0.0604948983       -0.8566382447 
  101.800000       -0.5660008348       -0.0604883540       -0.8566373195 
  102.000000       -0.5660045742       -0.0604818341       -0.8566367360 
  102.200000       -0.5660080779       -0.0604753939       -0.8566365199 
  102.400000       -0.5660113792       -0.0604690461       -0.8566366654 
  102.600000       -0.5660145242       -0.0604627612       -0.8566371373 
  102.800000       -0.5660175632       -0.0604564736       -0.8566378766 
  103.000000       -0.5660205430       -0.0604500902       -0.8566388087 
  103.200000       -0.5660234998       -0.0604435033       -0.8566398486 
  103.400000       -0.5660264564       -0.0604366118       -0.8566409068 
  103.600000       -0.5660294214       -0.0604293374       -0.8566418995 
  103.800000       -0.5660323949       -0.0604216366       -0.8566427546 
  104.000000       -0.5660353707       -0.0604135146       -0.8566434168 
  104.200000       -0.5660383417       -0.0604050324       -0.8566438500 
  104.400000       -0.5660413022       -0.0603963055       -0.8566440382 
  104.600000       -0.5660442493       -0.0603874962       -0.8566439855 
  104.800000       -0.5660471840       -0.0603787971       -0.8566437117 
  105.000000       -0.5660501122       -0.0603704103       -0.8566432492 
  105.200000       -0.5660530462       -0.0603625216       -0.8566426374 
  105.400000       -0.5660560061       -0.0603552811       -0.8566419191 
  105.600000       -0.5660590221       -0.0603487772       -0.8566411375 
  105.800000       -0.5660621363       -0.0603430101       -0.8566403354 
  106.000000       -0.5660653985       -0.0603378960       -0.8566395530 
  106.200000       -0.5660688600       -0.0603332791       -0.8566388282 
  106.400000       -0.5660725674       -0.0603289410       -0.8566381956 
  106.600000       -0.5660765558       -0.0603246250       -0.8566376845 
  106.800000       -0.5660808447       -0.0603200651       -0.8566373168 
  107.000000       -0.5660854344       -0.0603150138       -0.8566371016 
  107.200000       -0.5660903051       -0.0603092709       -0.8566370309 
  107.400000       -0.5660954189       -0.0603027107       -0.8566370787 
  107.600000       -0.5661007269       -0.0602952904       -0.8566372046 
  107.800000       -0.5661061742       -0.0602870467       -0.8566373581 
  108.000000       -0.5661117008       -0.0602780926       -0.8566374856 
  108.200000       -0.5661172438       -0.0602685997       -0.8566375377 
  108.400000       -0.5661227370       -0.0602587870       -0.8566374780 
  108.600000       -0.5661281151       -0.0602489065       -0.8566372912 
  108.800000       -0.5661333181       -0.0602392120       -0.8566369842 
  109.000000       -0.5661382959       -0.0602299372       -0.8566365826 
  109.200000       -0.5661430157       -0.0602212795       -0.8566361288 
  109.400000       -0.5661474675       -0.0602133872       -0.8566356744 
  109.600000       -0.5661516682       -0.0602063470       -0.8566352735 
  109.800000       -0.5661556605       -0.0602001792       -0.8566349762 
  110.000000       -0.5661595095       -0.0601948373       -0.8566348234 
  110.200000       -0.5661632962       -0.0601902124       -0.8566348452 
  110.400000       -0.5661671101       -0.0601861437       -0.8566350595 
  110.600000       -0.5661710420       -0.0601824334       -0.8566354749 
  110.800000       -0.5661751774       -0.0601788586       -0.8566360924 
  111.000000       -0.5661795894       -0.0601751855       -0.8566369080 
  111.200000       -0.5661843306       -0.0601711959       -0.8566379164 
  111.400000       -0.5661894295       -0.0601667001       -0.8566391147 
  111.600000       -0.5661948880       -0.0601615471       -0.8566405039 
  111.800000       -0.5662006760       -0.0601556396       -0.8566420890 
  112.000000       -0.5662067295       -0.0601489427       -0.8566438775 
  112.200000       -0.5662129552       -0.0601414833       -0.8566458762 
  112.400000       -0.5662192354       -0.0601333556       -0.8566480874 
  112.600000       -0.5662254385       -0.0601247197       -0.8566505023 
  112.800000       -0.5662314347       -0.0601157743       -0.8566530988 
  113.000000       -0.5662371098       -0.0601067314       -0.8566558381 
  113.200000       -0.5662423746       -0.0600977940       -0.8566586662 
  113.400000       -0.5662471711       -0.0600891293       -0.8566615168 
  113.600000       -0.5662514708       -0.0600808520       -0.8566643177 
  113.800000       -0.5662552757       -0.0600730019       -0.8566669985 
  114.000000       -0.5662586109       -0.0600655413       -0.8566694976 
  114.200000       -0.5662615127       -0.0600583718       -0.8566717682 
  114.400000       -0.5662640232       -0.0600513473       -0.8566737809 
  114.600000       -0.5662661834       -0.0600442977       -0.8566755225 
  114.800000       -0.5662680294       -0.0600370530       -0.8566769914 
  115.000000       -0.5662695877       -0.0600294697       -0.8566781937 
  115.200000       -0.5662708713       -0.0600214565       -0.8566791406 
  115.400000       -0.5662718804       -0.0600129864       -0.8566798426 
  115.600000       -0.5662726050       -0.0600040979       -0.8566803081 
  115.800000       -0.5662730279       -0.0599948975       -0.8566805462 
  116.000000       -0.5662731293       -0.0599855500       -0.8566805704 
  116.200000       -0.5662728941       -0.0599762613       -0.8566804023 
  116.400000       -0.5662723168       -0.0599672606       -0.8566800762 
  116.600000       -0.5662714083       -0.0599587744       -0.8566796401 
  116.800000       -0.5662701982       -0.0599510008       -0.8566791537 
  117.000000       -0.5662687319       -0.0599440894       -0.8566786851 
  117.200000       -0.5662670691       -0.0599381261       -0.8566783048 
  117.400000       -0.5662652791       -0.0599331259       -0.8566780786 
  117.600000       -0.5662634353       -0.0599290390       -0.8566780621 
  117.800000       -0.5662616141       -0.0599257531       -0.8566782909 
  118.000000       -0.5662598965       -0.0599230971       -0.8566787691 
  118.200000       -0.5662583626       -0.0599208711       -0.8566794695 
  118.400000       -0.5662570888       -0.0599188688       -0.8566803329 
  118.600000       -0.5662561460       -0.0599168892       -0.8566812685 
  118.800000       -0.5662555956       -0.0599147515       -0.8566821591 
  119.000000       -0.5662554861       -0.0599123008       -0.8566828712 
  119.200000       -0.5662558431       -0.0599094289       -0.8566832712 
  119.400000       -0.5662566663       -0.0599060801       -0.8566832413 
  119.600000       -0.5662579325       -0.0599022448       -0.8566826925 
  119.800000       -0.5662595958       -0.0598979657       -0.8566815769 
  120.000000       -0.5662615910       -0.0598933353       -0.8566798931 
  120.200000       -0.5662638389       -0.0598884857       -0.8566776818 
  120.400000       -0.5662662512       -0.0598835825       -0.8566750211 
  120.600000       -0.5662687373       -0.0598788112       -0.8566720169 
  120.800000       -0.5662712113       -0.0598743541       -0.8566687833 
  121.000000       -0.5662735973       -0.0598703750       -0.8566654287 
  121.200000       -0.5662758378       -0.0598670025       -0.8566620480 
  121.400000       -0.5662778991       -0.0598643191       -0.8566587185 
  121.600000       -0.5662797737       -0.0598623592       -0.8566555022 
  121.800000       -0.5662814867       -0.0598610974       -0.8566524466 
  122.000000       -0.5662830903       -0.0598604558       -0.8566495896 
  122.200000       -0.5662846503       -0.0598603244       -0.8566469663 
  122.400000       -0.5662862353       -0.0598605720       -0.8566446103 
  122.600000       -0.5662879010       -0.0598610658       -0.8566425535 
  122.800000       -0.5662896798       -0.0598616878       -0.8566408261 
  123.000000       -0.5662915701       -0.0598623564       -0.8566394530 
  123.200000       -0.5662935352       -0.0598630380       -0.8566384526 
  123.400000       -0.5662955115       -0.0598637483       -0.8566378375 
  123.600000       -0.5662974180       -0.0598645528       -0.8566376138 
  123.800000       -0.5662991674       -0.0598655551       -0.8566377800 
  124.000000       -0.5663006785       -0.0598668827       -0.8566383263 
  124.200000       -0.5663018838       -0.0598686664       -0.8566392344 
  124.400000       -0.5663027334       -0.0598710196       -0.8566404737 
  124.600000       -0.5663031952       -0.0598740170       -0.8566420006 
  124.800000       -0.5663032567       -0.0598776741       -0.8566437581 
  125.000000       -0.5663029222       -0.0598819431       -0.8566456783 
  125.200000       -0.5663022108       -0.0598867169       -0.8566476871 
  125.400000       -0.5663011537       -0.0598918316       -0.8566497069 
  125.600000       -0.5662997904       -0.0598970825       -0.8566516615 
  125.800000       -0.5662981645       -0.0599022379       -0.8566534767 
  126.000000       -0.5662963200       -0.0599070576       -0.8566550837 
  126.200000       -0.5662942918       -0.0599113199       -0.8566564178 
  126.400000       -0.5662921010       -0.0599148427       -0.8566574186 
  126.600000       -0.5662897541       -0.0599174960       -0.8566580306 
  126.800000       -0.5662872458       -0.0599192124       -0.8566582074 
  127.000000       -0.5662845637       -0.0599199893       -0.8566579170 
  127.200000       -0.5662816962       -0.0599198859       -0.8566571484 
  127.400000       -0.5662786368       -0.0599190145       -0.8566559193 
  127.600000       -0.5662753874       -0.0599175279       -0.8566542798 
  127.800000       -0.5662719558       -0.0599156065       -0.8566523137 
  128.000000       -0.5662683513       -0.0599134436       -0.8566501345 
  128.200000       -0.5662645764       -0.0599112341       -0.8566478765 
  128.400000       -0.5662606232       -0.0599091619       -0.8566456840 
  128.600000       -0.5662564753       -0.0599073828       -0.8566436976 
  128.800000       -0.5662521075       -0.0599060187       -0.8566420412 
  129.000000       -0.5662474926       -0.0599051542       -0.8566408137 
  129.200000       -0.5662426104       -0.0599048289       -0.8566400823 
  129.400000       -0.5662374545       -0.0599050403       -0.8566398828 
  129.600000       -0.5662320385       -0.0599057417       -0.8566402187 
  129.800000       -0.5662263966       -0.0599068457       -0.8566410614 
  130.000000       -0.5662205780       -0.0599082450       -0.8566423606 
  130.200000       -0.5662146403       -0.0599098291       -0.8566440529 
  130.400000       -0.5662086428       -0.0599114987       -0.8566460666 
  130.600000       -0.5662026388       -0.0599131807       -0.8566483263 
  130.800000       -0.5661966719       -0.0599148356       -0.8566507574 
  131.000000       -0.5661907695       -0.0599164697       -0.8566532879 
  131.200000       -0.5661849365       -0.0599181455       -0.8566558503 
  131.400000       -0.5661791578       -0.0599199678       -0.8566583805 
  131.600000       -0.5661734012       -0.0599220681       -0.8566608165 
  131.800000       -0.5661676192       -0.0599245962       -0.8566630976 
  132.000000       -0.5661617561       -0.0599277015       -0.8566651651 
  132.200000       -0.5661557565       -0.0599315152       -0.8566669627 
  132.400000       -0.5661495776       -0.0599361311       -0.8566684399 
  132.600000       -0.5661431992       -0.0599415904       -0.8566695546 
  132.800000       -0.5661366319       -0.0599478703       -0.8566702772 
  133.000000       -0.5661299195       -0.0599548794       -0.8566705937 
  133.200000       -0.5661231365       -0.0599624619       -0.8566705075 
  133.400000       -0.5661163793       -0.0599704084       -0.8566700398 
  133.600000       -0.5661097547       -0.0599784732       -0.8566692274 
  133.800000       -0.5661033665       -0.0599863980       -0.8566681190 
  134.000000       -0.5660973062       -0.0599939329       -0.8566667708 
  134.200000       -0.5660916439       -0.0600008657       -0.8566652420 
  134.400000       -0.5660864247       -0.0600070399       -0.8566635891 
  134.600000       -0.5660816697       -0.0600123642       -0.8566618616 
  134.800000       -0.5660773779       -0.0600168223       -0.8566601009 
  135.000000       -0.5660735296       -0.0600204730       -0.8566583406 
  135.200000       -0.5660700922       -0.0600234389       -0.8566566075 
  135.400000       -0.5660670213       -0.0600259041       -0.8566549272 
  135.600000       -0.5660642654       -0.0600280966       -0.8566533269 
  135.800000       -0.5660617740       -0.0600302577       -0.8566518374 
  136.000000       -0.5660595015       -0.0600326256       -0.8566504938 
  136.200000       -0.5660574111       -0.0600354122       -0.8566493344 
  136.400000       -0.5660554778       -0.0600387853       -0.8566483963 
  136.600000       -0.5660536875       -0.0600428542       -0.8566477108 
  136.800000       -0.5660520359       -0.0600476601       -0.8566472980 
  137.000000       -0.5660505228       -0.0600531741       -0.8566471639 
  137.200000       -0.5660491486       -0.0600593011       -0.8566472985 
  137.400000       -0.5660479109       -0.0600658897       -0.8566476781 
  137.600000       -0.5660468033       -0.0600727487       -0.8566482695 
  137.800000       -0.5660458169       -0.0600796625       -0.8566490337 
  138.000000       -0.5660449405       -0.0600864111       -0.8566499296 
  138.200000       -0.5660441614       -0.0600927993       -0.8566509192 
  138.400000       -0.5660434652       -0.0600986752       -0.8566519692 
  138.600000       -0.5660428345       -0.0601039422       -0.8566530527 
  138.800000       -0.5660422444       -0.0601085722       -0.8566541474 
  139.000000       -0.5660416585       -0.0601126035       -0.8566552352 
  139.200000       -0.5660410260       -0.0601161405       -0.8566563017 
  139.400000       -0.5660402816       -0.0601193468       -0.8566573369 
  139.600000       -0.5660393538       -0.0601224142       -0.8566583334 
  139.800000       -0.5660381749       -0.0601255342       -0.8566592844 
  140.000000       -0.5660366906       -0.0601288767       -0.8566601827 
  140.200000       -0.5660348686       -0.0601325686       -0.8566610181 
  140.400000       -0.5660327049       -0.0601366778       -0.8566617752 
  140.600000       -0.5660302254       -0.0601412064       -0.8566624342 
  140.800000       -0.5660274835       -0.0601460901       -0.8566629718 
  141.000000       -0.5660245540       -0.0601512074       -0.8566633664 
  141.200000       -0.5660215269       -0.0601563924       -0.8566636031 
  141.400000       -0.5660184989       -0.0601614539       -0.8566636791 
  141.600000       -0.5660155667       -0.0601661948       -0.8566636062 
  141.800000       -0.5660128204       -0.0601704322       -0.8566634114 
  142.000000       -0.5660103367       -0.0601740170       -0.8566631347 
  142.200000       -0.5660081704       -0.0601768553       -0.8566628230 
  142.400000       -0.5660063494       -0.0601789144       -0.8566625230 
  142.600000       -0.5660048737       -0.0601802206       -0.8566622746 
  142.800000       -0.5660037144       -0.0601808574       -0.8566621106 
  143.000000       -0.5660028176       -0.0601809558       -0.8566620570 
  143.200000       -0.5660021137       -0.0601806757       -0.8566621368 
  143.400000       -0.5660015255       -0.0601801942       -0.8566623743 
  143.600000       -0.5660009776       -0.0601796902       -0.8566627939 
  143.800000       -0.5660004079       -0.0601793263       -0.8566634211 
  144.000000       -0.5659997751       -0.0601792394       -0.8566642776 
  144.200000       -0.5659990578       -0.0601795350       -0.8566653739 
  144.400000       -0.5659982530       -0.0601802819       -0.8566667018 
  144.600000       -0.5659973713       -0.0601815107       -0.8566682297 
  144.800000       -0.5659964313       -0.0601832125       -0.8566699020 
  145.000000       -0.5659954556       -0.0601853395       -0.8566716446 
  145.200000       -0.5659944685       -0.0601878094       -0.8566733734 
  145.400000       -0.5659934954       -0.0601905123       -0.8566750064 
  145.600000       -0.5659925632       -0.0601933219       -0.8566764738 
  145.800000       -0.5659917004       -0.0601961096       -0.8566777272 
  146.000000       -0.5659909364       -0.0601987658       -0.8566787483 
  146.200000       -0.5659902981       -0.0602012137       -0.8566795462 
  146.400000       -0.5659898083       -0.0602034167       -0.8566801520 
  146.600000       -0.5659894812       -0.0602053831       -0.8566806121 
  146.800000       -0.5659893194       -0.0602071733       -0.8566809840 
  147.000000       -0.5659893105       -0.0602089002       -0.8566813299 
  147.200000       -0.5659894292       -0.0602107143       -0.8566817082 
  147.400000       -0.5659896385       -0.0602127908       -0.8566821660 
  147.600000       -0.5659898950       -0.0602153100       -0.8566827336 
  147.800000       -0.5659901538       -0.0602184362       -0.8566834183 
  148.000000       -0.5659903740       -0.0602222983       -0.8566842036 
  148.200000       -0.5659905237       -0.0602269738       -0.8566850520 
  148.400000       -0.5659905844       -0.0602324707       -0.8566859074 
  148.600000       -0.5659905538       -0.0602387240       -0.8566867044 
  148.800000       -0.5659904464       -0.0602455890       -0.8566873755 
  149.000000       -0.5659902941       -0.0602528498       -0.8566878602 
  149.200000       -0.5659901396       -0.0602602450       -0.8566881165 
  149.400000       -0.5659900303       -0.0602675011       -0.8566881264 
  149.600000       -0.5659900101       -0.0602743669       -0.8566878977 
  149.800000       -0.5659901130       -0.0602806394       -0.8566874598 
  150.000000       -0.5659903569       -0.0602861850       -0.8566868551 
  150.200000       -0.5659907395       -0.0602909478       -0.8566861294 
  150.400000       -0.5659912382       -0.0602949483       -0.8566853225 
  150.600000       -0.5659918121       -0.0602982715       -0.8566844614 
  150.800000       -0.5659924069       -0.0603010486       -0.8566835581 
  151.000000       -0.5659929617       -0.0603034360       -0.8566826107 
  151.200000       -0.5659934172       -0.0603056001       -0.8566816117 
  151.400000       -0.5659937245       -0.0603077030       -0.8566805579 
  151.600000       -0.5659938540       -0.0603098849       -0.8566794563 
  151.800000       -0.5659938016       -0.0603122523       -0.8566783285 
  152.000000       -0.5659935924       -0.0603148720       -0.8566772124 
  152.200000       -0.5659932812       -0.0603177659       -0.8566761584 
  152.400000       -0.5659929476       -0.0603209155       -0.8566752234 
  152.600000       -0.5659926907       -0.0603242593       -0.8566744595 
  152.800000       -0.5659926193       -0.0603277045       -0.8566739051 
  153.000000       -0.5659928368       -0.0603311490       -0.8566735806 
  153.200000       -0.5659934335       -0.0603344949       -0.8566734846 
  153.400000       -0.5659944788       -0.0603376611       -0.8566735975 
  153.600000       -0.5659960182       -0.0603405925       -0.8566738828 
  153.800000       -0.5659980705       -0.0603432682       -0.8566742931 
  154.000000       -0.5660006327       -0.0603456962       -0.8566747776 
  154.200000       -0.5660036867       -0.0603479052       -0.8566752892 
  154.400000       -0.5660072039       -0.0603499377       -0.8566757856 
  154.600000       -0.5660111451       -0.0603518508       -0.8566762308 
  154.800000       -0.5660154607       -0.0603537175       -0.8566765960 
  155.000000       -0.5660200924       -0.0603556248       -0.8566768576 
  155.200000       -0.5660249744       -0.0603576721       -0.8566769958 
  155.400000       -0.5660300350       -0.0603599671       -0.8566769920 
  155.600000       -0.5660352027       -0.0603626134       -0.8566768279 
  155.800000       -0.5660404100       -0.0603656996       -0.8566764814 
  156.000000       -0.5660455986       -0.0603692862       -0.8566759238 
  156.200000       -0.5660507227       -0.0603733934       -0.8566751194 
  156.400000       -0.5660557538       -0.0603779894       -0.8566740262 
  156.600000       -0.5660606817       -0.0603829870       -0.8566725998 
  156.800000       -0.5660655107       -0.0603882569       -0.8566707989 
  157.000000       -0.5660702547       -0.0603936459       -0.8566685937 
  157.200000       -0.5660749314       -0.0603989984       -0.8566659731 
  157.400000       -0.5660795575       -0.0604041758       -0.8566629510 
  157.600000       -0.5660841455       -0.0604090758       -0.8566595686 
  157.800000       -0.5660886992       -0.0604136452       -0.8566558926 
  158.000000       -0.5660932115       -0.0604178878       -0.8566520074 
  158.200000       -0.5660976613       -0.0604218645       -0.8566480049 
  158.400000       -0.5661020103       -0.0604256874       -0.8566439741 
  158.600000       -0.5661062033       -0.0604295086       -0.8566399918 
  158.800000       -0.5661101691       -0.0604335017       -0.8566361183 
  159.000000       -0.5661138255       -0.0604378427       -0.8566323983 
  159.200000       -0.5661170866       -0.0604426849       -0.8566288650 
  159.400000       -0.5661198747       -0.0604481282       -0.8566255461 
  159.600000       -0.5661221303       -0.0604542056       -0.8566224712 
  159.800000       -0.5661238200       -0.0604608759       -0.8566196774 
  160.000000       -0.5661249429       -0.0604680200       -0.8566172088 
  160.200000       -0.5661255289       -0.0604754545       -0.8566151146 
  160.400000       -0.5661256367       -0.0604829457       -0.8566134438 
  160.600000       -0.5661253486       -0.0604902299       -0.8566122388 
  160.800000       -0.5661247591       -0.0604970456       -0.8566115288 
  161.000000       -0.5661239649       -0.0605031601       -0.8566113267 
  161.200000       -0.5661230544       -0.0605083895       -0.8566116274 
  161.400000       -0.5661221040       -0.0605126104       -0.8566124068 
  161.600000       -0.5661211737       -0.0605157657       -0.8566136222 
  161.800000       -0.5661203058       -0.0605178636       -0.8566152142 
  162.000000       -0.5661195241       -0.0605189723       -0.8566171099 
  162.200000       -0.5661188367       -0.0605192046       -0.8566192270 
  162.400000       -0.5661182346       -0.0605187147       -0.8566214775 
  162.600000       -0.5661176942       -0.0605176830       -0.8566237725 
  162.800000       -0.5661171854       -0.0605162923       -0.8566260292 
  163.000000       -0.5661166739       -0.0605147186       -0.8566281732 
  163.200000       -0.5661161251       -0.0605131209       -0.8566301393 
  163.400000       -0.5661155081       -0.0605116265       -0.8566318707 
  163.600000       -0.5661147981       -0.0605103289       -0.8566333158 
  163.800000       -0.5661139767       -0.0605092905       -0.8566344238 
  164.000000       -0.5661130311       -0.0605085398       -0.8566351425 
  164.200000       -0.5661119530       -0.0605080732       -0.8566354190 
  164.400000       -0.5661107360       -0.0605078593       -0.8566352008 
  164.600000       -0.5661093762       -0.0605078381       -0.8566344455 
  164.800000       -0.5661078747       -0.0605079243       -0.8566331318 
  165.000000       -0.5661062352       -0.0605080213       -0.8566312642 
  165.200000       -0.5661044648       -0.0605080326       -0.8566288756 
  165.400000       -0.5661025735       -0.0605078759       -0.8566260301 
  165.600000       -0.5661005740       -0.0605074990       -0.8566228188 
  165.800000       -0.5660984801       -0.0605068884       -0.8566193523 
  166.000000       -0.5660963042       -0.0605060817       -0.8566157523 
  166.200000       -0.5660940565       -0.0605051750       -0.8566121424 
  166.400000       -0.5660917451       -0.0605043053       -0.8566086381 
  166.600000       -0.5660893790       -0.0605036318       -0.8566053397 
  166.800000       -0.5660869698       -0.0605033202       -0.8566023310 
  167.000000       -0.5660845352       -0.0605035206       -0.8565996749 
  167.200000       -0.5660821014       -0.0605043454       -0.8565974102 
  167.400000       -0.5660797038       -0.0605058553       -0.8565955563 
  167.600000       -0.5660773858       -0.0605080553       -0.8565941176 
  167.800000       -0.5660751970       -0.0605108888       -0.8565930859 
  168.000000       -0.5660731915       -0.0605142402       -0.8565924447 
  168.200000       -0.5660714248       -0.0605179458       -0.8565921738 
  168.400000       -0.5660699510       -0.0605218022       -0.8565922525 
  168.600000       -0.5660688218       -0.0605255812       -0.8565926607 
  168.800000       -0.5660680805       -0.0605290553       -0.8565933790 
  169.000000       -0.5660677604       -0.0605320206       -0.8565943877 
  169.200000       -0.5660678811       -0.0605343162       -0.8565956637 
  169.400000       -0.5660684447       -0.0605358400       -0.8565971775 
  169.600000       -0.5660694320       -0.0605365565       -0.8565988928 
  169.800000       -0.5660708040       -0.0605364918       -0.8566007678 
  170.000000       -0.5660725003       -0.0605357310       -0.8566027600 
  170.200000       -0.5660744438       -0.0605344009       -0.8566048320 
  170.400000       -0.5660765497       -0.0605326411       -0.8566069572 
  170.600000       -0.5660787317       -0.0605305882       -0.8566091235 
  170.800000       -0.5660809078       -0.0605283611       -0.8566113341 
  171.000000       -0.5660830061       -0.0605260514       -0.8566136040 
  171.200000       -0.5660849665       -0.0605237195       -0.8566159521 
  171.400000       -0.5660867404       -0.0605213977       -0.8566183945 
  171.600000       -0.5660882906       -0.0605190923       -0.8566209346 
  171.800000       -0.5660895884       -0.0605167910       -0.8566235588 
  172.000000       -0.5660906139       -0.0605144630       -0.8566262333 
  172.200000       -0.5660913563       -0.0605120601       -0.8566289058 
  172.400000       -0.5660918123       -0.0605095245       -0.8566315117 
  172.600000       -0.5660919850       -0.0605067938       -0.8566339824 
  172.800000       -0.5660918819       -0.0605038094       -0.8566362532 
  173.000000       -0.5660915106       -0.0605005269       -0.8566382711 
  173.200000       -0.5660908759       -0.0604969216       -0.8566399995 
  173.400000       -0.5660899763       -0.0604929912       -0.8566414194 
  173.600000       -0.5660888032       -0.0604887595       -0.8566425279 
  173.800000       -0.5660873416       -0.0604842730       -0.8566433361 
  174.000000       -0.5660855735       -0.0604795978       -0.8566438633 
  174.200000       -0.5660834862       -0.0604748151       -0.8566441328 
  174.400000       -0.5660810774       -0.0604700096       -0.8566441661 
  174.600000       -0.5660783611       -0.0604652615       -0.8566439782 
  174.800000       -0.5660753714       -0.0604606413       -0.8566435760 
  175.000000       -0.5660721628       -0.0604562027       -0.8566429563 
  175.200000       -0.5660688082       -0.0604519777       -0.8566421079 
  175.400000       -0.5660653942       -0.0604479718       -0.8566410150 
  175.600000       -0.5660620158       -0.0604441618       -0.8566396616 
  175.800000       -0.5660587707       -0.0604404962       -0.8566380384 
  176.000000       -0.5660557537       -0.0604368985       -0.8566361478 
  176.200000       -0.5660530520       -0.0604332758       -0.8566340097 
  176.400000       -0.5660507410       -0.0604295295       -0.8566316612 
  176.600000       -0.5660488783       -0.0604255727       -0.8566291603 
  176.800000       -0.5660474992       -0.0604213450       -0.8566265828 
  177.000000       -0.5660466164       -0.0604168204       -0.8566240120 
  177.200000       -0.5660462171       -0.0604120171       -0.8566215338 
  177.400000       -0.5660462669       -0.0604069943       -0.8566192297 
  177.600000       -0.5660467121       -0.0604018513       -0.8566171721 
  177.800000       -0.5660474844       -0.0603967190       -0.8566154227 
  178.000000       -0.5660485106       -0.0603917423       -0.8566140309 
  178.200000       -0.5660497205       -0.0603870623       -0.8566130367 
  178.400000       -0.5660510524       -0.0603827985       -0.8566124716 
  178.600000       -0.5660524569       -0.0603790363       -0.8566123629 
  178.800000       -0.5660538963       -0.0603758190       -0.8566127370 
  179.000000       -0.5660553428       -0.0603731423       -0.8566136152 
  179.200000       -0.5660567748       -0.0603709566       -0.8566150125 
  179.400000       -0.5660581751       -0.0603691666       -0.8566169282 
  179.600000       -0.5660595305       -0.0603676333       -0.8566193346 
  179.800000       -0.5660608307       -0.0603661931       -0.8566221789 
  180.000000       -0.5660620679       -0.0603646741       -0.8566253858 
  180.200000       -0.5660632384       -0.0603629079       -0.8566288582 
  180.400000       -0.5660643422       -0.0603607440       -0.8566324833 
  180.600000       -0.5660653824       -0.0603580620       -0.8566361429 
  180.800000       -0.5660663620       -0.0603547816       -0.8566397231 
  181.000000       -0.5660672820       -0.0603508674       -0.8566431231 
  181.200000       -0.5660681389       -0.0603463306       -0.8566462626 
  181.400000       -0.5660689236       -0.0603412251       -0.8566490846 
  181.600000       -0.5660696219       -0.0603356398       -0.8566515559 
  181.800000       -0.5660702157       -0.0603296868       -0.8566536621 
  182.000000       -0.5660706860       -0.0603234891       -0.8566554047 
  182.200000       -0.5660710197       -0.0603171652       -0.8566567979 
  182.400000       -0.5660712108       -0.0603108140       -0.8566578594 
  182.600000       -0.5660712619       -0.0603045043       -0.8566586043 
  182.800000       -0.5660711885       -0.0602982667       -0.8566590443 
  183.000000       -0.5660710206       -0.0602920894       -0.8566591871 
  183.200000       -0.5660708023       -0.0602859224       -0.8566590387 
  183.400000       -0.5660705934       -0.0602796790       -0.8566586081 
  183.600000       -0.5660704685       -0.0602732430       -0.8566579139 
  183.800000       -0.5660705115       -0.0602664856       -0.8566569883 
  184.000000       -0.5660708066       -0.0602592816       -0.8566558819 
  184.200000       -0.5660714313       -0.0602515254       -0.8566546641 
  184.400000       -0.5660724432       -0.0602431526       -0.8566534206 
  184.600000       -0.5660738739       -0.0602341480       -0.8566522476 
  184.800000       -0.5660757244       -0.0602245501       -0.8566512422 
  185.000000       -0.5660779619       -0.0602144563       -0.8566504942 
  185.200000       -0.5660805210       -0.0602040184       -0.8566500764 
  185.400000       -0.5660833097       -0.0601934310       -0.8566500380 
  185.600000       -0.5660862186       -0.0601829143       -0.8566504013 
  185.800000       -0.5660891316       -0.0601726932       -0.8566511615 
  186.000000       -0.5660919370       -0.0601629787       -0.8566522912 
  186.200000       -0.5660945357       -0.0601539443       -0.8566537430 
  186.400000       -0.5660968481       -0.0601457129       -0.8566554547 
  186.600000       -0.5660988189       -0.0601383511       -0.8566573598 
  186.800000       -0.5661004171       -0.0601318665       -0.8566593897 
  187.000000       -0.5661016352       -0.0601262119       -0.8566614771 
  187.200000       -0.5661024829       -0.0601212980       -0.8566635573 
  187.400000       -0.5661029848       -0.0601170002       -0.8566655677 
  187.600000       -0.5661031788       -0.0601131652       -0.8566674485 
  187.800000       -0.5661031072       -0.0601096330       -0.8566691419 
  188.000000       -0.5661028109       -0.0601062528       -0.8566705914 
  188.200000       -0.5661023282       -0.0601028911       -0.8566717437 
  188.400000       -0.5661016936       -0.0600994420       -0.8566725532 
  188.600000       -0.5661009374       -0.0600958341       -0.8566729861 
  188.800000       -0.5661000869       -0.0600920346       -0.8566730272 
  189.000000       -0.5660991671       -0.0600880487       -0.8566726856 
  189.200000       -0.5660982032       -0.0600839157       -0.8566719982 
  189.400000       -0.5660972205       -0.0600797012       -0.8566710316 
  189.600000       -0.5660962459       -0.0600754859       -0.8566698778 
  189.800000       -0.5660953079       -0.0600713562       -0.8566686482 
  190.000000       -0.5660944352       -0.0600673910       -0.8566674618 
  190.200000       -0.5660936578       -0.0600636500       -0.8566664311 
  190.400000       -0.5660930059       -0.0600601670       -0.8566656504 
  190.600000       -0.5660925098       -0.0600569426       -0.8566651848 
  190.800000       -0.5660921999       -0.0600539410       -0.8566650654 
  191.000000       -0.5660921067       -0.0600510922       -0.8566652909 
  191.200000       -0.5660922604       -0.0600482916       -0.8566658304 
  191.400000       -0.5660926897       -0.0600454057       -0.8566666297 
  191.600000       -0.5660934202       -0.0600422857       -0.8566676259 
  191.800000       -0.5660944733       -0.0600387839       -0.8566687583 
  192.000000       -0.5660958613       -0.0600347738       -0.8566699781 
  192.200000       -0.5660975855       -0.0600301657       -0.8566712522 
  192.400000       -0.5660996333       -0.0600249189       -0.8566725641 
  192.600000       -0.5661019733       -0.0600190540       -0.8566739083 
  192.800000       -0.5661045531       -0.0600126574       -0.8566752834 
  193.000000       -0.5661072987       -0.0600058744       -0.8566766834 
  193.200000       -0.5661101170       -0.0599989002       -0.8566780923 
  193.400000       -0.5661129037       -0.0599919639       -0.8566794823 
  193.600000       -0.5661155519       -0.0599852994       -0.8566808117 
  193.800000       -0.5661179619       -0.0599791216       -0.8566820271 
  194.000000       -0.5661200529       -0.0599736043       -0.8566830721 
  194.200000       -0.5661217713       -0.0599688615       -0.8566838965 
  194.400000       -0.5661230973       -0.0599649371       -0.8566844662 
  194.600000       -0.5661240448       -0.0599618013       -0.8566847713 
  194.800000       -0.5661246587       -0.0599593562       -0.8566848309 