description="GPH                                     
"  
#******** REAL SPACE GRID ********   
wavefunction_grid="160 160 128"  
potential_grid_refinement="2"  
  
#******* CONTROL OPTIONS *******  
start_mode          ="LCAO Start"  
calculation_mode    ="Quench Electrons  "  
kohn_sham_solver    ="davidson"  
subdiag_driver      ="auto"  
#auto: if cuda available, use cusolver, otherwise use lapack for n<128 and scaplack for large system  
cube_rho = "True"  
  
#********* K POINT SETUP *********  
kpoint_mesh = "1 1 1"  
kpoint_is_shift = "0 0 0"  
  
#******* Pseudopotentials *******   
internal_pseudo_type = "nc_accuracy"  
#use Optimized Norm-Conserving Vanderbilt (ONCV) pseudopotenitals  
#those pseudopotentials are built in with RMG  
write_pseudopotential_plots ="False"  
  
#*****Exchange Correlation ******  
exchange_correlation_type="VDW-DF"  
#AUTO_XC: XC will be determined from pseudopotential  
  
#****  LATTICE and ATOMS  ****   
bravais_lattice_type="None"  
crds_units = "Angstrom"  
lattice_units = "Angstrom"  
lattice_vector="  
 2.467271995540e+01  0.000000000000e+00  0.000000000000e+00   
 1.233635997770e+01  2.136720226190e+01  0.000000000000e+00   
 0.000000000000e+00  0.000000000000e+00  2.000000000000e+01   
"  
atomic_coordinate_type = "Cell Relative"  
atoms="  
C  9.999958629928e-01 9.999958629928e-01 2.923030763284e-04  1 1 1   0.00   0.00   0.00  
C  3.332764872496e-02 3.332764872496e-02 2.628526579471e-04  1 1 1   0.00   0.00   0.00  
C  9.998976292621e-01 9.998976292621e-01 1.697720146117e-01  1 1 1   0.00   0.00   0.00  
C  6.631200596346e-02 6.631200596346e-02 1.697810750410e-01  1 1 1   0.00   0.00   0.00  
C  9.999682978114e-02 9.999933146812e-01 2.810521896706e-04  1 1 1   0.00   0.00   0.00  
C  1.333274130022e-01 3.332813619101e-02 2.517844468315e-04  1 1 1   0.00   0.00   0.00  
C  1.000433856127e-01 9.994085907174e-01 1.697497550494e-01  1 1 1   0.00   0.00   0.00  
C  1.664052986406e-01 6.612301341082e-02 1.697744733320e-01  1 1 1   0.00   0.00   0.00  
C  1.999940057409e-01 9.999965808960e-01 2.716884287111e-04  1 1 1   0.00   0.00   0.00  
C  2.333260192818e-01 3.333078598307e-02 2.511727431909e-04  1 1 1   0.00   0.00   0.00  
C  1.999918347097e-01 9.993144995036e-01 1.697486135341e-01  1 1 1   0.00   0.00   0.00  
C  2.663901556797e-01 6.610803649218e-02 1.697643885619e-01  1 1 1   0.00   0.00   0.00  
C  2.999908107134e-01 1.145598361100e-06 2.835893576361e-04  1 1 1   0.00   0.00   0.00  
C  3.333238291528e-01 3.333356047403e-02 2.593210599144e-04  1 1 1   0.00   0.00   0.00  
C  2.999068135833e-01 9.994286776297e-01 1.697571138819e-01  1 1 1   0.00   0.00   0.00  
C  3.664051699998e-01 6.621351844062e-02 1.697629463720e-01  1 1 1   0.00   0.00   0.00  
C  3.999915596163e-01 2.787300324800e-06 2.873333478135e-04  1 1 1   0.00   0.00   0.00  
C  4.333239493329e-01 3.333176163311e-02 2.593099555170e-04  1 1 1   0.00   0.00   0.00  
C  3.999250489434e-01 9.996526597644e-01 1.697658662325e-01  1 1 1   0.00   0.00   0.00  
C  4.664163943455e-01 6.663753010288e-02 1.697831476018e-01  1 1 1   0.00   0.00   0.00  
C  4.999913064277e-01 9.999990388665e-01 2.800517431112e-04  1 1 1   0.00   0.00   0.00  
C  5.333246427384e-01 3.333105184020e-02 2.539472205640e-04  1 1 1   0.00   0.00   0.00  
C  4.999507056443e-01 1.148356531857e-04 1.697734000363e-01  1 1 1   0.00   0.00   0.00  
C  5.662881504271e-01 6.732012211803e-02 1.697628893111e-01  1 1 1   0.00   0.00   0.00  
C  5.999883086000e-01 2.142267306000e-07 2.710816072806e-04  1 1 1   0.00   0.00   0.00  
C  6.333179583560e-01 3.333639763309e-02 2.506950058603e-04  1 1 1   0.00   0.00   0.00  
C  5.998724585345e-01 6.264165803529e-04 1.697510882591e-01  1 1 1   0.00   0.00   0.00  
C  6.659312908293e-01 6.794002477840e-02 1.696962305802e-01  1 1 1   0.00   0.00   0.00  
C  6.999867479468e-01 5.697144921200e-06 2.777407355978e-04  1 1 1   0.00   0.00   0.00  
C  7.333145482705e-01 3.334101198548e-02 2.560717399049e-04  1 1 1   0.00   0.00   0.00  
C  6.996839628077e-01 9.795176375107e-04 1.696983427686e-01  1 1 1   0.00   0.00   0.00  
C  7.654771310431e-01 6.820295019746e-02 1.697109103805e-01  1 1 1   0.00   0.00   0.00  
C  7.999856382273e-01 5.867702050500e-06 2.852737705723e-04  1 1 1   0.00   0.00   0.00  
C  8.333183780363e-01 3.334205087495e-02 2.605678318375e-04  1 1 1   0.00   0.00   0.00  
C  7.994792641017e-01 1.104290320583e-03 1.697235439551e-01  1 1 1   0.00   0.00   0.00  
C  8.653956271735e-01 6.785899874145e-02 1.697512370813e-01  1 1 1   0.00   0.00   0.00  
C  8.999881797862e-01 3.130837875200e-06 2.906066096671e-04  1 1 1   0.00   0.00   0.00  
C  9.333239063028e-01 3.333445185660e-02 2.637350745616e-04  1 1 1   0.00   0.00   0.00  
C  8.995343561587e-01 7.049544683611e-04 1.697596625695e-01  1 1 1   0.00   0.00   0.00  
C  9.659702965251e-01 6.690201106941e-02 1.697772483072e-01  1 1 1   0.00   0.00   0.00  
C  9.999933146812e-01 9.999682978114e-02 2.810521896706e-04  1 1 1   0.00   0.00   0.00  
C  3.332813619101e-02 1.333274130022e-01 2.517844468315e-04  1 1 1   0.00   0.00   0.00  
C  9.994085907174e-01 1.000433856127e-01 1.697497550494e-01  1 1 1   0.00   0.00   0.00  
C  6.612301341082e-02 1.664052986406e-01 1.697744733320e-01  1 1 1   0.00   0.00   0.00  
C  9.999633286998e-02 9.999633286998e-02 2.714423749666e-04  1 1 1   0.00   0.00   0.00  
C  1.333281321580e-01 1.333281321580e-01 2.465512663647e-04  1 1 1   0.00   0.00   0.00  
C  9.962306896244e-02 9.962306896244e-02 1.697486379169e-01  1 1 1   0.00   0.00   0.00  
C  1.662064536532e-01 1.662064536532e-01 1.697430445200e-01  1 1 1   0.00   0.00   0.00  
C  1.999947913104e-01 9.999842571778e-02 2.727573994719e-04  1 1 1   0.00   0.00   0.00  
C  2.333267246778e-01 1.333293720376e-01 2.513899123286e-04  1 1 1   0.00   0.00   0.00  
C  1.996699175574e-01 9.947726932468e-02 1.697378805540e-01  1 1 1   0.00   0.00   0.00  
C  2.661877946131e-01 1.660485198102e-01 1.697048984589e-01  1 1 1   0.00   0.00   0.00  
C  2.999930163528e-01 9.999813509059e-02 2.836288812844e-04  1 1 1   0.00   0.00   0.00  
C  3.333259296790e-01 1.333294416872e-01 2.596102523640e-04  1 1 1   0.00   0.00   0.00  
C  2.996910260010e-01 9.942792236400e-02 1.697201830974e-01  1 1 1   0.00   0.00   0.00  
C  3.661322504636e-01 1.659668747154e-01 1.696879555829e-01  1 1 1   0.00   0.00   0.00  
C  3.999902436915e-01 9.999856871816e-02 2.907974058104e-04  1 1 1   0.00   0.00   0.00  
C  4.333214229112e-01 1.333300026670e-01 2.629080918908e-04  1 1 1   0.00   0.00   0.00  
C  3.997022609079e-01 9.950047349304e-02 1.697195350536e-01  1 1 1   0.00   0.00   0.00  
C  4.660309329694e-01 1.666471983298e-01 1.697293448357e-01  1 1 1   0.00   0.00   0.00  
C  4.999885922153e-01 9.999759716400e-02 2.909704533138e-04  1 1 1   0.00   0.00   0.00  
C  5.333147230411e-01 1.333302210963e-01 2.605411265080e-04  1 1 1   0.00   0.00   0.00  
C  4.996358116046e-01 1.001056595867e-01 1.697628420275e-01  1 1 1   0.00   0.00   0.00  
C  5.655583941974e-01 1.679924434164e-01 1.697089944943e-01  1 1 1   0.00   0.00   0.00  
C  5.999814778680e-01 9.999957025165e-02 2.827521779096e-04  1 1 1   0.00   0.00   0.00  
C  6.333070023137e-01 1.333380793390e-01 2.544252688281e-04  1 1 1   0.00   0.00   0.00  
C  5.992643115464e-01 1.011336065955e-01 1.696827461536e-01  1 1 1   0.00   0.00   0.00  
C  6.644747707910e-01 1.691509525625e-01 1.697444177422e-01  1 1 1   0.00   0.00   0.00  
C  6.999706698752e-01 1.000125437906e-01 2.842042520683e-04  1 1 1   0.00   0.00   0.00  
C  7.333031535818e-01 1.333496466145e-01 2.558893762981e-04  1 1 1   0.00   0.00   0.00  
C  6.986520641095e-01 1.018850171430e-01 1.696710029418e-01  1 1 1   0.00   0.00   0.00  
C  7.638604288316e-01 1.693859065479e-01 1.697684512337e-01  1 1 1   0.00   0.00   0.00  
C  7.999762858657e-01 1.000121490633e-01 2.870466500511e-04  1 1 1   0.00   0.00   0.00  
C  8.333143448309e-01 1.333387589788e-01 2.553371646172e-04  1 1 1   0.00   0.00   0.00  
C  7.982309352630e-01 1.020287812022e-01 1.697203576925e-01  1 1 1   0.00   0.00   0.00  
C  8.649741585382e-01 1.678860639108e-01 1.697281507274e-01  1 1 1   0.00   0.00   0.00  
C  8.999862429958e-01 1.000016422523e-01 2.861783359549e-04  1 1 1   0.00   0.00   0.00  
C  9.333248581719e-01 1.333302340105e-01 2.591787360089e-04  1 1 1   0.00   0.00   0.00  
C  8.988777978884e-01 1.009350382809e-01 1.697310712115e-01  1 1 1   0.00   0.00   0.00  
C  9.657810198197e-01 1.668740728845e-01 1.697419702762e-01  1 1 1   0.00   0.00   0.00  
C  9.999965808960e-01 1.999940057409e-01 2.716884287111e-04  1 1 1   0.00   0.00   0.00  
C  3.333078598307e-02 2.333260192818e-01 2.511727431909e-04  1 1 1   0.00   0.00   0.00  
C  9.993144995036e-01 1.999918347097e-01 1.697486135341e-01  1 1 1   0.00   0.00   0.00  
C  6.610803649218e-02 2.663901556797e-01 1.697643885619e-01  1 1 1   0.00   0.00   0.00  
C  9.999842571778e-02 1.999947913104e-01 2.727573994719e-04  1 1 1   0.00   0.00   0.00  
C  1.333293720376e-01 2.333267246778e-01 2.513899123286e-04  1 1 1   0.00   0.00   0.00  
C  9.947726932468e-02 1.996699175574e-01 1.697378805540e-01  1 1 1   0.00   0.00   0.00  
C  1.660485198102e-01 2.661877946131e-01 1.697048984589e-01  1 1 1   0.00   0.00   0.00  
C  1.999960951082e-01 1.999960951082e-01 2.824231454781e-04  1 1 1   0.00   0.00   0.00  
C  2.333265376295e-01 2.333265376295e-01 2.584250941098e-04  1 1 1   0.00   0.00   0.00  
C  1.994844296525e-01 1.994844296525e-01 1.696942025496e-01  1 1 1   0.00   0.00   0.00  
C  2.659076329109e-01 2.659076329109e-01 1.696645830726e-01  1 1 1   0.00   0.00   0.00  
C  2.999926341503e-01 1.999954944192e-01 2.927472185945e-04  1 1 1   0.00   0.00   0.00  
C  3.333227626024e-01 2.333249861200e-01 2.623830430721e-04  1 1 1   0.00   0.00   0.00  
C  2.994654367264e-01 1.992665418882e-01 1.696517266041e-01  1 1 1   0.00   0.00   0.00  
C  3.656934256861e-01 2.655031882432e-01 1.696875124308e-01  1 1 1   0.00   0.00   0.00  
C  3.999877786274e-01 1.999932583261e-01 2.879465082515e-04  1 1 1   0.00   0.00   0.00  
C  4.333165606527e-01 2.333255493222e-01 2.617354718026e-04  1 1 1   0.00   0.00   0.00  
C  3.993797546134e-01 1.991980772837e-01 1.696703949217e-01  1 1 1   0.00   0.00   0.00  
C  4.651235497739e-01 2.669109158203e-01 1.696823583008e-01  1 1 1   0.00   0.00   0.00  
C  4.999775921630e-01 1.999940867506e-01 2.871992701898e-04  1 1 1   0.00   0.00   0.00  
C  5.332995440418e-01 2.333334956905e-01 2.514779678933e-04  1 1 1   0.00   0.00   0.00  
C  4.989792491299e-01 2.004079079408e-01 1.696726437008e-01  1 1 1   0.00   0.00   0.00  
C  5.635847108920e-01 2.698742164773e-01 1.697655058773e-01  1 1 1   0.00   0.00   0.00  
C  5.999641263772e-01 2.000065015786e-01 2.853757706802e-04  1 1 1   0.00   0.00   0.00  
C  6.332919623977e-01 2.333427568768e-01 2.372234846604e-04  1 1 1   0.00   0.00   0.00  
C  5.979727042656e-01 2.024115948471e-01 1.697114338402e-01  1 1 1   0.00   0.00   0.00  
C  6.614189868061e-01 2.717581128688e-01 1.698134496968e-01  1 1 1   0.00   0.00   0.00  
C  6.999631897416e-01 2.000124565191e-01 2.625401243961e-04  1 1 1   0.00   0.00   0.00  
C  7.333066404100e-01 2.333375038484e-01 2.247326855382e-04  1 1 1   0.00   0.00   0.00  
C  6.963921737758e-01 2.038896325321e-01 1.697473727389e-01  1 1 1   0.00   0.00   0.00  
C  7.638688827155e-01 2.689864686343e-01 1.697604413547e-01  1 1 1   0.00   0.00   0.00  
C  7.999765091604e-01 2.000059198706e-01 2.555421861032e-04  1 1 1   0.00   0.00   0.00  
C  8.333207746631e-01 2.333291380443e-01 2.279491307320e-04  1 1 1   0.00   0.00   0.00  
C  7.977075894347e-01 2.020719666874e-01 1.697404472763e-01  1 1 1   0.00   0.00   0.00  
C  8.653749011450e-01 2.674133410056e-01 1.697298305176e-01  1 1 1   0.00   0.00   0.00  
C  8.999910537859e-01 1.999963087966e-01 2.684522370373e-04  1 1 1   0.00   0.00   0.00  
C  9.333289441395e-01 2.333242546781e-01 2.444858131554e-04  1 1 1   0.00   0.00   0.00  
C  8.988185801745e-01 2.006740960084e-01 1.696979418936e-01  1 1 1   0.00   0.00   0.00  
C  9.659540792818e-01 2.667197260267e-01 1.697708399398e-01  1 1 1   0.00   0.00   0.00  
C  1.145598361100e-06 2.999908107134e-01 2.835893576361e-04  1 1 1   0.00   0.00   0.00  
C  3.333356047403e-02 3.333238291528e-01 2.593210599144e-04  1 1 1   0.00   0.00   0.00  
C  9.994286776297e-01 2.999068135833e-01 1.697571138819e-01  1 1 1   0.00   0.00   0.00  
C  6.621351844062e-02 3.664051699998e-01 1.697629463720e-01  1 1 1   0.00   0.00   0.00  
C  9.999813509059e-02 2.999930163528e-01 2.836288812844e-04  1 1 1   0.00   0.00   0.00  
C  1.333294416872e-01 3.333259296790e-01 2.596102523640e-04  1 1 1   0.00   0.00   0.00  
C  9.942792236400e-02 2.996910260010e-01 1.697201830974e-01  1 1 1   0.00   0.00   0.00  
C  1.659668747154e-01 3.661322504636e-01 1.696879555829e-01  1 1 1   0.00   0.00   0.00  
C  1.999954944192e-01 2.999926341503e-01 2.927472185945e-04  1 1 1   0.00   0.00   0.00  
C  2.333249861200e-01 3.333227626024e-01 2.623830430721e-04  1 1 1   0.00   0.00   0.00  
C  1.992665418882e-01 2.994654367264e-01 1.696517266041e-01  1 1 1   0.00   0.00   0.00  
C  2.655031882432e-01 3.656934256861e-01 1.696875124308e-01  1 1 1   0.00   0.00   0.00  
C  2.999908408368e-01 2.999908408368e-01 2.985953927990e-04  1 1 1   0.00   0.00   0.00  
C  3.333204107267e-01 3.333204107267e-01 2.723001938065e-04  1 1 1   0.00   0.00   0.00  
C  2.990474979734e-01 2.990474979734e-01 1.696389269963e-01  1 1 1   0.00   0.00   0.00  
C  3.647345841979e-01 3.647345841979e-01 1.697033497431e-01  1 1 1   0.00   0.00   0.00  
C  3.999839230693e-01 2.999891972324e-01 2.909536828284e-04  1 1 1   0.00   0.00   0.00  
C  4.333087500313e-01 3.333209784063e-01 2.557565702119e-04  1 1 1   0.00   0.00   0.00  
C  3.987574829260e-01 2.985461557899e-01 1.696816678362e-01  1 1 1   0.00   0.00   0.00  
C  4.627575457838e-01 3.679554540500e-01 1.697176029702e-01  1 1 1   0.00   0.00   0.00  
C  4.999651997397e-01 2.999920982123e-01 2.581915284239e-04  1 1 1   0.00   0.00   0.00  
C  5.332916791112e-01 3.333304351612e-01 2.141845371924e-04  1 1 1   0.00   0.00   0.00  
C  4.975066649499e-01 3.014304254823e-01 1.697006936456e-01  1 1 1   0.00   0.00   0.00  
C  5.554673488348e-01 3.771246645063e-01 1.698376985038e-01  1 1 1   0.00   0.00   0.00  
C  5.999479296515e-01 3.000047361791e-01 2.463645423134e-04  1 1 1   0.00   0.00   0.00  
C  6.332981239671e-01 3.333241674829e-01 2.165306298565e-04  1 1 1   0.00   0.00   0.00  
C  5.931015918917e-01 3.070131221993e-01 1.697816402202e-01  1 1 1   0.00   0.00   0.00  
C  6.629304382293e-01 3.701399037770e-01 1.697731644195e-01  1 1 1   0.00   0.00   0.00  
C  6.999698512016e-01 2.999990782821e-01 2.177914090211e-04  1 1 1   0.00   0.00   0.00  
C  7.333195159218e-01 3.333172585085e-01 1.810812991891e-04  1 1 1   0.00   0.00   0.00  
C  6.964498110843e-01 3.034003631423e-01 1.697751610202e-01  1 1 1   0.00   0.00   0.00  
C  7.654083999751e-01 3.677321733053e-01 1.697287518602e-01  1 1 1   0.00   0.00   0.00  
C  7.999883828657e-01 2.999917946936e-01 2.209519655452e-04  1 1 1   0.00   0.00   0.00  
C  8.333285652756e-01 3.333208845370e-01 2.172275129766e-04  1 1 1   0.00   0.00   0.00  
C  7.983608044332e-01 3.012369721895e-01 1.697020467303e-01  1 1 1   0.00   0.00   0.00  
C  8.660796831215e-01 3.670079112201e-01 1.697847661047e-01  1 1 1   0.00   0.00   0.00  
C  8.999986009151e-01 2.999904188026e-01 2.590002211704e-04  1 1 1   0.00   0.00   0.00  
C  9.333317140473e-01 3.333216735751e-01 2.508062131881e-04  1 1 1   0.00   0.00   0.00  
C  8.991490078735e-01 3.003318078432e-01 1.697343218722e-01  1 1 1   0.00   0.00   0.00  
C  9.662747647571e-01 3.666372098097e-01 1.697944333831e-01  1 1 1   0.00   0.00   0.00  
C  2.787300324800e-06 3.999915596163e-01 2.873333478135e-04  1 1 1   0.00   0.00   0.00  
C  3.333176163311e-02 4.333239493329e-01 2.593099555170e-04  1 1 1   0.00   0.00   0.00  
C  9.996526597644e-01 3.999250489434e-01 1.697658662325e-01  1 1 1   0.00   0.00   0.00  
C  6.663753010288e-02 4.664163943455e-01 1.697831476018e-01  1 1 1   0.00   0.00   0.00  
C  9.999856871816e-02 3.999902436915e-01 2.907974058104e-04  1 1 1   0.00   0.00   0.00  
C  1.333300026670e-01 4.333214229112e-01 2.629080918908e-04  1 1 1   0.00   0.00   0.00  
C  9.950047349304e-02 3.997022609079e-01 1.697195350536e-01  1 1 1   0.00   0.00   0.00  
C  1.666471983298e-01 4.660309329694e-01 1.697293448357e-01  1 1 1   0.00   0.00   0.00  
C  1.999932583261e-01 3.999877786274e-01 2.879465082515e-04  1 1 1   0.00   0.00   0.00  
C  2.333255493222e-01 4.333165606527e-01 2.617354718026e-04  1 1 1   0.00   0.00   0.00  
C  1.991980772837e-01 3.993797546134e-01 1.696703949217e-01  1 1 1   0.00   0.00   0.00  
C  2.669109158203e-01 4.651235497739e-01 1.696823583008e-01  1 1 1   0.00   0.00   0.00  
C  2.999891972324e-01 3.999839230693e-01 2.909536828284e-04  1 1 1   0.00   0.00   0.00  
C  3.333209784063e-01 4.333087500313e-01 2.557565702119e-04  1 1 1   0.00   0.00   0.00  
C  2.985461557899e-01 3.987574829260e-01 1.696816678362e-01  1 1 1   0.00   0.00   0.00  
C  3.679554540500e-01 4.627575457838e-01 1.697176029702e-01  1 1 1   0.00   0.00   0.00  
C  3.999834183601e-01 3.999834183601e-01 2.731450311089e-04  1 1 1   0.00   0.00   0.00  
C  4.333047524297e-01 4.333047524297e-01 2.096702729943e-04  1 1 1   0.00   0.00   0.00  
C  3.971848301263e-01 3.971848301263e-01 1.696676287268e-01  1 1 1   0.00   0.00   0.00  
C  4.999520413547e-01 3.999790447661e-01 2.789634221401e-04  1 1 1   0.00   0.00   0.00  
C  5.332932956038e-01 4.332964122268e-01 3.830658953277e-04  1 1 1   0.00   0.00   0.00  
C  4.858313436452e-01 4.101356074640e-01 1.697554241358e-01  1 1 1   0.00   0.00   0.00  
C  5.675154613588e-01 4.707106132980e-01 1.695442260666e-01  1 1 1   0.00   0.00   0.00  
C  5.999602845969e-01 3.999788894118e-01 2.780391946544e-04  1 1 1   0.00   0.00   0.00  
C  6.333167293489e-01 4.332993091704e-01 2.448436297016e-04  1 1 1   0.00   0.00   0.00  
C  5.949026583972e-01 4.054419207153e-01 1.697454683931e-01  1 1 1   0.00   0.00   0.00  
C  6.673225721261e-01 4.679192462414e-01 1.697010258793e-01  1 1 1   0.00   0.00   0.00  
C  6.999914335919e-01 3.999794537541e-01 2.101773061725e-04  1 1 1   0.00   0.00   0.00  
C  7.333275883337e-01 4.333116454875e-01 2.030910516240e-04  1 1 1   0.00   0.00   0.00  
C  6.984211854927e-01 4.016316527805e-01 1.697005914697e-01  1 1 1   0.00   0.00   0.00  
C  7.670482229719e-01 4.672395839010e-01 1.697297990371e-01  1 1 1   0.00   0.00   0.00  
C  8.000006055834e-01 3.999834872207e-01 2.289125830330e-04  1 1 1   0.00   0.00   0.00  
C  8.333347210406e-01 4.333183367249e-01 2.271540689094e-04  1 1 1   0.00   0.00   0.00  
C  7.994064399942e-01 4.005824192559e-01 1.697302221611e-01  1 1 1   0.00   0.00   0.00  
C  8.668974301277e-01 4.668654902274e-01 1.697942967259e-01  1 1 1   0.00   0.00   0.00  
C  9.000016338769e-01 3.999887062464e-01 2.752246858932e-04  1 1 1   0.00   0.00   0.00  
C  9.333343394380e-01 4.333240562916e-01 2.573087770159e-04  1 1 1   0.00   0.00   0.00  
C  8.996706483843e-01 4.001793693195e-01 1.697798747995e-01  1 1 1   0.00   0.00   0.00  
C  9.667450438093e-01 4.666362205941e-01 1.697917299108e-01  1 1 1   0.00   0.00   0.00  
C  9.999990388665e-01 4.999913064277e-01 2.800517431112e-04  1 1 1   0.00   0.00   0.00  
C  3.333105184020e-02 5.333246427384e-01 2.539472205640e-04  1 1 1   0.00   0.00   0.00  
C  1.148356531857e-04 4.999507056443e-01 1.697734000363e-01  1 1 1   0.00   0.00   0.00  
C  6.732012211803e-02 5.662881504271e-01 1.697628893111e-01  1 1 1   0.00   0.00   0.00  
C  9.999759716400e-02 4.999885922153e-01 2.909704533138e-04  1 1 1   0.00   0.00   0.00  
C  1.333302210963e-01 5.333147230411e-01 2.605411265080e-04  1 1 1   0.00   0.00   0.00  
C  1.001056595867e-01 4.996358116046e-01 1.697628420275e-01  1 1 1   0.00   0.00   0.00  
C  1.679924434164e-01 5.655583941974e-01 1.697089944943e-01  1 1 1   0.00   0.00   0.00  
C  1.999940867506e-01 4.999775921630e-01 2.871992701898e-04  1 1 1   0.00   0.00   0.00  
C  2.333334956905e-01 5.332995440418e-01 2.514779678933e-04  1 1 1   0.00   0.00   0.00  
C  2.004079079408e-01 4.989792491299e-01 1.696726437008e-01  1 1 1   0.00   0.00   0.00  
C  2.698742164773e-01 5.635847108920e-01 1.697655058773e-01  1 1 1   0.00   0.00   0.00  
C  2.999920982123e-01 4.999651997397e-01 2.581915284239e-04  1 1 1   0.00   0.00   0.00  
C  3.333304351612e-01 5.332916791112e-01 2.141845371924e-04  1 1 1   0.00   0.00   0.00  
C  3.014304254823e-01 4.975066649499e-01 1.697006936456e-01  1 1 1   0.00   0.00   0.00  
C  3.771246645063e-01 5.554673488348e-01 1.698376985038e-01  1 1 1   0.00   0.00   0.00  
C  3.999790447661e-01 4.999520413547e-01 2.789634221401e-04  1 1 1   0.00   0.00   0.00  
C  4.332964122268e-01 5.332932956038e-01 3.830658953277e-04  1 1 1   0.00   0.00   0.00  
C  4.101356074640e-01 4.858313436452e-01 1.697554241358e-01  1 1 1   0.00   0.00   0.00  
C  4.707106132980e-01 5.675154613588e-01 1.695442260666e-01  1 1 1   0.00   0.00   0.00  
C  4.999561447096e-01 4.999561447096e-01 5.365590183999e-04  1 1 1   0.00   0.00   0.00  
C  5.332989511776e-01 5.332989511776e-01 5.036677596806e-04  1 1 1   0.00   0.00   0.00  
C  5.685288028298e-01 5.685288028298e-01 1.697144171666e-01  1 1 1   0.00   0.00   0.00  
C  5.999948239019e-01 4.999654635967e-01 3.894198325582e-04  1 1 1   0.00   0.00   0.00  
C  6.333274867955e-01 5.333095039112e-01 2.929648926155e-04  1 1 1   0.00   0.00   0.00  
C  6.012696109706e-01 5.023204106078e-01 1.696480763998e-01  1 1 1   0.00   0.00   0.00  
C  6.678549986444e-01 5.675222611364e-01 1.697183665539e-01  1 1 1   0.00   0.00   0.00  
C  7.000000781899e-01 4.999794697617e-01 2.459540327919e-04  1 1 1   0.00   0.00   0.00  
C  7.333338216332e-01 5.333197379997e-01 2.264931661955e-04  1 1 1   0.00   0.00   0.00  
C  7.007317686415e-01 5.009775547110e-01 1.696883710486e-01  1 1 1   0.00   0.00   0.00  
C  7.674111514909e-01 5.671092827167e-01 1.697134411402e-01  1 1 1   0.00   0.00   0.00  
C  8.000042840195e-01 4.999874439939e-01 2.514528089463e-04  1 1 1   0.00   0.00   0.00  
C  8.333346569262e-01 5.333214844065e-01 2.478127365251e-04  1 1 1   0.00   0.00   0.00  
C  8.004084187592e-01 5.004299801426e-01 1.697180923852e-01  1 1 1   0.00   0.00   0.00  
C  8.671935982867e-01 5.668881130904e-01 1.697637972441e-01  1 1 1   0.00   0.00   0.00  
C  9.000045207622e-01 4.999880288490e-01 2.797394404155e-04  1 1 1   0.00   0.00   0.00  
C  9.333357429197e-01 5.333227411497e-01 2.556402736076e-04  1 1 1   0.00   0.00   0.00  
C  9.002391488503e-01 5.001624143489e-01 1.697713004137e-01  1 1 1   0.00   0.00   0.00  
C  9.671438239705e-01 5.666620019216e-01 1.697821719939e-01  1 1 1   0.00   0.00   0.00  
C  2.142267306000e-07 5.999883086000e-01 2.710816072806e-04  1 1 1   0.00   0.00   0.00  
C  3.333639763309e-02 6.333179583560e-01 2.506950058603e-04  1 1 1   0.00   0.00   0.00  
C  6.264165803529e-04 5.998724585345e-01 1.697510882591e-01  1 1 1   0.00   0.00   0.00  
C  6.794002477840e-02 6.659312908293e-01 1.696962305802e-01  1 1 1   0.00   0.00   0.00  
C  9.999957025165e-02 5.999814778680e-01 2.827521779096e-04  1 1 1   0.00   0.00   0.00  
C  1.333380793390e-01 6.333070023137e-01 2.544252688281e-04  1 1 1   0.00   0.00   0.00  
C  1.011336065955e-01 5.992643115464e-01 1.696827461536e-01  1 1 1   0.00   0.00   0.00  
C  1.691509525625e-01 6.644747707910e-01 1.697444177422e-01  1 1 1   0.00   0.00   0.00  
C  2.000065015786e-01 5.999641263772e-01 2.853757706802e-04  1 1 1   0.00   0.00   0.00  
C  2.333427568768e-01 6.332919623977e-01 2.372234846604e-04  1 1 1   0.00   0.00   0.00  
C  2.024115948471e-01 5.979727042656e-01 1.697114338402e-01  1 1 1   0.00   0.00   0.00  
C  2.717581128688e-01 6.614189868061e-01 1.698134496968e-01  1 1 1   0.00   0.00   0.00  
C  3.000047361791e-01 5.999479296515e-01 2.463645423134e-04  1 1 1   0.00   0.00   0.00  
C  3.333241674829e-01 6.332981239671e-01 2.165306298565e-04  1 1 1   0.00   0.00   0.00  
C  3.070131221993e-01 5.931015918917e-01 1.697816402202e-01  1 1 1   0.00   0.00   0.00  
C  3.701399037770e-01 6.629304382293e-01 1.697731644195e-01  1 1 1   0.00   0.00   0.00  
C  3.999788894118e-01 5.999602845969e-01 2.780391946544e-04  1 1 1   0.00   0.00   0.00  
C  4.332993091704e-01 6.333167293489e-01 2.448436297016e-04  1 1 1   0.00   0.00   0.00  
C  4.054419207153e-01 5.949026583972e-01 1.697454683931e-01  1 1 1   0.00   0.00   0.00  
C  4.679192462414e-01 6.673225721261e-01 1.697010258793e-01  1 1 1   0.00   0.00   0.00  
C  4.999654635967e-01 5.999948239019e-01 3.894198325582e-04  1 1 1   0.00   0.00   0.00  
C  5.333095039112e-01 6.333274867955e-01 2.929648926155e-04  1 1 1   0.00   0.00   0.00  
C  5.023204106078e-01 6.012696109706e-01 1.696480763998e-01  1 1 1   0.00   0.00   0.00  
C  5.675222611364e-01 6.678549986444e-01 1.697183665539e-01  1 1 1   0.00   0.00   0.00  
C  5.999895394948e-01 5.999895394948e-01 2.998165989112e-04  1 1 1   0.00   0.00   0.00  
C  6.333216749718e-01 6.333216749718e-01 2.547160077384e-04  1 1 1   0.00   0.00   0.00  
C  6.013734810540e-01 6.013734810540e-01 1.697384011826e-01  1 1 1   0.00   0.00   0.00  
C  6.674151553807e-01 6.674151553807e-01 1.696962913036e-01  1 1 1   0.00   0.00   0.00  
C  6.999999938871e-01 5.999848809270e-01 2.646098986077e-04  1 1 1   0.00   0.00   0.00  
C  7.333324320478e-01 6.333215970060e-01 2.533871768478e-04  1 1 1   0.00   0.00   0.00  
C  7.009360108657e-01 6.007273528890e-01 1.696804740159e-01  1 1 1   0.00   0.00   0.00  
C  7.672965978813e-01 6.671039555699e-01 1.697289789858e-01  1 1 1   0.00   0.00   0.00  
C  7.999999017902e-01 5.999896626248e-01 2.762270969612e-04  1 1 1   0.00   0.00   0.00  
C  8.333319862388e-01 6.333264795952e-01 2.540004410818e-04  1 1 1   0.00   0.00   0.00  
C  8.006371389020e-01 6.004138273699e-01 1.697001734376e-01  1 1 1   0.00   0.00   0.00  
C  8.672447540198e-01 6.669111880512e-01 1.697604666840e-01  1 1 1   0.00   0.00   0.00  
C  9.000014965760e-01 5.999926858330e-01 2.732220114297e-04  1 1 1   0.00   0.00   0.00  
C  9.333325946361e-01 6.333237517945e-01 2.460826809241e-04  1 1 1   0.00   0.00   0.00  
C  9.005138095120e-01 6.001921165229e-01 1.697463351328e-01  1 1 1   0.00   0.00   0.00  
C  9.673967390471e-01 6.666010897978e-01 1.697554134801e-01  1 1 1   0.00   0.00   0.00  
C  5.697144921200e-06 6.999867479468e-01 2.777407355978e-04  1 1 1   0.00   0.00   0.00  
C  3.334101198548e-02 7.333145482705e-01 2.560717399049e-04  1 1 1   0.00   0.00   0.00  
C  9.795176375107e-04 6.996839628077e-01 1.696983427686e-01  1 1 1   0.00   0.00   0.00  
C  6.820295019746e-02 7.654771310431e-01 1.697109103805e-01  1 1 1   0.00   0.00   0.00  
C  1.000125437906e-01 6.999706698752e-01 2.842042520683e-04  1 1 1   0.00   0.00   0.00  
C  1.333496466145e-01 7.333031535818e-01 2.558893762981e-04  1 1 1   0.00   0.00   0.00  
C  1.018850171430e-01 6.986520641095e-01 1.696710029418e-01  1 1 1   0.00   0.00   0.00  
C  1.693859065479e-01 7.638604288316e-01 1.697684512337e-01  1 1 1   0.00   0.00   0.00  
C  2.000124565191e-01 6.999631897416e-01 2.625401243961e-04  1 1 1   0.00   0.00   0.00  
C  2.333375038484e-01 7.333066404100e-01 2.247326855382e-04  1 1 1   0.00   0.00   0.00  
C  2.038896325321e-01 6.963921737758e-01 1.697473727389e-01  1 1 1   0.00   0.00   0.00  
C  2.689864686343e-01 7.638688827155e-01 1.697604413547e-01  1 1 1   0.00   0.00   0.00  
C  2.999990782821e-01 6.999698512016e-01 2.177914090211e-04  1 1 1   0.00   0.00   0.00  
C  3.333172585085e-01 7.333195159218e-01 1.810812991891e-04  1 1 1   0.00   0.00   0.00  
C  3.034003631423e-01 6.964498110843e-01 1.697751610202e-01  1 1 1   0.00   0.00   0.00  
C  3.677321733053e-01 7.654083999751e-01 1.697287518602e-01  1 1 1   0.00   0.00   0.00  
C  3.999794537541e-01 6.999914335919e-01 2.101773061725e-04  1 1 1   0.00   0.00   0.00  
C  4.333116454875e-01 7.333275883337e-01 2.030910516240e-04  1 1 1   0.00   0.00   0.00  
C  4.016316527805e-01 6.984211854927e-01 1.697005914697e-01  1 1 1   0.00   0.00   0.00  
C  4.672395839010e-01 7.670482229719e-01 1.697297990371e-01  1 1 1   0.00   0.00   0.00  
C  4.999794697617e-01 7.000000781899e-01 2.459540327919e-04  1 1 1   0.00   0.00   0.00  
C  5.333197379997e-01 7.333338216332e-01 2.264931661955e-04  1 1 1   0.00   0.00   0.00  
C  5.009775547110e-01 7.007317686415e-01 1.696883710486e-01  1 1 1   0.00   0.00   0.00  
C  5.671092827167e-01 7.674111514909e-01 1.697134411402e-01  1 1 1   0.00   0.00   0.00  
C  5.999848809270e-01 6.999999938871e-01 2.646098986077e-04  1 1 1   0.00   0.00   0.00  
C  6.333215970060e-01 7.333324320478e-01 2.533871768478e-04  1 1 1   0.00   0.00   0.00  
C  6.007273528890e-01 7.009360108657e-01 1.696804740159e-01  1 1 1   0.00   0.00   0.00  
C  6.671039555699e-01 7.672965978813e-01 1.697289789858e-01  1 1 1   0.00   0.00   0.00  
C  6.999952621009e-01 6.999952621009e-01 2.804440659716e-04  1 1 1   0.00   0.00   0.00  
C  7.333256091219e-01 7.333256091219e-01 2.634643234174e-04  1 1 1   0.00   0.00   0.00  
C  7.006174640208e-01 7.006174640208e-01 1.696947394007e-01  1 1 1   0.00   0.00   0.00  
C  7.671274120527e-01 7.671274120527e-01 1.697567508272e-01  1 1 1   0.00   0.00   0.00  
C  7.999995844061e-01 6.999903919750e-01 2.839637695971e-04  1 1 1   0.00   0.00   0.00  
C  8.333325860035e-01 7.333249488611e-01 2.539004808497e-04  1 1 1   0.00   0.00   0.00  
C  8.005689323541e-01 7.003966708021e-01 1.697286449430e-01  1 1 1   0.00   0.00   0.00  
C  8.672092531467e-01 7.669143415845e-01 1.697764458942e-01  1 1 1   0.00   0.00   0.00  
C  8.999982315541e-01 6.999932477512e-01 2.728576473885e-04  1 1 1   0.00   0.00   0.00  
C  9.333332856895e-01 7.333268811159e-01 2.510355765608e-04  1 1 1   0.00   0.00   0.00  
C  9.006345019257e-01 7.001643916464e-01 1.697374685814e-01  1 1 1   0.00   0.00   0.00  
C  9.675130508955e-01 7.664400574400e-01 1.697533336486e-01  1 1 1   0.00   0.00   0.00  
C  5.867702050500e-06 7.999856382273e-01 2.852737705723e-04  1 1 1   0.00   0.00   0.00  
C  3.334205087495e-02 8.333183780363e-01 2.605678318375e-04  1 1 1   0.00   0.00   0.00  
C  1.104290320583e-03 7.994792641017e-01 1.697235439551e-01  1 1 1   0.00   0.00   0.00  
C  6.785899874145e-02 8.653956271735e-01 1.697512370813e-01  1 1 1   0.00   0.00   0.00  
C  1.000121490633e-01 7.999762858657e-01 2.870466500511e-04  1 1 1   0.00   0.00   0.00  
C  1.333387589788e-01 8.333143448309e-01 2.553371646172e-04  1 1 1   0.00   0.00   0.00  
C  1.020287812022e-01 7.982309352630e-01 1.697203576925e-01  1 1 1   0.00   0.00   0.00  
C  1.678860639108e-01 8.649741585382e-01 1.697281507274e-01  1 1 1   0.00   0.00   0.00  
C  2.000059198706e-01 7.999765091604e-01 2.555421861032e-04  1 1 1   0.00   0.00   0.00  
C  2.333291380443e-01 8.333207746631e-01 2.279491307320e-04  1 1 1   0.00   0.00   0.00  
C  2.020719666874e-01 7.977075894347e-01 1.697404472763e-01  1 1 1   0.00   0.00   0.00  
C  2.674133410056e-01 8.653749011450e-01 1.697298305176e-01  1 1 1   0.00   0.00   0.00  
C  2.999917946936e-01 7.999883828657e-01 2.209519655452e-04  1 1 1   0.00   0.00   0.00  
C  3.333208845370e-01 8.333285652756e-01 2.172275129766e-04  1 1 1   0.00   0.00   0.00  
C  3.012369721895e-01 7.983608044332e-01 1.697020467303e-01  1 1 1   0.00   0.00   0.00  
C  3.670079112201e-01 8.660796831215e-01 1.697847661047e-01  1 1 1   0.00   0.00   0.00  
C  3.999834872207e-01 8.000006055834e-01 2.289125830330e-04  1 1 1   0.00   0.00   0.00  
C  4.333183367249e-01 8.333347210406e-01 2.271540689094e-04  1 1 1   0.00   0.00   0.00  
C  4.005824192559e-01 7.994064399942e-01 1.697302221611e-01  1 1 1   0.00   0.00   0.00  
C  4.668654902274e-01 8.668974301277e-01 1.697942967259e-01  1 1 1   0.00   0.00   0.00  
C  4.999874439939e-01 8.000042840195e-01 2.514528089463e-04  1 1 1   0.00   0.00   0.00  
C  5.333214844065e-01 8.333346569262e-01 2.478127365251e-04  1 1 1   0.00   0.00   0.00  
C  5.004299801426e-01 8.004084187592e-01 1.697180923852e-01  1 1 1   0.00   0.00   0.00  
C  5.668881130904e-01 8.671935982867e-01 1.697637972441e-01  1 1 1   0.00   0.00   0.00  
C  5.999896626248e-01 7.999999017902e-01 2.762270969612e-04  1 1 1   0.00   0.00   0.00  
C  6.333264795952e-01 8.333319862388e-01 2.540004410818e-04  1 1 1   0.00   0.00   0.00  
C  6.004138273699e-01 8.006371389020e-01 1.697001734376e-01  1 1 1   0.00   0.00   0.00  
C  6.669111880512e-01 8.672447540198e-01 1.697604666840e-01  1 1 1   0.00   0.00   0.00  
C  6.999903919750e-01 7.999995844061e-01 2.839637695971e-04  1 1 1   0.00   0.00   0.00  
C  7.333249488611e-01 8.333325860035e-01 2.539004808497e-04  1 1 1   0.00   0.00   0.00  
C  7.003966708021e-01 8.005689323541e-01 1.697286449430e-01  1 1 1   0.00   0.00   0.00  
C  7.669143415845e-01 8.672092531467e-01 1.697764458942e-01  1 1 1   0.00   0.00   0.00  
C  7.999976128431e-01 7.999976128431e-01 2.832016298626e-04  1 1 1   0.00   0.00   0.00  
C  8.333286727088e-01 8.333286727088e-01 2.566903552506e-04  1 1 1   0.00   0.00   0.00  
C  8.004259740832e-01 8.004259740832e-01 1.697481680419e-01  1 1 1   0.00   0.00   0.00  
C  8.669972524376e-01 8.669972524376e-01 1.698229184774e-01  1 1 1   0.00   0.00   0.00  
C  9.000025478295e-01 7.999906842859e-01 2.830819412836e-04  1 1 1   0.00   0.00   0.00  
C  9.333380958687e-01 8.333247447064e-01 2.607916396471e-04  1 1 1   0.00   0.00   0.00  
C  9.006029189357e-01 8.001526591437e-01 1.697619684869e-01  1 1 1   0.00   0.00   0.00  
C  9.672952776314e-01 8.663965941832e-01 1.697993094088e-01  1 1 1   0.00   0.00   0.00  
C  3.130837875200e-06 8.999881797862e-01 2.906066096671e-04  1 1 1   0.00   0.00   0.00  
C  3.333445185660e-02 9.333239063028e-01 2.637350745616e-04  1 1 1   0.00   0.00   0.00  
C  7.049544683611e-04 8.995343561587e-01 1.697596625695e-01  1 1 1   0.00   0.00   0.00  
C  6.690201106941e-02 9.659702965251e-01 1.697772483072e-01  1 1 1   0.00   0.00   0.00  
C  1.000016422523e-01 8.999862429958e-01 2.861783359549e-04  1 1 1   0.00   0.00   0.00  
C  1.333302340105e-01 9.333248581719e-01 2.591787360089e-04  1 1 1   0.00   0.00   0.00  
C  1.009350382809e-01 8.988777978884e-01 1.697310712115e-01  1 1 1   0.00   0.00   0.00  
C  1.668740728845e-01 9.657810198197e-01 1.697419702762e-01  1 1 1   0.00   0.00   0.00  
C  1.999963087966e-01 8.999910537859e-01 2.684522370373e-04  1 1 1   0.00   0.00   0.00  
C  2.333242546781e-01 9.333289441395e-01 2.444858131554e-04  1 1 1   0.00   0.00   0.00  
C  2.006740960084e-01 8.988185801745e-01 1.696979418936e-01  1 1 1   0.00   0.00   0.00  
C  2.667197260267e-01 9.659540792818e-01 1.697708399398e-01  1 1 1   0.00   0.00   0.00  
C  2.999904188026e-01 8.999986009151e-01 2.590002211704e-04  1 1 1   0.00   0.00   0.00  
C  3.333216735751e-01 9.333317140473e-01 2.508062131881e-04  1 1 1   0.00   0.00   0.00  
C  3.003318078432e-01 8.991490078735e-01 1.697343218722e-01  1 1 1   0.00   0.00   0.00  
C  3.666372098097e-01 9.662747647571e-01 1.697944333831e-01  1 1 1   0.00   0.00   0.00  
C  3.999887062464e-01 9.000016338769e-01 2.752246858932e-04  1 1 1   0.00   0.00   0.00  
C  4.333240562916e-01 9.333343394380e-01 2.573087770159e-04  1 1 1   0.00   0.00   0.00  
C  4.001793693195e-01 8.996706483843e-01 1.697798747995e-01  1 1 1   0.00   0.00   0.00  
C  4.666362205941e-01 9.667450438093e-01 1.697917299108e-01  1 1 1   0.00   0.00   0.00  
C  4.999880288490e-01 9.000045207622e-01 2.797394404155e-04  1 1 1   0.00   0.00   0.00  
C  5.333227411497e-01 9.333357429197e-01 2.556402736076e-04  1 1 1   0.00   0.00   0.00  
C  5.001624143489e-01 9.002391488503e-01 1.697713004137e-01  1 1 1   0.00   0.00   0.00  
C  5.666620019216e-01 9.671438239705e-01 1.697821719939e-01  1 1 1   0.00   0.00   0.00  
C  5.999926858330e-01 9.000014965760e-01 2.732220114297e-04  1 1 1   0.00   0.00   0.00  
C  6.333237517945e-01 9.333325946361e-01 2.460826809241e-04  1 1 1   0.00   0.00   0.00  
C  6.001921165229e-01 9.005138095120e-01 1.697463351328e-01  1 1 1   0.00   0.00   0.00  
C  6.666010897978e-01 9.673967390471e-01 1.697554134801e-01  1 1 1   0.00   0.00   0.00  
C  6.999932477512e-01 8.999982315541e-01 2.728576473885e-04  1 1 1   0.00   0.00   0.00  
C  7.333268811159e-01 9.333332856895e-01 2.510355765608e-04  1 1 1   0.00   0.00   0.00  
C  7.001643916464e-01 9.006345019257e-01 1.697374685814e-01  1 1 1   0.00   0.00   0.00  
C  7.664400574400e-01 9.675130508955e-01 1.697533336486e-01  1 1 1   0.00   0.00   0.00  
C  7.999906842859e-01 9.000025478295e-01 2.830819412836e-04  1 1 1   0.00   0.00   0.00  
C  8.333247447064e-01 9.333380958687e-01 2.607916396471e-04  1 1 1   0.00   0.00   0.00  
C  8.001526591437e-01 9.006029189357e-01 1.697619684869e-01  1 1 1   0.00   0.00   0.00  
C  8.663965941832e-01 9.672952776314e-01 1.697993094088e-01  1 1 1   0.00   0.00   0.00  
C  8.999981301145e-01 8.999981301145e-01 2.912635240051e-04  1 1 1   0.00   0.00   0.00  
C  9.333297075573e-01 9.333297075573e-01 2.608699312390e-04  1 1 1   0.00   0.00   0.00  
C  9.002970017177e-01 9.002970017177e-01 1.697963612258e-01  1 1 1   0.00   0.00   0.00  
C  9.666289116240e-01 9.666289116240e-01 1.697962843202e-01  1 1 1   0.00   0.00   0.00  
O  5.038897010191e-01 5.038897010191e-01 1.693432350539e-01  1 1 1   0.00   0.00   0.00  
"  
