description="input.xyz"   
#******** REAL SPACE GRID ********   
wavefunction_grid="432 256 144"   
potential_grid_refinement="2"   
   
#******* CONTROL OPTIONS ******* 
#restart_tddft = "true" 
start_mode          ="LCAO Start"   
calculation_mode    ="TDDFT "  
kohn_sham_solver    ="multigrid"  
subdiag_driver      ="auto"    
tddft_steps = "3000"  
tddft_time_step = "0.200000"   
tddft_mode = "vector potential"
electric_field_tddft = "0.001 0 0"  
unoccupied_states_per_kpoint = "2007" 
use_symmetry = "1"
time_reversal = "true"
interpolation_type = "prolong"  
#tddft_gpu = "false"
tddft_noscf = "true"
scalapack_block_factor = "128"
tddft_tiledMM = "true" 
tddft_floatprecision = "true"
restart_tddft = "true"

   
#********* K POINT SETUP *********   
kpoint_mesh = "1 1 1"   
kpoint_is_shift = "0 0 0"   
   
#******* Pseudopotentials *******   
internal_pseudo_type = "sg15"   
#use Optimized Norm-Conserving Vanderbilt (ONCV) pseudopotenitals   
#those pseudopotentials are built in with RMG   
write_pseudopotential_plots ="False"   
   
#*****Exchange Correlation ******   
exchange_correlation_type="AUTO_XC"   
#AUTO_XC: XC will be determined from pseudopotential   
   
#****  LATTICE and ATOMS  ****   
bravais_lattice_type="None"   
crds_units = "Angstrom"   
lattice_units = "Angstrom"   
lattice_vector="   
6.570015120000e+01  0.000000000000e+00  0.000000000000e+00   
0.000000000000e+00  3.793200000000e+01  0.000000000000e+00   
0.000000000000e+00  0.000000000000e+00  2.200000000000e+01   
"   
atomic_coordinate_type = "Absolute"   
 atoms=" 
Mo   5.47508964517   1.58052065646   10.9999531553  1  1  1  0.00  0.00  0.00
Mo   2.73744929028   37.9319998504   10.9999537020  1  1  1  0.00  0.00  0.00
S  0.912529616825   37.9319998152   9.42874977128  1  1  1  0.00  0.00  0.00
S  0.912529960419   37.9319998776   12.5711583987  1  1  1  0.00  0.00  0.00
S   3.65009855770   1.58056026723   9.42877990098  1  1  1  0.00  0.00  0.00
S   3.65009930028   1.58055989136   12.5711272263  1  1  1  0.00  0.00  0.00
Mo   5.47515386650   4.74156659446   10.9999541258  1  1  1  0.00  0.00  0.00
Mo   2.73743290315   3.16102636471   10.9999539996  1  1  1  0.00  0.00  0.00
S  0.912529252279   3.16097830058   9.42874416711  1  1  1  0.00  0.00  0.00
S  0.912529296483   3.16097793270   12.5711640066  1  1  1  0.00  0.00  0.00
S   3.65013924494   4.74153642135   9.42878228139  1  1  1  0.00  0.00  0.00
S   3.65013937486   4.74153564585   12.5711261478  1  1  1  0.00  0.00  0.00
Mo   5.47518379828   7.90259226226   10.9999553820  1  1  1  0.00  0.00  0.00
Mo   2.73744357965   6.32203851685   10.9999546300  1  1  1  0.00  0.00  0.00
S  0.912534377779   6.32207368989   9.42874490583  1  1  1  0.00  0.00  0.00
S  0.912534430630   6.32207271224   12.5711644187  1  1  1  0.00  0.00  0.00
S   3.65014817870   7.90250044803   9.42878998828  1  1  1  0.00  0.00  0.00
S   3.65014783569   7.90249952008   12.5711203547  1  1  1  0.00  0.00  0.00
Mo   5.47523351676   11.0635796430   10.9999561878  1  1  1  0.00  0.00  0.00
Mo   2.73747462456   9.48304313682   10.9999555860  1  1  1  0.00  0.00  0.00
S  0.912542190531   9.48303398558   9.42875150644  1  1  1  0.00  0.00  0.00
S  0.912542261738   9.48303360832   12.5711599188  1  1  1  0.00  0.00  0.00
S   3.65017168430   11.0635898108   9.42879489763  1  1  1  0.00  0.00  0.00
S   3.65017115544   11.0635898710   12.5711165283  1  1  1  0.00  0.00  0.00
Mo   5.47529253413   14.2245582013   10.9999559104  1  1  1  0.00  0.00  0.00
Mo   2.73745938781   12.6440363744   10.9999553614  1  1  1  0.00  0.00  0.00
S  0.912542529029   12.6439850123   9.42874501642  1  1  1  0.00  0.00  0.00
S  0.912542552766   12.6439857916   12.5711661692  1  1  1  0.00  0.00  0.00
S   3.65020615945   14.2245292014   9.42879510934  1  1  1  0.00  0.00  0.00
S   3.65020490434   14.2245302586   12.5711145113  1  1  1  0.00  0.00  0.00
Mo   5.47528303535   17.3855246555   10.9999553816  1  1  1  0.00  0.00  0.00
Mo   2.73746159567   15.8050169008   10.9999540205  1  1  1  0.00  0.00  0.00
S  0.912543878295   15.8050553019   9.42874291217  1  1  1  0.00  0.00  0.00
S  0.912543936557   15.8050564770   12.5711654194  1  1  1  0.00  0.00  0.00
S   3.65019274042   17.3854636807   9.42879759796  1  1  1  0.00  0.00  0.00
S   3.65019083297   17.3854641256   12.5711102716  1  1  1  0.00  0.00  0.00
Mo   5.47528312049   20.5464751428   10.9999553420  1  1  1  0.00  0.00  0.00
Mo   2.73748308971   18.9659998848   10.9999535865  1  1  1  0.00  0.00  0.00
S  0.912547204777   18.9659999038   9.42874772441  1  1  1  0.00  0.00  0.00
S  0.912546918273   18.9659997838   12.5711595234  1  1  1  0.00  0.00  0.00
S   3.65019274430   20.5465361357   9.42879754655  1  1  1  0.00  0.00  0.00
S   3.65019094741   20.5465356108   12.5711102815  1  1  1  0.00  0.00  0.00
Mo   5.47529258707   23.7074415356   10.9999560086  1  1  1  0.00  0.00  0.00
Mo   2.73746165595   22.1269828201   10.9999541107  1  1  1  0.00  0.00  0.00
S  0.912543927436   22.1269443593   9.42874304476  1  1  1  0.00  0.00  0.00
S  0.912544039706   22.1269432822   12.5711655751  1  1  1  0.00  0.00  0.00
S   3.65020619249   23.7074703867   9.42879515970  1  1  1  0.00  0.00  0.00
S   3.65020498248   23.7074694181   12.5711146239  1  1  1  0.00  0.00  0.00
Mo   5.47523361658   26.8684199577   10.9999563938  1  1  1  0.00  0.00  0.00
Mo   2.73745950112   25.2879632281   10.9999554249  1  1  1  0.00  0.00  0.00
S  0.912542574349   25.2880147725   9.42874509212  1  1  1  0.00  0.00  0.00
S  0.912542652543   25.2880138771   12.5711661487  1  1  1  0.00  0.00  0.00
S   3.65017181026   26.8684098493   9.42879504216  1  1  1  0.00  0.00  0.00
S   3.65017118732   26.8684096890   12.5711166269  1  1  1  0.00  0.00  0.00
Mo   5.47518379002   30.0294074517   10.9999555546  1  1  1  0.00  0.00  0.00
Mo   2.73747463336   28.4489565243   10.9999557206  1  1  1  0.00  0.00  0.00
S  0.912542201723   28.4489657172   9.42875158277  1  1  1  0.00  0.00  0.00
S  0.912542212785   28.4489660753   12.5711600505  1  1  1  0.00  0.00  0.00
S   3.65014817445   30.0294991921   9.42879007096  1  1  1  0.00  0.00  0.00
S   3.65014779977   30.0295001239   12.5711204881  1  1  1  0.00  0.00  0.00
Mo   5.47515391902   33.1904330906   10.9999542625  1  1  1  0.00  0.00  0.00
Mo   2.73744351907   31.6099610944   10.9999547743  1  1  1  0.00  0.00  0.00
S  0.912534328240   31.6099260485   9.42874508302  1  1  1  0.00  0.00  0.00
S  0.912534319928   31.6099270192   12.5711644339  1  1  1  0.00  0.00  0.00
S   3.65013937364   33.1904631714   9.42878245508  1  1  1  0.00  0.00  0.00
S   3.65013937241   33.1904639284   12.5711262072  1  1  1  0.00  0.00  0.00
Mo   5.47508960204   36.3514790564   10.9999530313  1  1  1  0.00  0.00  0.00
Mo   2.73743299550   34.7709733690   10.9999540302  1  1  1  0.00  0.00  0.00
S  0.912529392366   34.7710215404   9.42874421293  1  1  1  0.00  0.00  0.00
S  0.912529444861   34.7710219601   12.5711640708  1  1  1  0.00  0.00  0.00
S   3.65009847378   36.3514394849   9.42877977788  1  1  1  0.00  0.00  0.00
S   3.65009929618   36.3514399414   12.5711272333  1  1  1  0.00  0.00  0.00
Mo   10.9503634473   1.58063126587   10.9999595151  1  1  1  0.00  0.00  0.00
Mo   8.21270655401   37.9319998691   10.9999536173  1  1  1  0.00  0.00  0.00
S   6.38779867003   37.9319998607   9.42877213986  1  1  1  0.00  0.00  0.00
S   6.38779800166   37.9319997891   12.5711339452  1  1  1  0.00  0.00  0.00
S   9.12531352700   1.58060590726   9.42878149244  1  1  1  0.00  0.00  0.00
S   9.12530873982   1.58060467893   12.5711286140  1  1  1  0.00  0.00  0.00
Mo   10.9506583899   4.74188139748   10.9999671419  1  1  1  0.00  0.00  0.00
Mo   8.21275207635   3.16110796380   10.9999550158  1  1  1  0.00  0.00  0.00
S   6.38783592380   3.16100347210   9.42877767549  1  1  1  0.00  0.00  0.00
S   6.38783463492   3.16100229940   12.5711297986  1  1  1  0.00  0.00  0.00
S   9.12550000000   4.74168413034   9.42881953458  1  1  1  0.00  0.00  0.00
S   9.12549220022   4.74168221268   12.5710980216  1  1  1  0.00  0.00  0.00
Mo   10.9510791800   7.90305532038   10.9999735553  1  1  1  0.00  0.00  0.00
Mo   8.21290936244   6.32220640332   10.9999581689  1  1  1  0.00  0.00  0.00
S   6.38792754924   6.32214585787   9.42879581783  1  1  1  0.00  0.00  0.00
S   6.38792482195   6.32214448464   12.5711147784  1  1  1  0.00  0.00  0.00
S   9.12578850602   7.90271978402   9.42886345663  1  1  1  0.00  0.00  0.00
S   9.12577991041   7.90271834567   12.5710631482  1  1  1  0.00  0.00  0.00
Mo   10.9515337277   11.0640716492   10.9999825430  1  1  1  0.00  0.00  0.00
Mo   8.21311198909   9.48323271759   10.9999624453  1  1  1  0.00  0.00  0.00
S   6.38803246632   9.48310628517   9.42881849719  1  1  1  0.00  0.00  0.00
S   6.38802728162   9.48310519273   12.5710953480  1  1  1  0.00  0.00  0.00
S   9.12608139457   11.0638056318   9.42891612496  1  1  1  0.00  0.00  0.00
S   9.12607143087   11.0638033718   12.5710247229  1  1  1  0.00  0.00  0.00
Mo   10.9519034810   14.2249242808   10.9999919599  1  1  1  0.00  0.00  0.00
Mo   8.21325069600   12.6441930470   10.9999683690  1  1  1  0.00  0.00  0.00
S   6.38811642551   12.6440361073   9.42883488113  1  1  1  0.00  0.00  0.00
S   6.38810682177   12.6440361583   12.5710818374  1  1  1  0.00  0.00  0.00
S   9.12630389942   14.2246911944   9.42896605628  1  1  1  0.00  0.00  0.00
S   9.12629200938   14.2246909611   12.5709909048  1  1  1  0.00  0.00  0.00
Mo   10.9520620247   17.3856574142   10.9999898259  1  1  1  0.00  0.00  0.00
Mo   8.21334966578   15.8051182192   10.9999723338  1  1  1  0.00  0.00  0.00
S   6.38816855570   15.8050998487   9.42884644240  1  1  1  0.00  0.00  0.00
S   6.38815520835   15.8051004071   12.5710711279  1  1  1  0.00  0.00  0.00
S   9.12641092122   17.3855271909   9.42898123383  1  1  1  0.00  0.00  0.00
S   9.12640365681   17.3855283864   12.5709801251  1  1  1  0.00  0.00  0.00
Mo   10.9520621014   20.5463424505   10.9999898780  1  1  1  0.00  0.00  0.00
Mo   8.21340049706   18.9659999424   10.9999731785  1  1  1  0.00  0.00  0.00
S   6.38818626700   18.9659999342   9.42885216264  1  1  1  0.00  0.00  0.00
S   6.38817210491   18.9660000084   12.5710651802  1  1  1  0.00  0.00  0.00
S   9.12641106547   20.5464727472   9.42898135618  1  1  1  0.00  0.00  0.00
S   9.12640375096   20.5464715079   12.5709800669  1  1  1  0.00  0.00  0.00
Mo   10.9519034796   23.7070753771   10.9999919575  1  1  1  0.00  0.00  0.00
Mo   8.21334970035   22.1268816838   10.9999724585  1  1  1  0.00  0.00  0.00
S   6.38816864540   22.1269000219   9.42884637884  1  1  1  0.00  0.00  0.00
S   6.38815523518   22.1268993615   12.5710711458  1  1  1  0.00  0.00  0.00
S   9.12630392248   23.7073086941   9.42896611997  1  1  1  0.00  0.00  0.00
S   9.12629214287   23.7073088188   12.5709910093  1  1  1  0.00  0.00  0.00
Mo   10.9515336409   26.8679280295   10.9999825970  1  1  1  0.00  0.00  0.00
Mo   8.21325077512   25.2878067575   10.9999684787  1  1  1  0.00  0.00  0.00
S   6.38811656850   25.2879635323   9.42883495163  1  1  1  0.00  0.00  0.00
S   6.38810696995   25.2879633940   12.5710820300  1  1  1  0.00  0.00  0.00
S   9.12608131084   26.8681942458   9.42891632498  1  1  1  0.00  0.00  0.00
S   9.12607156268   26.8681963563   12.5710249968  1  1  1  0.00  0.00  0.00
Mo   10.9510791430   30.0289443427   10.9999737136  1  1  1  0.00  0.00  0.00
Mo   8.21311200397   28.4487670037   10.9999627619  1  1  1  0.00  0.00  0.00
S   6.38803253313   28.4488934376   9.42881885820  1  1  1  0.00  0.00  0.00
S   6.38802722639   28.4488944822   12.5710955509  1  1  1  0.00  0.00  0.00
S   9.12578854250   30.0292797979   9.42886368079  1  1  1  0.00  0.00  0.00
S   9.12577995763   30.0292814538   12.5710633857  1  1  1  0.00  0.00  0.00
Mo   10.9506583827   33.1901183543   10.9999671925  1  1  1  0.00  0.00  0.00
Mo   8.21290943665   31.6097932197   10.9999582771  1  1  1  0.00  0.00  0.00
S   6.38792759137   31.6098538116   9.42879597242  1  1  1  0.00  0.00  0.00
S   6.38792494050   31.6098552184   12.5711149234  1  1  1  0.00  0.00  0.00
S   9.12550006670   33.1903155448   9.42881955012  1  1  1  0.00  0.00  0.00
S   9.12549227922   33.1903174303   12.5710980347  1  1  1  0.00  0.00  0.00
Mo   10.9503634050   36.3513686796   10.9999595408  1  1  1  0.00  0.00  0.00
Mo   8.21275213137   34.7708917478   10.9999550383  1  1  1  0.00  0.00  0.00
S   6.38783595368   34.7709961295   9.42877777574  1  1  1  0.00  0.00  0.00
S   6.38783463431   34.7709975372   12.5711297772  1  1  1  0.00  0.00  0.00
S   9.12531351222   36.3513938546   9.42878155821  1  1  1  0.00  0.00  0.00
S   9.12530870130   36.3513950952   12.5711286311  1  1  1  0.00  0.00  0.00
Mo   16.4262909743   1.58102869571   11.0000044813  1  1  1  0.00  0.00  0.00
Mo   13.6882560176   37.9319999923   10.9999743132  1  1  1  0.00  0.00  0.00
S   11.8630377570   37.9319999633   9.42885629767  1  1  1  0.00  0.00  0.00
S   11.8630256795   37.9319999884   12.5710664364  1  1  1  0.00  0.00  0.00
S   14.6010700194   1.58084289341   9.42894481984  1  1  1  0.00  0.00  0.00
S   14.6010549099   1.58084818119   12.5710253718  1  1  1  0.00  0.00  0.00
Mo   16.4271138279   4.74299623213   10.9998994088  1  1  1  0.00  0.00  0.00
Mo   13.6885056321   3.16155915280   10.9999802785  1  1  1  0.00  0.00  0.00
S   11.8632203174   3.16123727785   9.42889182724  1  1  1  0.00  0.00  0.00
S   11.8632092224   3.16123572994   12.5710434757  1  1  1  0.00  0.00  0.00
S   14.6017105449   4.74234427407   9.42899400112  1  1  1  0.00  0.00  0.00
S   14.6017856589   4.74238359911   12.5709405261  1  1  1  0.00  0.00  0.00
Mo   16.4283279332   7.90461573471   10.9996374387  1  1  1  0.00  0.00  0.00
Mo   13.6892107503   6.32302090264   10.9999624259  1  1  1  0.00  0.00  0.00
S   11.8637411427   6.32257375865   9.42896114482  1  1  1  0.00  0.00  0.00
S   11.8637551525   6.32257923609   12.5709831157  1  1  1  0.00  0.00  0.00
S   14.6027035288   7.90368852679   9.42895989855  1  1  1  0.00  0.00  0.00
S   14.6029734084   7.90373966968   12.5707845925  1  1  1  0.00  0.00  0.00
Mo   16.4295924355   11.0656984181   10.9994265941  1  1  1  0.00  0.00  0.00
Mo   13.6901343030   9.48426046060   10.9999082984  1  1  1  0.00  0.00  0.00
S   11.8644210405   9.48365787762   9.42902992879  1  1  1  0.00  0.00  0.00
S   11.8644914217   9.48366049301   12.5709057416  1  1  1  0.00  0.00  0.00
S   14.6037944585   11.0648963986   9.42889040109  1  1  1  0.00  0.00  0.00
S   14.6041961985   11.0649199357   12.5706456590  1  1  1  0.00  0.00  0.00
Mo   16.4305931603   14.2261555360   10.9992611793  1  1  1  0.00  0.00  0.00
Mo   13.6909152473   12.6451473264   10.9998536330  1  1  1  0.00  0.00  0.00
S   11.8649863625   12.6445446529   9.42909262728  1  1  1  0.00  0.00  0.00
S   11.8651155006   12.6445448968   12.5708416802  1  1  1  0.00  0.00  0.00
S   14.6046627258   14.2255234874   9.42880691760  1  1  1  0.00  0.00  0.00
S   14.6051363457   14.2255741870   12.5705281519  1  1  1  0.00  0.00  0.00
Mo   16.4310943273   17.3861181377   10.9990471090  1  1  1  0.00  0.00  0.00
Mo   13.6914475587   15.8056795753   10.9997780964  1  1  1  0.00  0.00  0.00
S   11.8653529623   15.8053891536   9.42912131450  1  1  1  0.00  0.00  0.00
S   11.8655522972   15.8053999495   12.5707879136  1  1  1  0.00  0.00  0.00
S   14.6050806861   17.3858222846   9.42867556219  1  1  1  0.00  0.00  0.00
S   14.6056854592   17.3858673070   12.5704059704  1  1  1  0.00  0.00  0.00
Mo   16.4310943303   20.5458817936   10.9990470929  1  1  1  0.00  0.00  0.00
Mo   13.6916544146   18.9659998612   10.9997262253  1  1  1  0.00  0.00  0.00
S   11.8654867502   18.9659999539   9.42911900366  1  1  1  0.00  0.00  0.00
S   11.8657309440   18.9659999029   12.5707606210  1  1  1  0.00  0.00  0.00
S   14.6050806732   20.5461774174   9.42867545265  1  1  1  0.00  0.00  0.00
S   14.6056854578   20.5461324014   12.5704059887  1  1  1  0.00  0.00  0.00
Mo   16.4305931000   23.7058444324   10.9992611187  1  1  1  0.00  0.00  0.00
Mo   13.6914475621   22.1263201035   10.9997780241  1  1  1  0.00  0.00  0.00
S   11.8653529811   22.1266106142   9.42912124587  1  1  1  0.00  0.00  0.00
S   11.8655524621   22.1265998074   12.5707879852  1  1  1  0.00  0.00  0.00
S   14.6046625909   23.7064763073   9.42880689025  1  1  1  0.00  0.00  0.00
S   14.6051363148   23.7064255078   12.5705281043  1  1  1  0.00  0.00  0.00
Mo   16.4295922746   26.8663014377   10.9994266995  1  1  1  0.00  0.00  0.00
Mo   13.6909151273   25.2868523621   10.9998536623  1  1  1  0.00  0.00  0.00
S   11.8649862658   25.2874550504   9.42909268225  1  1  1  0.00  0.00  0.00
S   11.8651153995   25.2874547701   12.5708417702  1  1  1  0.00  0.00  0.00
S   14.6037942493   26.8671033838   9.42889047769  1  1  1  0.00  0.00  0.00
S   14.6041959483   26.8670798728   12.5706457083  1  1  1  0.00  0.00  0.00
Mo   16.4283278019   30.0273841428   10.9996374419  1  1  1  0.00  0.00  0.00
Mo   13.6901341432   28.4477393160   10.9999082872  1  1  1  0.00  0.00  0.00
S   11.8644209154   28.4483418393   9.42902997677  1  1  1  0.00  0.00  0.00
S   11.8644913906   28.4483391563   12.5709059029  1  1  1  0.00  0.00  0.00
S   14.6027034124   30.0283110880   9.42895985541  1  1  1  0.00  0.00  0.00
S   14.6029733756   30.0282599640   12.5707846993  1  1  1  0.00  0.00  0.00
Mo   16.4271137556   33.1890036246   10.9998993905  1  1  1  0.00  0.00  0.00
Mo   13.6892106149   31.6089786700   10.9999625306  1  1  1  0.00  0.00  0.00
S   11.8637410570   31.6094258791   9.42896132740  1  1  1  0.00  0.00  0.00
S   11.8637550439   31.6094204904   12.5709832449  1  1  1  0.00  0.00  0.00
S   14.6017102833   33.1896553753   9.42899415069  1  1  1  0.00  0.00  0.00
S   14.6017854720   33.1896162325   12.5709403653  1  1  1  0.00  0.00  0.00
Mo   16.4262908894   36.3509712263   11.0000045255  1  1  1  0.00  0.00  0.00
Mo   13.6885055356   34.7704407515   10.9999802874  1  1  1  0.00  0.00  0.00
S   11.8632202150   34.7707626485   9.42889181610  1  1  1  0.00  0.00  0.00
S   11.8632092236   34.7707642070   12.5710434739  1  1  1  0.00  0.00  0.00
S   14.6010699865   36.3511570627   9.42894481916  1  1  1  0.00  0.00  0.00
S   14.6010547896   36.3511517195   12.5710253975  1  1  1  0.00  0.00  0.00
Mo   21.9025005577   1.58175784225   10.9997705072  1  1  1  0.00  0.00  0.00
Mo   19.1642229986   37.9319998379   11.0000374274  1  1  1  0.00  0.00  0.00
S   17.3388132904   37.9319999387   9.42907412798  1  1  1  0.00  0.00  0.00
S   17.3388073641   37.9319999406   12.5709764062  1  1  1  0.00  0.00  0.00
S   20.0769266570   1.58135596145   9.42915831106  1  1  1  0.00  0.00  0.00
S   20.0771030683   1.58155250565   12.5707328092  1  1  1  0.00  0.00  0.00
Mo   21.9035454455   4.74482530252   10.9989228939  1  1  1  0.00  0.00  0.00
Mo   19.1647361429   3.16268876705   10.9998173740  1  1  1  0.00  0.00  0.00
S   17.3392474257   3.16197767566   9.42901988401  1  1  1  0.00  0.00  0.00
S   17.3393850222   3.16209748341   12.5708743492  1  1  1  0.00  0.00  0.00
S   20.0779215967   4.74380125372   9.42849766513  1  1  1  0.00  0.00  0.00
S   20.0784309309   4.74419738390   12.5701669350  1  1  1  0.00  0.00  0.00
Mo   21.9049938416   7.90668785862   10.9993850967  1  1  1  0.00  0.00  0.00
Mo   19.1660807609   6.32491658528   10.9992337588  1  1  1  0.00  0.00  0.00
S   17.3404262076   6.32391816017   9.42873154078  1  1  1  0.00  0.00  0.00
S   17.3408969830   6.32410652736   12.5705278438  1  1  1  0.00  0.00  0.00
S   20.0799935183   7.90587994088   9.42798677494  1  1  1  0.00  0.00  0.00
S   20.0796369553   7.90568616278   12.5700106965  1  1  1  0.00  0.00  0.00
Mo   21.9068212505   11.0675753260   11.0022709199  1  1  1  0.00  0.00  0.00
Mo   19.1676037037   9.48625021582   10.9990998976  1  1  1  0.00  0.00  0.00
S   17.3419930921   9.48532632882   9.42839190961  1  1  1  0.00  0.00  0.00
S   17.3423227900   9.48536676813   12.5702988028  1  1  1  0.00  0.00  0.00
S   20.0828768564   11.0671251561   9.42886998015  1  1  1  0.00  0.00  0.00
S   20.0798538019   11.0664552435   12.5711369310  1  1  1  0.00  0.00  0.00
Mo   21.9084695830   14.2276677299   11.0045042176  1  1  1  0.00  0.00  0.00
Mo   19.1688684362   12.6467719581   10.9996329011  1  1  1  0.00  0.00  0.00
S   17.3436516578   12.6460364943   9.42825220939  1  1  1  0.00  0.00  0.00
S   17.3432583961   12.6460761143   12.5703838459  1  1  1  0.00  0.00  0.00
S   20.0850230462   14.2269237173   9.42980669263  1  1  1  0.00  0.00  0.00
S   20.0803030488   14.2268063176   12.5721879327  1  1  1  0.00  0.00  0.00
Mo   21.9093704492   17.3867061022   11.0044106636  1  1  1  0.00  0.00  0.00
Mo   19.1697306152   15.8066168871   10.9998381573  1  1  1  0.00  0.00  0.00
S   17.3447385554   15.8062108273   9.42803890769  1  1  1  0.00  0.00  0.00
S   17.3439538222   15.8063828247   12.5703373314  1  1  1  0.00  0.00  0.00
S   20.0856408390   17.3862352027   9.42975734650  1  1  1  0.00  0.00  0.00
S   20.0810427560   17.3864400581   12.5722470120  1  1  1  0.00  0.00  0.00
Mo   21.9093704981   20.5452941728   11.0044106063  1  1  1  0.00  0.00  0.00
Mo   19.1700403451   18.9660000488   10.9997393620  1  1  1  0.00  0.00  0.00
S   17.3450577353   18.9660000094   9.42785904563  1  1  1  0.00  0.00  0.00
S   17.3442574762   18.9660000005   12.5702394326  1  1  1  0.00  0.00  0.00
S   20.0856407622   20.5457650087   9.42975736918  1  1  1  0.00  0.00  0.00
S   20.0810427698   20.5455601417   12.5722470055  1  1  1  0.00  0.00  0.00
Mo   21.9084695501   23.7043325328   11.0045040163  1  1  1  0.00  0.00  0.00
Mo   19.1697305268   22.1253832795   10.9998382051  1  1  1  0.00  0.00  0.00
S   17.3447384939   22.1257892068   9.42803890304  1  1  1  0.00  0.00  0.00
S   17.3439537339   22.1256173093   12.5703372995  1  1  1  0.00  0.00  0.00
S   20.0850228642   23.7050764794   9.42980667619  1  1  1  0.00  0.00  0.00
S   20.0803031618   23.7051938451   12.5721879179  1  1  1  0.00  0.00  0.00
Mo   21.9068213232   26.8644248401   11.0022709145  1  1  1  0.00  0.00  0.00
Mo   19.1688684067   25.2852281535   10.9996329876  1  1  1  0.00  0.00  0.00
S   17.3436516383   25.2859635134   9.42825224622  1  1  1  0.00  0.00  0.00
S   17.3432582796   25.2859238380   12.5703838956  1  1  1  0.00  0.00  0.00
S   20.0828768031   26.8648749462   9.42887007723  1  1  1  0.00  0.00  0.00
S   20.0798539237   26.8655448632   12.5711370147  1  1  1  0.00  0.00  0.00
Mo   21.9049938282   30.0253121405   10.9993848970  1  1  1  0.00  0.00  0.00
Mo   19.1676036129   28.4457498008   10.9990999726  1  1  1  0.00  0.00  0.00
S   17.3419930486   28.4466735609   9.42839194445  1  1  1  0.00  0.00  0.00
S   17.3423226846   28.4466331802   12.5702988795  1  1  1  0.00  0.00  0.00
S   20.0799933741   30.0261199342   9.42798669780  1  1  1  0.00  0.00  0.00
S   20.0796369581   30.0263138498   12.5700107271  1  1  1  0.00  0.00  0.00
Mo   21.9035454246   33.1871745904   10.9989228021  1  1  1  0.00  0.00  0.00
Mo   19.1660807071   31.6070833388   10.9992337763  1  1  1  0.00  0.00  0.00
S   17.3404260870   31.6080817299   9.42873161691  1  1  1  0.00  0.00  0.00
S   17.3408968514   31.6078934039   12.5705277948  1  1  1  0.00  0.00  0.00
S   20.0779215442   33.1881986037   9.42849762605  1  1  1  0.00  0.00  0.00
S   20.0784308747   33.1878026104   12.5701667874  1  1  1  0.00  0.00  0.00
Mo   21.9025005173   36.3502421452   10.9997704470  1  1  1  0.00  0.00  0.00
Mo   19.1647361658   34.7693111543   10.9998171517  1  1  1  0.00  0.00  0.00
S   17.3392473408   34.7700223441   9.42901984115  1  1  1  0.00  0.00  0.00
S   17.3393850756   34.7699024887   12.5708742406  1  1  1  0.00  0.00  0.00
S   20.0769267873   36.3506438714   9.42915809274  1  1  1  0.00  0.00  0.00
S   20.0771031375   36.3504472019   12.5707328655  1  1  1  0.00  0.00  0.00
Mo   27.3775309201   1.58243618404   10.9987495290  1  1  1  0.00  0.00  0.00
Mo   24.6402163714 1.74787985339e-08   10.9994990270  1  1  1  0.00  0.00  0.00
S   22.8148061875 4.07253991996e-08   9.42914797588  1  1  1  0.00  0.00  0.00
S   22.8151067649   37.9319999775   12.5704940366  1  1  1  0.00  0.00  0.00
S   25.5523771737   1.58205341823   9.42838905431  1  1  1  0.00  0.00  0.00
S   25.5527296309   1.58244339900   12.5697428195  1  1  1  0.00  0.00  0.00
Mo   27.3779263875   4.74636222396   10.9999584402  1  1  1  0.00  0.00  0.00
Mo   24.6406006325   3.16405561185   10.9988281734  1  1  1  0.00  0.00  0.00
S   22.8153105168   3.16318129955   9.42837912392  1  1  1  0.00  0.00  0.00
S   22.8157381243   3.16372906480   12.5699390763  1  1  1  0.00  0.00  0.00
S   25.5537304016   4.74649510370   9.42798882397  1  1  1  0.00  0.00  0.00
S   25.5528829861   4.74503334112   12.5701186957  1  1  1  0.00  0.00  0.00
Mo   27.3790656111   7.90900169777   11.0076274437  1  1  1  0.00  0.00  0.00
Mo   24.6416980053   6.32683054780   10.9999317369  1  1  1  0.00  0.00  0.00
S   22.8174510455   6.32651305768   9.42788349121  1  1  1  0.00  0.00  0.00
S   22.8164639214   6.32566758613   12.5700518765  1  1  1  0.00  0.00  0.00
S   25.5571213233   7.91055238012   9.43288442732  1  1  1  0.00  0.00  0.00
S   25.5521604334   7.90489283995   12.5757467658  1  1  1  0.00  0.00  0.00
Mo   27.3817329720   11.0718600538   11.0148379554  1  1  1  0.00  0.00  0.00
Mo   24.6432539545   9.48836194013   11.0059466892  1  1  1  0.00  0.00  0.00
S   22.8211017054   9.48872274437   9.43086245715  1  1  1  0.00  0.00  0.00
S   22.8157937075   9.48589495759   12.5735539720  1  1  1  0.00  0.00  0.00
S   25.5600205786   11.0714508002   9.43990446704  1  1  1  0.00  0.00  0.00
S   25.5535773621   11.0673554576   12.5823605700  1  1  1  0.00  0.00  0.00
Mo   27.3906476198   14.2358470523   11.0132130123  1  1  1  0.00  0.00  0.00
Mo   24.6471823677   12.6501990519   11.0108796482  1  1  1  0.00  0.00  0.00
S   22.8249814284   12.6489238948   9.43497788569  1  1  1  0.00  0.00  0.00
S   22.8174989894   12.6471248817   12.5768649895  1  1  1  0.00  0.00  0.00
S   25.5648931076   14.2298919590   9.44168272648  1  1  1  0.00  0.00  0.00
S   25.5628177180   14.2319949381   12.5827860475  1  1  1  0.00  0.00  0.00
Mo   27.3966928239   17.3890832178   10.9992996532  1  1  1  0.00  0.00  0.00
Mo   24.6504325295   15.8093737257   11.0095481076  1  1  1  0.00  0.00  0.00
S   22.8259407317   15.8072706758   9.43579457901  1  1  1  0.00  0.00  0.00
S   22.8209983404   15.8078968119   12.5771810763  1  1  1  0.00  0.00  0.00
S   25.5633977025   17.3860412749   9.43526334082  1  1  1  0.00  0.00  0.00
S   25.5729424868   17.3901714279   12.5754396748  1  1  1  0.00  0.00  0.00
Mo   27.3966926144   20.5429166014   10.9992996609  1  1  1  0.00  0.00  0.00
Mo   24.6519256796   18.9660001901   11.0060621268  1  1  1  0.00  0.00  0.00
S   22.8252089804   18.9660000834   9.43468334053  1  1  1  0.00  0.00  0.00
S   22.8234172375   18.9660001980   12.5758256162  1  1  1  0.00  0.00  0.00
S   25.5633975018   20.5459589862   9.43526320006  1  1  1  0.00  0.00  0.00
S   25.5729421599   20.5418290381   12.5754397209  1  1  1  0.00  0.00  0.00
Mo   27.3906472287   23.6961535129   11.0132128453  1  1  1  0.00  0.00  0.00
Mo   24.6504326051   22.1226267458   11.0095479659  1  1  1  0.00  0.00  0.00
S   22.8259408590   22.1247296342   9.43579443292  1  1  1  0.00  0.00  0.00
S   22.8209985197   22.1241036279   12.5771808424  1  1  1  0.00  0.00  0.00
S   25.5648929369   23.7021086135   9.44168228566  1  1  1  0.00  0.00  0.00
S   25.5628175382   23.7000056553   12.5827860404  1  1  1  0.00  0.00  0.00
Mo   27.3817328559   26.8601403563   11.0148379393  1  1  1  0.00  0.00  0.00
Mo   24.6471823359   25.2818012068   11.0108794407  1  1  1  0.00  0.00  0.00
S   22.8249814712   25.2830763876   9.43497772599  1  1  1  0.00  0.00  0.00
S   22.8174991593   25.2848752750   12.5768647431  1  1  1  0.00  0.00  0.00
S   25.5600208681   26.8605493392   9.43990425316  1  1  1  0.00  0.00  0.00
S   25.5535774502   26.8646446076   12.5823604675  1  1  1  0.00  0.00  0.00
Mo   27.3790657073   30.0229985615   11.0076275519  1  1  1  0.00  0.00  0.00
Mo   24.6432540119   28.4436381897   11.0059465650  1  1  1  0.00  0.00  0.00
S   22.8211017947   28.4432773130   9.43086227949  1  1  1  0.00  0.00  0.00
S   22.8157938052   28.4461052276   12.5735538833  1  1  1  0.00  0.00  0.00
S   25.5571215219   30.0214478202   9.43288450420  1  1  1  0.00  0.00  0.00
S   25.5521604483   30.0271072369   12.5757467555  1  1  1  0.00  0.00  0.00
Mo   27.3779264369   33.1856378825   10.9999585339  1  1  1  0.00  0.00  0.00
Mo   24.6416980443   31.6051695846   10.9999318387  1  1  1  0.00  0.00  0.00
S   22.8174512245   31.6054869225   9.42788343248  1  1  1  0.00  0.00  0.00
S   22.8164638755   31.6063322977   12.5700518385  1  1  1  0.00  0.00  0.00
S   25.5537304028   33.1855051491   9.42798891879  1  1  1  0.00  0.00  0.00
S   25.5528829528   33.1869670914   12.5701186956  1  1  1  0.00  0.00  0.00
Mo   27.3775308496   36.3495638825   10.9987494632  1  1  1  0.00  0.00  0.00
Mo   24.6406005964   34.7679445948   10.9988281340  1  1  1  0.00  0.00  0.00
S   22.8153104890   34.7688187143   9.42837913870  1  1  1  0.00  0.00  0.00
S   22.8157380414   34.7682708918   12.5699389709  1  1  1  0.00  0.00  0.00
S   25.5523771723   36.3499466665   9.42838889028  1  1  1  0.00  0.00  0.00
S   25.5527296689   36.3495566675   12.5697428264  1  1  1  0.00  0.00  0.00
Mo   32.8505204549   1.58268740552   10.9987831651  1  1  1  0.00  0.00  0.00
Mo   30.1143235225 5.71686816739e-08   10.9985144154  1  1  1  0.00  0.00  0.00
S   28.2894294706 1.69369404143e-08   9.42810537406  1  1  1  0.00  0.00  0.00
S   28.2895721307 2.35502958568e-09   12.5692803687  1  1  1  0.00  0.00  0.00
S   31.0261164822   1.58315858800   9.42794969875  1  1  1  0.00  0.00  0.00
S   31.0260534397   1.58225175734   12.5694025557  1  1  1  0.00  0.00  0.00
Mo   32.8502779906   4.74754885238   11.0022936399  1  1  1  0.00  0.00  0.00
Mo   30.1142631192   3.16493175966   10.9993312371  1  1  1  0.00  0.00  0.00
S   28.2897867433   3.16542328791   9.42806447118  1  1  1  0.00  0.00  0.00
S   28.2895561870   3.16396221204   12.5698283752  1  1  1  0.00  0.00  0.00
S   31.0261342835   4.75001312934   9.43108611015  1  1  1  0.00  0.00  0.00
S   31.0263333017   4.74389870621   12.5733775119  1  1  1  0.00  0.00  0.00
Mo   32.8505782203   7.91333706219   11.0109441062  1  1  1  0.00  0.00  0.00
Mo   30.1146183380   6.32864831261   11.0059859415  1  1  1  0.00  0.00  0.00
S   28.2915118439   6.33144960234   9.43301796598  1  1  1  0.00  0.00  0.00
S   28.2890684211   6.32435370637   12.5756674273  1  1  1  0.00  0.00  0.00
S   31.0272200133   7.91442573515   9.44003375654  1  1  1  0.00  0.00  0.00
S   31.0268396635   7.90683192176   12.5822923697  1  1  1  0.00  0.00  0.00
Mo   32.8519307367   11.0827206209   11.0133468153  1  1  1  0.00  0.00  0.00
Mo   30.1165183887   9.49279225594   11.0148438564  1  1  1  0.00  0.00  0.00
S   28.2938633463   9.49359022792   9.44206735278  1  1  1  0.00  0.00  0.00
S   28.2903841420   9.48754971232   12.5843178264  1  1  1  0.00  0.00  0.00
S   31.0278561017   11.0748509890   9.44432091741  1  1  1  0.00  0.00  0.00
S   31.0304329415   11.0770442007   12.5862809830  1  1  1  0.00  0.00  0.00
Mo   32.8518686181   14.2541246220   10.9945722181  1  1  1  0.00  0.00  0.00
Mo   30.1203757605   12.6576980655   11.0142043381  1  1  1  0.00  0.00  0.00
S   28.2961343338   12.6518867895   9.44425306555  1  1  1  0.00  0.00  0.00
S   28.2966757654   12.6553212480   12.5862522360  1  1  1  0.00  0.00  0.00
S   31.0280381540   14.2295877894   9.43294030665  1  1  1  0.00  0.00  0.00
S   31.0396014941   14.2498570909   12.5773370359  1  1  1  0.00  0.00  0.00
Mo   32.8808611194   17.4397063203   10.9000950954  1  1  1  0.00  0.00  0.00
Mo   30.1368527124   15.8215496237   10.9944269384  1  1  1  0.00  0.00  0.00
S   28.3030767085   15.8062194410   9.43191133792  1  1  1  0.00  0.00  0.00
S   28.3188579969   15.8240876883   12.5760451662  1  1  1  0.00  0.00  0.00
S   31.0431413095   17.3722465485   9.37499847445  1  1  1  0.00  0.00  0.00
S   31.1160703658   17.4395860552   12.5242329029  1  1  1  0.00  0.00  0.00
Mo   32.8808618849   20.4922946060   10.9000938939  1  1  1  0.00  0.00  0.00
Mo   30.1557173467   18.9659995591   10.9543472747  1  1  1  0.00  0.00  0.00
S   28.2965910687   18.9659996099   9.41677838424  1  1  1  0.00  0.00  0.00
S   28.3388955287   18.9659996636   12.5527326255  1  1  1  0.00  0.00  0.00
S   31.0431409126   20.5597526523   9.37499833716  1  1  1  0.00  0.00  0.00
S   31.1160711387   20.4924132572   12.5242317133  1  1  1  0.00  0.00  0.00
Mo   32.8518687729   23.6778764853   10.9945720381  1  1  1  0.00  0.00  0.00
Mo   30.1368525335   22.1104505471   10.9944266618  1  1  1  0.00  0.00  0.00
S   28.3030756620   22.1257808009   9.43191128162  1  1  1  0.00  0.00  0.00
S   28.3188571007   22.1079127677   12.5760449478  1  1  1  0.00  0.00  0.00
S   31.0280378705   23.7024132435   9.43294046205  1  1  1  0.00  0.00  0.00
S   31.0396008334   23.6821440952   12.5773363480  1  1  1  0.00  0.00  0.00
Mo   32.8519306025   26.8492801398   11.0133467990  1  1  1  0.00  0.00  0.00
Mo   30.1203754029   25.2743029137   11.0142043230  1  1  1  0.00  0.00  0.00
S   28.2961341494   25.2801139172   9.44425298867  1  1  1  0.00  0.00  0.00
S   28.2966754785   25.2766794873   12.5862522496  1  1  1  0.00  0.00  0.00
S   31.0278560403   26.8571495284   9.44432091071  1  1  1  0.00  0.00  0.00
S   31.0304329662   26.8549565561   12.5862812754  1  1  1  0.00  0.00  0.00
Mo   32.8505781407   30.0186631467   11.0109441091  1  1  1  0.00  0.00  0.00
Mo   30.1165183763   28.4392082394   11.0148439271  1  1  1  0.00  0.00  0.00
S   28.2938633414   28.4384099637   9.44206740422  1  1  1  0.00  0.00  0.00
S   28.2903841378   28.4444505051   12.5843179085  1  1  1  0.00  0.00  0.00
S   31.0272198860   30.0175747037   9.44003383785  1  1  1  0.00  0.00  0.00
S   31.0268396233   30.0251683333   12.5822925118  1  1  1  0.00  0.00  0.00
Mo   32.8502779552   33.1844514418   11.0022935643  1  1  1  0.00  0.00  0.00
Mo   30.1146184365   31.6033521668   11.0059861529  1  1  1  0.00  0.00  0.00
S   28.2915120555   31.6005506272   9.43301810587  1  1  1  0.00  0.00  0.00
S   28.2890684963   31.6076466017   12.5756675972  1  1  1  0.00  0.00  0.00
S   31.0261342385   33.1819873300   9.43108604922  1  1  1  0.00  0.00  0.00
S   31.0263334230   33.1881019159   12.5733776044  1  1  1  0.00  0.00  0.00
Mo   32.8505203874   36.3493128232   10.9987830639  1  1  1  0.00  0.00  0.00
Mo   30.1142630114   34.7670685101   10.9993311978  1  1  1  0.00  0.00  0.00
S   28.2897866946   34.7665767901   9.42806443967  1  1  1  0.00  0.00  0.00
S   28.2895561527   34.7680379768   12.5698283945  1  1  1  0.00  0.00  0.00
S   31.0261163788   36.3488415212   9.42794962316  1  1  1  0.00  0.00  0.00
S   31.0260534768   36.3497484372   12.5694025308  1  1  1  0.00  0.00  0.00
Mo   38.3229552576   1.58265184127   10.9991552608  1  1  1  0.00  0.00  0.00
Mo   35.5866785521 1.09590615678e-07   10.9988947774  1  1  1  0.00  0.00  0.00
S   33.7622283613 1.22343108183e-07   9.42804768623  1  1  1  0.00  0.00  0.00
S   33.7619726046 2.60373690115e-08   12.5694220132  1  1  1  0.00  0.00  0.00
S   36.4982415833   1.58309007940   9.42843450580  1  1  1  0.00  0.00  0.00
S   36.4982928100   1.58241088854   12.5698164726  1  1  1  0.00  0.00  0.00
Mo   38.3224796509   4.74701473666   10.9998630587  1  1  1  0.00  0.00  0.00
Mo   35.5864384350   3.16515349227   10.9995784692  1  1  1  0.00  0.00  0.00
S   33.7616405639   3.16680302485   9.42905090964  1  1  1  0.00  0.00  0.00
S   33.7624987712   3.16357381806   12.5707939782  1  1  1  0.00  0.00  0.00
S   36.4968962621   4.74953507757   9.43007860110  1  1  1  0.00  0.00  0.00
S   36.4991312526   4.74528032051   12.5719448002  1  1  1  0.00  0.00  0.00
Mo   38.3212379412   7.91070943105   11.0044394219  1  1  1  0.00  0.00  0.00
Mo   35.5858803151   6.32974236539   11.0045450269  1  1  1  0.00  0.00  0.00
S   33.7606587351   6.33400784068   9.43518700647  1  1  1  0.00  0.00  0.00
S   33.7628522961   6.32658923063   12.5767484495  1  1  1  0.00  0.00  0.00
S   36.4952395793   7.91443251458   9.43597796386  1  1  1  0.00  0.00  0.00
S   36.4982809661   7.91041002872   12.5770942522  1  1  1  0.00  0.00  0.00
Mo   38.3176759108   11.0759181010   11.0061264788  1  1  1  0.00  0.00  0.00
Mo   35.5846888239   9.49607573906   11.0096369765  1  1  1  0.00  0.00  0.00
S   33.7597780153   9.49826334719   9.44186323158  1  1  1  0.00  0.00  0.00
S   33.7626345182   9.49747255684   12.5828086007  1  1  1  0.00  0.00  0.00
S   36.4937870567   11.0753337079   9.43547987365  1  1  1  0.00  0.00  0.00
S   36.4926777371   11.0855329889   12.5754580165  1  1  1  0.00  0.00  0.00
Mo   38.3107976022   14.2416465892   10.9993900791  1  1  1  0.00  0.00  0.00
Mo   35.5795043289   12.6647669214   10.9994801435  1  1  1  0.00  0.00  0.00
S   33.7556668445   12.6581384225   9.43209991854  1  1  1  0.00  0.00  0.00
S   33.7632531212   12.6808120963   12.5761902782  1  1  1  0.00  0.00  0.00
S   36.4952936300   14.2325952638   9.41699059089  1  1  1  0.00  0.00  0.00
S   36.4742776752   14.2692433583   12.5528420939  1  1  1  0.00  0.00  0.00
Mo   38.2979977804   17.3985549520   10.9946082944  1  1  1  0.00  0.00  0.00
Mo   35.5653899794   15.8427663291   10.9545589711  1  1  1  0.00  0.00  0.00
S   33.7417795000   15.8142258409   9.37514933796  1  1  1  0.00  0.00  0.00
S   33.7633904241   15.9113970088   12.5243568435  1  1  1  0.00  0.00  0.00
S   36.5021011707   17.4079080277   9.37525026224  1  1  1  0.00  0.00  0.00
S   36.4071388392   17.4376089395   12.5243941894  1  1  1  0.00  0.00  0.00
Mo   38.2979983562   20.5334450726   10.9946087076  1  1  1  0.00  0.00  0.00
Mo   35.5245067054   18.9660004712   10.9002566835  1  1  1  0.00  0.00  0.00
S   33.7622661723   18.9659988597   9.30694274506  1  1  1  0.00  0.00  0.00
S   36.5021022676   20.5240920630   9.37525032144  1  1  1  0.00  0.00  0.00
S   36.4071393391   20.4943914437   12.5243942117  1  1  1  0.00  0.00  0.00
Mo   38.3107980179   23.6903539634   10.9993902241  1  1  1  0.00  0.00  0.00
Mo   35.5653909786   22.0892342879   10.9545586564  1  1  1  0.00  0.00  0.00
S   33.7417808134   22.1177761849   9.37514858188  1  1  1  0.00  0.00  0.00
S   33.7633914381   22.0206043848   12.5243561342  1  1  1  0.00  0.00  0.00
S   36.4952944319   23.6994057936   9.41699043743  1  1  1  0.00  0.00  0.00
S   36.4742783548   23.6627576996   12.5528420701  1  1  1  0.00  0.00  0.00
Mo   38.3176758287   26.8560822158   11.0061265612  1  1  1  0.00  0.00  0.00
Mo   35.5795046570   25.2672338676   10.9994802276  1  1  1  0.00  0.00  0.00
S   33.7556672630   25.2738630750   9.43209994878  1  1  1  0.00  0.00  0.00
S   33.7632534466   25.2511896501   12.5761903652  1  1  1  0.00  0.00  0.00
S   36.4937871504   26.8566665232   9.43547974647  1  1  1  0.00  0.00  0.00
S   36.4926778759   26.8464674880   12.5754583872  1  1  1  0.00  0.00  0.00
Mo   38.3212378975   30.0212908848   11.0044391325  1  1  1  0.00  0.00  0.00
Mo   35.5846887811   28.4359244168   11.0096369454  1  1  1  0.00  0.00  0.00
S   33.7597779128   28.4337367883   9.44186308812  1  1  1  0.00  0.00  0.00
S   33.7626344976   28.4345276464   12.5828086382  1  1  1  0.00  0.00  0.00
S   36.4952393718   30.0175676427   9.43597791824  1  1  1  0.00  0.00  0.00
S   36.4982808669   30.0215902698   12.5770940126  1  1  1  0.00  0.00  0.00
Mo   38.3224795502   33.1849856256   10.9998628973  1  1  1  0.00  0.00  0.00
Mo   35.5858802667   31.6022580406   11.0045448150  1  1  1  0.00  0.00  0.00
S   33.7606585586   31.5979922944   9.43518707274  1  1  1  0.00  0.00  0.00
S   33.7628522791   31.6054110024   12.5767481681  1  1  1  0.00  0.00  0.00
S   36.4968962552   33.1824654246   9.43007828895  1  1  1  0.00  0.00  0.00
S   36.4991311651   33.1867201528   12.5719446182  1  1  1  0.00  0.00  0.00
Mo   38.3229551588   36.3493484588   10.9991551671  1  1  1  0.00  0.00  0.00
Mo   35.5864383730   34.7668468616   10.9995783084  1  1  1  0.00  0.00  0.00
S   33.7616405212   34.7651972843   9.42905075190  1  1  1  0.00  0.00  0.00
S   33.7624988340   34.7684265789   12.5707938746  1  1  1  0.00  0.00  0.00
S   36.4982415150   36.3489102947   9.42843442327  1  1  1  0.00  0.00  0.00
S   36.4982927805   36.3495893065   12.5698164749  1  1  1  0.00  0.00  0.00
Mo   43.7969610795   1.58214130838   10.9997584910  1  1  1  0.00  0.00  0.00
Mo   41.0597646161 5.40544732040e-08   10.9995974860  1  1  1  0.00  0.00  0.00
S   39.2350326121 1.38124408306e-07   9.42886171616  1  1  1  0.00  0.00  0.00
S   39.2346455770 7.09064073403e-08   12.5698906306  1  1  1  0.00  0.00  0.00
S   41.9718758965   1.58237612872   9.42901824734  1  1  1  0.00  0.00  0.00
S   41.9715205873   1.58274386810   12.5700557803  1  1  1  0.00  0.00  0.00
Mo   43.7960452852   4.74568579581   10.9990601182  1  1  1  0.00  0.00  0.00
Mo   41.0593863965   3.16471099866   10.9990797149  1  1  1  0.00  0.00  0.00
S   39.2344585298   3.16537329217   9.42838567240  1  1  1  0.00  0.00  0.00
S   39.2349379316   3.16466567184   12.5700071492  1  1  1  0.00  0.00  0.00
S   41.9708868775   4.74685400935   9.42809241527  1  1  1  0.00  0.00  0.00
S   41.9712940086   4.74617113640   12.5700421257  1  1  1  0.00  0.00  0.00
Mo   43.7947841825   7.90782475893   10.9998257963  1  1  1  0.00  0.00  0.00
Mo   41.0584766987   6.32789088664   10.9997452086  1  1  1  0.00  0.00  0.00
S   39.2327849761   6.33069131506   9.42993962886  1  1  1  0.00  0.00  0.00
S   39.2352889445   6.32679339403   12.5720987378  1  1  1  0.00  0.00  0.00
S   41.9689191586   7.91092331673   9.42982050631  1  1  1  0.00  0.00  0.00
S   41.9710747428   7.90682127380   12.5721812253  1  1  1  0.00  0.00  0.00
Mo   43.7928955409   11.0692389321   11.0045143997  1  1  1  0.00  0.00  0.00
Mo   41.0566695875   9.49037539638   11.0044227799  1  1  1  0.00  0.00  0.00
S   39.2312902302   9.49367024607   9.43477922239  1  1  1  0.00  0.00  0.00
S   39.2322330298   9.49206705081   12.5757945343  1  1  1  0.00  0.00  0.00
S   41.9663927138   11.0738968832   9.43583312259  1  1  1  0.00  0.00  0.00
S   41.9683592712   11.0692746073   12.5771801737  1  1  1  0.00  0.00  0.00
Mo   43.7896147070   14.2298221334   11.0108882051  1  1  1  0.00  0.00  0.00
Mo   41.0520986420   12.6530680349   11.0095903498  1  1  1  0.00  0.00  0.00
S   39.2303718242   12.6552276342   9.43535956320  1  1  1  0.00  0.00  0.00
S   39.2220672217   12.6613637135   12.5754650275  1  1  1  0.00  0.00  0.00
S   41.9628235891   14.2347123478   9.44174875159  1  1  1  0.00  0.00  0.00
S   41.9620760106   14.2318615806   12.5828014725  1  1  1  0.00  0.00  0.00
Mo   43.7890514215   17.3871648614   11.0148095067  1  1  1  0.00  0.00  0.00
Mo   41.0445147894   15.8130054882   11.0132744918  1  1  1  0.00  0.00  0.00
S   39.2285454661   15.8180757622   9.43203831447  1  1  1  0.00  0.00  0.00
S   39.2051411687   15.8227519607   12.5761202143  1  1  1  0.00  0.00  0.00
S   41.9636102507   17.3888985602   9.44422720379  1  1  1  0.00  0.00  0.00
S   41.9604183968   17.3877295622   12.5862640567  1  1  1  0.00  0.00  0.00
Mo   43.7890513576   20.5448353188   11.0148095557  1  1  1  0.00  0.00  0.00
Mo   41.0463888690   18.9660000974   11.0141785665  1  1  1  0.00  0.00  0.00
S   39.2314975419   18.9660001483   9.43301109214  1  1  1  0.00  0.00  0.00
S   39.2082467353   18.9659996923   12.5773716479  1  1  1  0.00  0.00  0.00
S   41.9636102001   20.5431016865   9.44422718235  1  1  1  0.00  0.00  0.00
S   41.9604183167   20.5442707043   12.5862640252  1  1  1  0.00  0.00  0.00
Mo   43.7896145830   23.7021781815   11.0108882930  1  1  1  0.00  0.00  0.00
Mo   41.0445149893   22.1189949049   11.0132744549  1  1  1  0.00  0.00  0.00
S   39.2285455705   22.1139245669   9.43203873442  1  1  1  0.00  0.00  0.00
S   39.2051417645   22.1092486576   12.5761205122  1  1  1  0.00  0.00  0.00
S   41.9628236815   23.6972881539   9.44174861211  1  1  1  0.00  0.00  0.00
S   41.9620759739   23.7001388110   12.5828014439  1  1  1  0.00  0.00  0.00
Mo   43.7928954129   26.8627613900   11.0045143703  1  1  1  0.00  0.00  0.00
Mo   41.0520986895   25.2789323900   11.0095902858  1  1  1  0.00  0.00  0.00
S   39.2303717457   25.2767728321   9.43535966880  1  1  1  0.00  0.00  0.00
S   39.2220674059   25.2706368878   12.5754651372  1  1  1  0.00  0.00  0.00
S   41.9663926299   26.8581032394   9.43583283763  1  1  1  0.00  0.00  0.00
S   41.9683591673   26.8627255902   12.5771801948  1  1  1  0.00  0.00  0.00
Mo   43.7947841550   30.0241755013   10.9998255771  1  1  1  0.00  0.00  0.00
Mo   41.0566695208   28.4416247208   11.0044226005  1  1  1  0.00  0.00  0.00
S   39.2312901015   28.4383297482   9.43477913170  1  1  1  0.00  0.00  0.00
S   39.2322330441   28.4399332535   12.5757943750  1  1  1  0.00  0.00  0.00
S   41.9689190966   30.0210768496   9.42982029389  1  1  1  0.00  0.00  0.00
S   41.9710745984   30.0251789325   12.5721809803  1  1  1  0.00  0.00  0.00
Mo   43.7960451904   33.1863144441   10.9990598680  1  1  1  0.00  0.00  0.00
Mo   41.0584766266   31.6041094074   10.9997449928  1  1  1  0.00  0.00  0.00
S   39.2327848279   31.6013091162   9.42993942636  1  1  1  0.00  0.00  0.00
S   39.2352888543   31.6052069763   12.5720984932  1  1  1  0.00  0.00  0.00
S   41.9708867437   33.1851464108   9.42809222726  1  1  1  0.00  0.00  0.00
S   41.9712939303   33.1858290651   12.5700420041  1  1  1  0.00  0.00  0.00
Mo   43.7969610483   36.3498587849   10.9997585328  1  1  1  0.00  0.00  0.00
Mo   41.0593862905   34.7672892111   10.9990796606  1  1  1  0.00  0.00  0.00
S   39.2344585226   34.7666271251   9.42838554522  1  1  1  0.00  0.00  0.00
S   39.2349378130   34.7673347306   12.5700070514  1  1  1  0.00  0.00  0.00
S   41.9718759561   36.3496238924   9.42901817946  1  1  1  0.00  0.00  0.00
S   41.9715205480   36.3492562273   12.5700558359  1  1  1  0.00  0.00  0.00
Mo   49.2731745605   1.58130009379   11.0000083469  1  1  1  0.00  0.00  0.00
Mo   46.5351705183   37.9319999857   11.0000224436  1  1  1  0.00  0.00  0.00
S   44.7097527486 1.29789406710e-08   9.42947260601  1  1  1  0.00  0.00  0.00
S   44.7095082399 3.83942205883e-08   12.5703721196  1  1  1  0.00  0.00  0.00
S   47.4478400162   1.58166038430   9.42935287477  1  1  1  0.00  0.00  0.00
S   47.4477319098   1.58183453255   12.5706042005  1  1  1  0.00  0.00  0.00
Mo   49.2722106769   4.74364612408   10.9998535708  1  1  1  0.00  0.00  0.00
Mo   46.5345483417   3.16331072734   10.9997941109  1  1  1  0.00  0.00  0.00
S   44.7092596504   3.16379065114   9.42894487653  1  1  1  0.00  0.00  0.00
S   44.7089232528   3.16429771167   12.5701825860  1  1  1  0.00  0.00  0.00
S   47.4469043521   4.74444280640   9.42890857231  1  1  1  0.00  0.00  0.00
S   47.4466281726   4.74484071961   12.5704305657  1  1  1  0.00  0.00  0.00
Mo   49.2708053636   7.90533590452   10.9994260937  1  1  1  0.00  0.00  0.00
Mo   46.5331925399   6.32576018052   10.9992585618  1  1  1  0.00  0.00  0.00
S   44.7078332088   6.32725230837   9.42818065451  1  1  1  0.00  0.00  0.00
S   44.7080795093   6.32650283544   12.5701904485  1  1  1  0.00  0.00  0.00
S   47.4453489128   7.90656708628   9.42830757358  1  1  1  0.00  0.00  0.00
S   47.4455103629   7.90620514450   12.5703297064  1  1  1  0.00  0.00  0.00
Mo   49.2695965379   11.0663235889   10.9991023205  1  1  1  0.00  0.00  0.00
Mo   46.5318988748   9.48715785246   10.9996310631  1  1  1  0.00  0.00  0.00
S   44.7055020799   9.49037864885   9.42984250775  1  1  1  0.00  0.00  0.00
S   44.7079682316   9.48631901666   12.5721413440  1  1  1  0.00  0.00  0.00
S   47.4431891403   11.0685312271   9.42886558240  1  1  1  0.00  0.00  0.00
S   47.4452868760   11.0662354614   12.5711486409  1  1  1  0.00  0.00  0.00
Mo   49.2688177755   14.2266104539   10.9993904733  1  1  1  0.00  0.00  0.00
Mo   46.5305334627   12.6478784342   11.0022757703  1  1  1  0.00  0.00  0.00
S   44.7021108122   12.6521181864   9.43501318397  1  1  1  0.00  0.00  0.00
S   44.7074033779   12.6465484007   12.5768404208  1  1  1  0.00  0.00  0.00
S   47.4410279188   14.2288868970   9.43085229395  1  1  1  0.00  0.00  0.00
S   47.4461252484   14.2257051799   12.5735754382  1  1  1  0.00  0.00  0.00
Mo   49.2683944504   17.3863129504   10.9999162353  1  1  1  0.00  0.00  0.00
Mo   46.5298564087   15.8071949702   11.0059499532  1  1  1  0.00  0.00  0.00
S   44.7006770965   15.8096673990   9.43993066791  1  1  1  0.00  0.00  0.00
S   44.7074185969   15.8061770601   12.5823179276  1  1  1  0.00  0.00  0.00
S   47.4394754423   17.3872667565   9.43284343511  1  1  1  0.00  0.00  0.00
S   47.4468579157   17.3858455158   12.5757690825  1  1  1  0.00  0.00  0.00
Mo   49.2683944806   20.5456870937   10.9999162914  1  1  1  0.00  0.00  0.00
Mo   46.5294793416   18.9660001268   11.0075975916  1  1  1  0.00  0.00  0.00
S   44.7000754258   18.9660001437   9.44200830702  1  1  1  0.00  0.00  0.00
S   44.7070373243   18.9660000793   12.5843134386  1  1  1  0.00  0.00  0.00
S   47.4394754922   20.5447333459   9.43284348135  1  1  1  0.00  0.00  0.00
S   47.4468579845   20.5461545027   12.5757691896  1  1  1  0.00  0.00  0.00
Mo   49.2688177659   23.7053896411   10.9993904743  1  1  1  0.00  0.00  0.00
Mo   46.5298564576   22.1248051463   11.0059500960  1  1  1  0.00  0.00  0.00
S   44.7006770790   22.1223328317   9.43993086477  1  1  1  0.00  0.00  0.00
S   44.7074184565   22.1258232441   12.5823179611  1  1  1  0.00  0.00  0.00
S   47.4410278920   23.7031131236   9.43085230500  1  1  1  0.00  0.00  0.00
S   47.4461252807   23.7062949675   12.5735755208  1  1  1  0.00  0.00  0.00
Mo   49.2695966535   26.8656764578   10.9991023376  1  1  1  0.00  0.00  0.00
Mo   46.5305334761   25.2841217034   11.0022757722  1  1  1  0.00  0.00  0.00
S   44.7021107025   25.2798820795   9.43501329488  1  1  1  0.00  0.00  0.00
S   44.7074032564   25.2854519788   12.5768403915  1  1  1  0.00  0.00  0.00
S   47.4431893260   26.8634689107   9.42886556595  1  1  1  0.00  0.00  0.00
S   47.4452869437   26.8657646306   12.5711486156  1  1  1  0.00  0.00  0.00
Mo   49.2708054038   30.0266639374   10.9994262981  1  1  1  0.00  0.00  0.00
Mo   46.5318990020   28.4448423496   10.9996309973  1  1  1  0.00  0.00  0.00
S   44.7055022794   28.4416215427   9.42984251098  1  1  1  0.00  0.00  0.00
S   44.7079682623   28.4456813186   12.5721411859  1  1  1  0.00  0.00  0.00
S   47.4453491816   30.0254330121   9.42830745479  1  1  1  0.00  0.00  0.00
S   47.4455103738   30.0257948955   12.5703297752  1  1  1  0.00  0.00  0.00
Mo   49.2722106868   33.1883537244   10.9998534696  1  1  1  0.00  0.00  0.00
Mo   46.5331926603   31.6062398453   10.9992584905  1  1  1  0.00  0.00  0.00
S   44.7078332757   31.6047479356   9.42818055142  1  1  1  0.00  0.00  0.00
S   44.7080794120   31.6054974371   12.5701901145  1  1  1  0.00  0.00  0.00
S   47.4469043423   33.1875573404   9.42890854186  1  1  1  0.00  0.00  0.00
S   47.4466282278   33.1871593334   12.5704305539  1  1  1  0.00  0.00  0.00
Mo   49.2731745810   36.3506996856   11.0000082345  1  1  1  0.00  0.00  0.00
Mo   46.5345483307   34.7686893938   10.9997941702  1  1  1  0.00  0.00  0.00
S   44.7092596920   34.7682095731   9.42894483872  1  1  1  0.00  0.00  0.00
S   44.7089231625   34.7677023522   12.5701825925  1  1  1  0.00  0.00  0.00
S   47.4478399647   36.3503395923   9.42935287017  1  1  1  0.00  0.00  0.00
S   47.4477320464   36.3501655342   12.5706041701  1  1  1  0.00  0.00  0.00
Mo   54.7493941356   1.58074076310   10.9999627644  1  1  1  0.00  0.00  0.00
Mo   52.0114111347   37.9319998964   10.9999807930  1  1  1  0.00  0.00  0.00
S   50.1860654389   37.9319999524   9.42919561070  1  1  1  0.00  0.00  0.00
S   50.1860772432   37.9319997975   12.5708063561  1  1  1  0.00  0.00  0.00
S   52.9241352174   1.58097947292   9.42903851264  1  1  1  0.00  0.00  0.00
S   52.9241472205   1.58097949338   12.5709078004  1  1  1  0.00  0.00  0.00
Mo   54.7490009891   4.74218004897   10.9999737400  1  1  1  0.00  0.00  0.00
Mo   52.0110096372   3.16190895692   10.9999833596  1  1  1  0.00  0.00  0.00
S   50.1856321164   3.16237191230   9.42915912070  1  1  1  0.00  0.00  0.00
S   50.1855723601   3.16249461460   12.5707820792  1  1  1  0.00  0.00  0.00
S   52.9236115928   4.74267110030   9.42906158711  1  1  1  0.00  0.00  0.00
S   52.9235740579   4.74273165883   12.5708740214  1  1  1  0.00  0.00  0.00
Mo   54.7483294838   7.90343691444   10.9999631178  1  1  1  0.00  0.00  0.00
Mo   52.0100513620   6.32357553871   10.9999078930  1  1  1  0.00  0.00  0.00
S   50.1845882027   6.32437607814   9.42890907684  1  1  1  0.00  0.00  0.00
S   50.1843668483   6.32471178121   12.5706253719  1  1  1  0.00  0.00  0.00
S   52.9228173745   7.90397796219   9.42898561155  1  1  1  0.00  0.00  0.00
S   52.9226390448   7.90418448165   12.5707601128  1  1  1  0.00  0.00  0.00
Mo   54.7476775024   11.0644263008   10.9998998724  1  1  1  0.00  0.00  0.00
Mo   52.0089838138   9.48480000899   10.9996390705  1  1  1  0.00  0.00  0.00
S   50.1833788876   9.48565373671   9.42840286502  1  1  1  0.00  0.00  0.00
S   50.1831791278   9.48591648339   12.5702902750  1  1  1  0.00  0.00  0.00
S   52.9220727006   11.0650196013   9.42875895657  1  1  1  0.00  0.00  0.00
S   52.9216783507   11.0653306531   12.5705065542  1  1  1  0.00  0.00  0.00
Mo   54.7472535819   14.2251581040   10.9998017075  1  1  1  0.00  0.00  0.00
Mo   52.0080420140   12.6455740166   10.9992383042  1  1  1  0.00  0.00  0.00
S   50.1821202055   12.6464534871   9.42795024753  1  1  1  0.00  0.00  0.00
S   50.1824671160   12.6462413595   12.5700583943  1  1  1  0.00  0.00  0.00
S   52.9216233164   14.2255350458   9.42844122223  1  1  1  0.00  0.00  0.00
S   52.9210360387   14.2257931760   12.5702143953  1  1  1  0.00  0.00  0.00
Mo   54.7470120801   17.3857359836   10.9997294077  1  1  1  0.00  0.00  0.00
Mo   52.0075328649   15.8059102627   10.9989090387  1  1  1  0.00  0.00  0.00
S   50.1811724116   15.8066693900   9.42781020456  1  1  1  0.00  0.00  0.00
S   50.1824044286   15.8062553489   12.5701174897  1  1  1  0.00  0.00  0.00
S   52.9214070098   17.3858152802   9.42821876048  1  1  1  0.00  0.00  0.00
S   52.9207208744   17.3859072022   12.5700241227  1  1  1  0.00  0.00  0.00
Mo   54.7470121779   20.5462637770   10.9997294967  1  1  1  0.00  0.00  0.00
Mo   52.0074343792   18.9659999489   10.9987908915  1  1  1  0.00  0.00  0.00
S   50.1808647694   18.9660000167   9.42782215534  1  1  1  0.00  0.00  0.00
S   50.1825498445   18.9660000431   12.5702138674  1  1  1  0.00  0.00  0.00
S   52.9214071371   20.5461846326   9.42821886742  1  1  1  0.00  0.00  0.00
S   52.9207209289   20.5460926403   12.5700241279  1  1  1  0.00  0.00  0.00
Mo   54.7472535687   23.7068417506   10.9998017839  1  1  1  0.00  0.00  0.00
Mo   52.0075329238   22.1260896729   10.9989090860  1  1  1  0.00  0.00  0.00
S   50.1811724571   22.1253307232   9.42781025909  1  1  1  0.00  0.00  0.00
S   50.1824044088   22.1257448211   12.5701175148  1  1  1  0.00  0.00  0.00
S   52.9216233830   23.7064647451   9.42844122198  1  1  1  0.00  0.00  0.00
S   52.9210360740   23.7062066432   12.5702145177  1  1  1  0.00  0.00  0.00
Mo   54.7476776031   26.8675735712   10.9998998605  1  1  1  0.00  0.00  0.00
Mo   52.0080421099   25.2864258109   10.9992383005  1  1  1  0.00  0.00  0.00
S   50.1821203234   25.2855465648   9.42795027265  1  1  1  0.00  0.00  0.00
S   50.1824671643   25.2857586593   12.5700583241  1  1  1  0.00  0.00  0.00
S   52.9220728289   26.8669802707   9.42875899452  1  1  1  0.00  0.00  0.00
S   52.9216784968   26.8666692063   12.5705065558  1  1  1  0.00  0.00  0.00
Mo   54.7483295833   30.0285628375   10.9999631352  1  1  1  0.00  0.00  0.00
Mo   52.0089838949   28.4471998842   10.9996391827  1  1  1  0.00  0.00  0.00
S   50.1833790573   28.4463462498   9.42840297176  1  1  1  0.00  0.00  0.00
S   50.1831792892   28.4460833903   12.5702904668  1  1  1  0.00  0.00  0.00
S   52.9228174924   30.0280217728   9.42898555005  1  1  1  0.00  0.00  0.00
S   52.9226391629   30.0278152996   12.5707601897  1  1  1  0.00  0.00  0.00
Mo   54.7490009487   33.1898197711   10.9999737670  1  1  1  0.00  0.00  0.00
Mo   52.0100515161   31.6084241739   10.9999079470  1  1  1  0.00  0.00  0.00
S   50.1845883348   31.6076235730   9.42890922818  1  1  1  0.00  0.00  0.00
S   50.1843669631   31.6072881291   12.5706253096  1  1  1  0.00  0.00  0.00
S   52.9236116288   33.1893285342   9.42906143417  1  1  1  0.00  0.00  0.00
S   52.9235740782   33.1892681642   12.5708739983  1  1  1  0.00  0.00  0.00
Mo   54.7493941491   36.3512590453   10.9999627264  1  1  1  0.00  0.00  0.00
Mo   52.0110096808   34.7700907334   10.9999831834  1  1  1  0.00  0.00  0.00
S   50.1856321695   34.7696278446   9.42915892202  1  1  1  0.00  0.00  0.00
S   50.1855724258   34.7695051612   12.5707818571  1  1  1  0.00  0.00  0.00
S   52.9241352382   36.3510203339   9.42903842947  1  1  1  0.00  0.00  0.00
S   52.9241472105   36.3510201729   12.5709076511  1  1  1  0.00  0.00  0.00
Mo   60.2248449145   1.58054958027   10.9999534446  1  1  1  0.00  0.00  0.00
Mo   57.4872596754   37.9319999303   10.9999545846  1  1  1  0.00  0.00  0.00
S   55.6622697812   37.9319999330   9.42888597843  1  1  1  0.00  0.00  0.00
S   55.6622770015   37.9319998923   12.5710294930  1  1  1  0.00  0.00  0.00
S   58.3998740068   1.58063826553   9.42880018375  1  1  1  0.00  0.00  0.00
S   58.3998768609   1.58063589714   12.5711091485  1  1  1  0.00  0.00  0.00
Mo   60.2247901674   4.74163842890   10.9999553822  1  1  1  0.00  0.00  0.00
Mo   57.4871354773   3.16122040067   10.9999580428  1  1  1  0.00  0.00  0.00
S   55.6621088226   3.16137083819   9.42890613592  1  1  1  0.00  0.00  0.00
S   55.6621147634   3.16136398127   12.5710206820  1  1  1  0.00  0.00  0.00
S   58.3997518508   4.74176305216   9.42882425282  1  1  1  0.00  0.00  0.00
S   58.3997571673   4.74175663231   12.5710937968  1  1  1  0.00  0.00  0.00
Mo   60.2246598876   7.90268323587   10.9999595327  1  1  1  0.00  0.00  0.00
Mo   57.4868700044   6.32239654392   10.9999675982  1  1  1  0.00  0.00  0.00
S   55.6617224686   6.32277689914   9.42894849837  1  1  1  0.00  0.00  0.00
S   55.6617107873   6.32278578427   12.5709968930  1  1  1  0.00  0.00  0.00
S   58.3995690887   7.90280595531   9.42884656649  1  1  1  0.00  0.00  0.00
S   58.3995763959   7.90279793970   12.5710894259  1  1  1  0.00  0.00  0.00
Mo   60.2245601686   11.0636683042   10.9999651784  1  1  1  0.00  0.00  0.00
Mo   57.4865759823   9.48344335012   10.9999800088  1  1  1  0.00  0.00  0.00
S   55.6612845365   9.48381953236   9.42898134525  1  1  1  0.00  0.00  0.00
S   55.6612146469   9.48386577820   12.5709547345  1  1  1  0.00  0.00  0.00
S   58.3994070791   11.0638674385   9.42887510272  1  1  1  0.00  0.00  0.00
S   58.3994128392   11.0638611358   12.5710845488  1  1  1  0.00  0.00  0.00
Mo   60.2245081993   14.2246177637   10.9999699619  1  1  1  0.00  0.00  0.00
Mo   57.4863050488   12.6443602545   10.9999905940  1  1  1  0.00  0.00  0.00
S   55.6609581815   12.6446090787   9.42897499209  1  1  1  0.00  0.00  0.00
S   55.6607916760   12.6446790866   12.5709061560  1  1  1  0.00  0.00  0.00
S   58.3992917505   14.2247262067   9.42890562895  1  1  1  0.00  0.00  0.00
S   58.3992927065   14.2247229659   12.5710757151  1  1  1  0.00  0.00  0.00
Mo   60.2244492432   17.3855437102   10.9999722944  1  1  1  0.00  0.00  0.00
Mo   57.4861441022   15.8052080512   10.9999969621  1  1  1  0.00  0.00  0.00
S   55.6607714330   15.8054083313   9.42895573024  1  1  1  0.00  0.00  0.00
S   55.6605117968   15.8054597461   12.5708553388  1  1  1  0.00  0.00  0.00
S   58.3992276477   17.3855387865   9.42891444466  1  1  1  0.00  0.00  0.00
S   58.3992248872   17.3855378632   12.5710793325  1  1  1  0.00  0.00  0.00
Mo   60.2244493057   20.5464561841   10.9999722483  1  1  1  0.00  0.00  0.00
Mo   57.4861064328   18.9659998542   10.9999990238  1  1  1  0.00  0.00  0.00
S   55.6607109438   18.9659998802   9.42894850875  1  1  1  0.00  0.00  0.00
S   55.6604126596   18.9659997834   12.5708309255  1  1  1  0.00  0.00  0.00
S   58.3992276083   20.5464610634   9.42891456934  1  1  1  0.00  0.00  0.00
S   58.3992249309   20.5464618999   12.5710792233  1  1  1  0.00  0.00  0.00
Mo   60.2245082236   23.7073819044   10.9999699231  1  1  1  0.00  0.00  0.00
Mo   57.4861440984   22.1267917787   10.9999970167  1  1  1  0.00  0.00  0.00
S   55.6607714526   22.1265914758   9.42895580487  1  1  1  0.00  0.00  0.00
S   55.6605117702   22.1265400980   12.5708554442  1  1  1  0.00  0.00  0.00
S   58.3992917754   23.7072734862   9.42890563694  1  1  1  0.00  0.00  0.00
S   58.3992928143   23.7072767934   12.5710757703  1  1  1  0.00  0.00  0.00
Mo   60.2245600886   26.8683314215   10.9999652412  1  1  1  0.00  0.00  0.00
Mo   57.4863051812   25.2876395132   10.9999906399  1  1  1  0.00  0.00  0.00
S   55.6609583536   25.2873907429   9.42897501877  1  1  1  0.00  0.00  0.00
S   55.6607918071   25.2873207518   12.5709061023  1  1  1  0.00  0.00  0.00
S   58.3994070467   26.8681323333   9.42887499898  1  1  1  0.00  0.00  0.00
S   58.3994127613   26.8681386664   12.5710846325  1  1  1  0.00  0.00  0.00
Mo   60.2246598801   30.0293164710   10.9999595646  1  1  1  0.00  0.00  0.00
Mo   57.4865760179   28.4485564468   10.9999799983  1  1  1  0.00  0.00  0.00
S   55.6612846194   28.4481803050   9.42898128659  1  1  1  0.00  0.00  0.00
S   55.6612147384   28.4481339834   12.5709547219  1  1  1  0.00  0.00  0.00
S   58.3995691593   30.0291937121   9.42884650582  1  1  1  0.00  0.00  0.00
S   58.3995764301   30.0292017569   12.5710894402  1  1  1  0.00  0.00  0.00
Mo   60.2247900663   33.1903614412   10.9999554152  1  1  1  0.00  0.00  0.00
Mo   57.4868700585   31.6096031347   10.9999675466  1  1  1  0.00  0.00  0.00
S   55.6617225545   31.6092229094   9.42894861598  1  1  1  0.00  0.00  0.00
S   55.6617108478   31.6092139712   12.5709968013  1  1  1  0.00  0.00  0.00
S   58.3997518921   33.1902367125   9.42882424678  1  1  1  0.00  0.00  0.00
S   58.3997570853   33.1902431266   12.5710938591  1  1  1  0.00  0.00  0.00
Mo   60.2248449254   36.3514502190   10.9999535415  1  1  1  0.00  0.00  0.00
Mo   57.4871354604   34.7707793759   10.9999580258  1  1  1  0.00  0.00  0.00
S   55.6621087871   34.7706289391   9.42890609348  1  1  1  0.00  0.00  0.00
S   55.6621147023   34.7706358675   12.5710206476  1  1  1  0.00  0.00  0.00
S   58.3998740457   36.3513615637   9.42880036237  1  1  1  0.00  0.00  0.00
S   58.3998767853   36.3513639202   12.5711091294  1  1  1  0.00  0.00  0.00
Mo   65.7000870686   1.58051791896   10.9999539959  1  1  1  0.00  0.00  0.00
Mo   62.9625644405   37.9319998836   10.9999533133  1  1  1  0.00  0.00  0.00
S   61.1375735444   37.9319998410   9.42879408261  1  1  1  0.00  0.00  0.00
S   61.1375739888   37.9319999566   12.5711125094  1  1  1  0.00  0.00  0.00
S   63.8752602464   1.58056801813   9.42876315107  1  1  1  0.00  0.00  0.00
S   63.8752597574   1.58056773647   12.5711438497  1  1  1  0.00  0.00  0.00
Mo   65.7001011733   4.74153263384   10.9999542025  1  1  1  0.00  0.00  0.00
Mo   62.9625265109   3.16104748877   10.9999535263  1  1  1  0.00  0.00  0.00
S   61.1375318652   3.16102889634   9.42879878817  1  1  1  0.00  0.00  0.00
S   61.1375329376   3.16102732081   12.5711087091  1  1  1  0.00  0.00  0.00
S   63.8752535477   4.74154336012   9.42876566366  1  1  1  0.00  0.00  0.00
S   63.8752534938   4.74154248767   12.5711421919  1  1  1  0.00  0.00  0.00
Mo   65.7000782565   7.90253583782   10.9999551768  1  1  1  0.00  0.00  0.00
Mo   62.9624983180   6.32206695722   10.9999544402  1  1  1  0.00  0.00  0.00
S   61.1374828182   6.32216969485   9.42880562394  1  1  1  0.00  0.00  0.00
S   61.1374858235   6.32216670579   12.5711056041  1  1  1  0.00  0.00  0.00
S   63.8752435479   7.90250265651   9.42876462727  1  1  1  0.00  0.00  0.00
S   63.8752437857   7.90250154424   12.5711452550  1  1  1  0.00  0.00  0.00
Mo   65.7000733227   11.0635434620   10.9999557604  1  1  1  0.00  0.00  0.00
Mo   62.9624941711   9.48307556286   10.9999557185  1  1  1  0.00  0.00  0.00
S   61.1374513970   9.48313113882   9.42881166659  1  1  1  0.00  0.00  0.00
S   61.1374574322   9.48312735868   12.5711056411  1  1  1  0.00  0.00  0.00
S   63.8752364509   11.0635996880   9.42876524995  1  1  1  0.00  0.00  0.00
S   63.8752371224   11.0635994753   12.5711461946  1  1  1  0.00  0.00  0.00
Mo   65.7000872053   14.2245257985   10.9999547576  1  1  1  0.00  0.00  0.00
Mo   62.9624459571   12.6440648793   10.9999560981  1  1  1  0.00  0.00  0.00
S   61.1373910397   12.6440584478   9.42882097627  1  1  1  0.00  0.00  0.00
S   61.1374009042   12.6440557544   12.5711018413  1  1  1  0.00  0.00  0.00
S   63.8752326752   14.2245321273   9.42876582902  1  1  1  0.00  0.00  0.00
S   63.8752343164   14.2245332484   12.5711437147  1  1  1  0.00  0.00  0.00
Mo   65.7000676471   17.3855035327   10.9999534108  1  1  1  0.00  0.00  0.00
Mo   62.9624322567   15.8050293870   10.9999550782  1  1  1  0.00  0.00  0.00
S   61.1373653352   15.8051039852   9.42882574815  1  1  1  0.00  0.00  0.00
S   61.1373788456   15.8051030747   12.5710992329  1  1  1  0.00  0.00  0.00
S   63.8752301846   17.3854597890   9.42876246116  1  1  1  0.00  0.00  0.00
S   63.8752325164   17.3854604754   12.5711445638  1  1  1  0.00  0.00  0.00
Mo   65.7000677519   20.5464961292   10.9999535953  1  1  1  0.00  0.00  0.00
Mo   62.9624533558   18.9659998395   10.9999544337  1  1  1  0.00  0.00  0.00
S   61.1373766409   18.9659999460   9.42882537540  1  1  1  0.00  0.00  0.00
S   61.1373916494   18.9659999850   12.5710998970  1  1  1  0.00  0.00  0.00
S   63.8752304116   20.5465398369   9.42876254793  1  1  1  0.00  0.00  0.00
S   63.8752325371   20.5465392042   12.5711445837  1  1  1  0.00  0.00  0.00
Mo   65.7000872608   23.7074738484   10.9999548331  1  1  1  0.00  0.00  0.00
Mo   62.9624322605   22.1269702657   10.9999550331  1  1  1  0.00  0.00  0.00
S   61.1373653689   22.1268957693   9.42882558650  1  1  1  0.00  0.00  0.00
S   61.1373788735   22.1268967515   12.5710992608  1  1  1  0.00  0.00  0.00
S   63.8752326917   23.7074674704   9.42876590185  1  1  1  0.00  0.00  0.00
S   63.8752343757   23.7074662746   12.5711437104  1  1  1  0.00  0.00  0.00
Mo   65.7000732699   26.8684562751   10.9999558810  1  1  1  0.00  0.00  0.00
Mo   62.9624458728   25.2879347139   10.9999562693  1  1  1  0.00  0.00  0.00
S   61.1373910303   25.2879412791   9.42882097356  1  1  1  0.00  0.00  0.00
S   61.1374007713   25.2879439216   12.5711018721  1  1  1  0.00  0.00  0.00
S   63.8752362933   26.8683999367   9.42876545549  1  1  1  0.00  0.00  0.00
S   63.8752370312   26.8684001134   12.5711463883  1  1  1  0.00  0.00  0.00
Mo   65.7000782081   30.0294638381   10.9999552717  1  1  1  0.00  0.00  0.00
Mo   62.9624942134   28.4489241543   10.9999559384  1  1  1  0.00  0.00  0.00
S   61.1374514760   28.4488685402   9.42881184512  1  1  1  0.00  0.00  0.00
S   61.1374573471   28.4488723476   12.5711056687  1  1  1  0.00  0.00  0.00
S   63.8752434908   30.0294969955   9.42876475266  1  1  1  0.00  0.00  0.00
S   63.8752438217   30.0294982457   12.5711454041  1  1  1  0.00  0.00  0.00
Mo   65.7001012132   33.1904672583   10.9999542333  1  1  1  0.00  0.00  0.00
Mo   62.9624983722   31.6099327527   10.9999544885  1  1  1  0.00  0.00  0.00
S   61.1374827898   31.6098301543   9.42880579199  1  1  1  0.00  0.00  0.00
S   61.1374857841   31.6098330673   12.5711055121  1  1  1  0.00  0.00  0.00
S   63.8752535806   33.1904563564   9.42876567622  1  1  1  0.00  0.00  0.00
S   63.8752534860   33.1904572930   12.5711422115  1  1  1  0.00  0.00  0.00
Mo   65.7000870795   36.3514818262   10.9999540023  1  1  1  0.00  0.00  0.00
Mo   62.9625263991   34.7709522277   10.9999534749  1  1  1  0.00  0.00  0.00
S   61.1375317441   34.7709709619   9.42879877642  1  1  1  0.00  0.00  0.00
S   61.1375329293   34.7709724783   12.5711088375  1  1  1  0.00  0.00  0.00
S   63.8752602188   36.3514317132   9.42876317165  1  1  1  0.00  0.00  0.00
S   63.8752596274   36.3514319691   12.5711437472  1  1  1  0.00  0.00  0.00
 " 
