description="/pscratch/sd/w/wenchang/Si-tddft/supercell_4X4X4/POSCAR"  
#******** REAL SPACE GRID ********   
wavefunction_grid="64 64 64"  
potential_grid_refinement="2"  
  

start_mode          ="LCAO Start"
max_scf_steps = "100"
tddft_steps = "5000"
calculation_mode="TDDFT"
unoccupied_states_per_kpoint = "256"
tddft_mode = "vector potential"
electric_field_tddft = "0.001 0.0  0.0 "
tddft_time_step = "0.3"
processor_grid= "4 4 4"

kohn_sham_solver    ="davidson"
subdiag_driver      ="auto"

#******* Pseudopotentials *******
internal_pseudo_type = "sg15"

#********* K POINT SETUP *********  
kpoint_mesh="1  1  1  "  
kpoint_is_shift="0 0 0" 
use_symmetry = "0"

#kpoint_distribution = "1"   
  

#****  LATTICE and ATOMS  ****   
bravais_lattice_type="None"  
crds_units = "Angstrom"  
lattice_units = "Angstrom"  
lattice_vector="  
 0.000000000000e+00  1.088740474600e+01  1.088740474600e+01   
 1.088740474600e+01  0.000000000000e+00  1.088740474600e+01   
 1.088740474600e+01  1.088740474600e+01  0.000000000000e+00   
"  
atomic_coordinate_type = "Cell Relative"  
atoms="  
Si  6.250000000000e-02 6.250000000000e-02 6.250000000000e-02  1 1 1   0.00   0.00   0.00  
Si  3.125000000000e-01 6.250000000000e-02 6.250000000000e-02  1 1 1   0.00   0.00   0.00  
Si  5.625000000000e-01 6.250000000000e-02 6.250000000000e-02  1 1 1   0.00   0.00   0.00  
Si  8.125000000000e-01 6.250000000000e-02 6.250000000000e-02  1 1 1   0.00   0.00   0.00  
Si  6.250000000000e-02 3.125000000000e-01 6.250000000000e-02  1 1 1   0.00   0.00   0.00  
Si  3.125000000000e-01 3.125000000000e-01 6.250000000000e-02  1 1 1   0.00   0.00   0.00  
Si  5.625000000000e-01 3.125000000000e-01 6.250000000000e-02  1 1 1   0.00   0.00   0.00  
Si  8.125000000000e-01 3.125000000000e-01 6.250000000000e-02  1 1 1   0.00   0.00   0.00  
Si  6.250000000000e-02 5.625000000000e-01 6.250000000000e-02  1 1 1   0.00   0.00   0.00  
Si  3.125000000000e-01 5.625000000000e-01 6.250000000000e-02  1 1 1   0.00   0.00   0.00  
Si  5.625000000000e-01 5.625000000000e-01 6.250000000000e-02  1 1 1   0.00   0.00   0.00  
Si  8.125000000000e-01 5.625000000000e-01 6.250000000000e-02  1 1 1   0.00   0.00   0.00  
Si  6.250000000000e-02 8.125000000000e-01 6.250000000000e-02  1 1 1   0.00   0.00   0.00  
Si  3.125000000000e-01 8.125000000000e-01 6.250000000000e-02  1 1 1   0.00   0.00   0.00  
Si  5.625000000000e-01 8.125000000000e-01 6.250000000000e-02  1 1 1   0.00   0.00   0.00  
Si  8.125000000000e-01 8.125000000000e-01 6.250000000000e-02  1 1 1   0.00   0.00   0.00  
Si  6.250000000000e-02 6.250000000000e-02 3.125000000000e-01  1 1 1   0.00   0.00   0.00  
Si  3.125000000000e-01 6.250000000000e-02 3.125000000000e-01  1 1 1   0.00   0.00   0.00  
Si  5.625000000000e-01 6.250000000000e-02 3.125000000000e-01  1 1 1   0.00   0.00   0.00  
Si  8.125000000000e-01 6.250000000000e-02 3.125000000000e-01  1 1 1   0.00   0.00   0.00  
Si  6.250000000000e-02 3.125000000000e-01 3.125000000000e-01  1 1 1   0.00   0.00   0.00  
Si  3.125000000000e-01 3.125000000000e-01 3.125000000000e-01  1 1 1   0.00   0.00   0.00  
Si  5.625000000000e-01 3.125000000000e-01 3.125000000000e-01  1 1 1   0.00   0.00   0.00  
Si  8.125000000000e-01 3.125000000000e-01 3.125000000000e-01  1 1 1   0.00   0.00   0.00  
Si  6.250000000000e-02 5.625000000000e-01 3.125000000000e-01  1 1 1   0.00   0.00   0.00  
Si  3.125000000000e-01 5.625000000000e-01 3.125000000000e-01  1 1 1   0.00   0.00   0.00  
Si  5.625000000000e-01 5.625000000000e-01 3.125000000000e-01  1 1 1   0.00   0.00   0.00  
Si  8.125000000000e-01 5.625000000000e-01 3.125000000000e-01  1 1 1   0.00   0.00   0.00  
Si  6.250000000000e-02 8.125000000000e-01 3.125000000000e-01  1 1 1   0.00   0.00   0.00  
Si  3.125000000000e-01 8.125000000000e-01 3.125000000000e-01  1 1 1   0.00   0.00   0.00  
Si  5.625000000000e-01 8.125000000000e-01 3.125000000000e-01  1 1 1   0.00   0.00   0.00  
Si  8.125000000000e-01 8.125000000000e-01 3.125000000000e-01  1 1 1   0.00   0.00   0.00  
Si  6.250000000000e-02 6.250000000000e-02 5.625000000000e-01  1 1 1   0.00   0.00   0.00  
Si  3.125000000000e-01 6.250000000000e-02 5.625000000000e-01  1 1 1   0.00   0.00   0.00  
Si  5.625000000000e-01 6.250000000000e-02 5.625000000000e-01  1 1 1   0.00   0.00   0.00  
Si  8.125000000000e-01 6.250000000000e-02 5.625000000000e-01  1 1 1   0.00   0.00   0.00  
Si  6.250000000000e-02 3.125000000000e-01 5.625000000000e-01  1 1 1   0.00   0.00   0.00  
Si  3.125000000000e-01 3.125000000000e-01 5.625000000000e-01  1 1 1   0.00   0.00   0.00  
Si  5.625000000000e-01 3.125000000000e-01 5.625000000000e-01  1 1 1   0.00   0.00   0.00  
Si  8.125000000000e-01 3.125000000000e-01 5.625000000000e-01  1 1 1   0.00   0.00   0.00  
Si  6.250000000000e-02 5.625000000000e-01 5.625000000000e-01  1 1 1   0.00   0.00   0.00  
Si  3.125000000000e-01 5.625000000000e-01 5.625000000000e-01  1 1 1   0.00   0.00   0.00  
Si  5.625000000000e-01 5.625000000000e-01 5.625000000000e-01  1 1 1   0.00   0.00   0.00  
Si  8.125000000000e-01 5.625000000000e-01 5.625000000000e-01  1 1 1   0.00   0.00   0.00  
Si  6.250000000000e-02 8.125000000000e-01 5.625000000000e-01  1 1 1   0.00   0.00   0.00  
Si  3.125000000000e-01 8.125000000000e-01 5.625000000000e-01  1 1 1   0.00   0.00   0.00  
Si  5.625000000000e-01 8.125000000000e-01 5.625000000000e-01  1 1 1   0.00   0.00   0.00  
Si  8.125000000000e-01 8.125000000000e-01 5.625000000000e-01  1 1 1   0.00   0.00   0.00  
Si  6.250000000000e-02 6.250000000000e-02 8.125000000000e-01  1 1 1   0.00   0.00   0.00  
Si  3.125000000000e-01 6.250000000000e-02 8.125000000000e-01  1 1 1   0.00   0.00   0.00  
Si  5.625000000000e-01 6.250000000000e-02 8.125000000000e-01  1 1 1   0.00   0.00   0.00  
Si  8.125000000000e-01 6.250000000000e-02 8.125000000000e-01  1 1 1   0.00   0.00   0.00  
Si  6.250000000000e-02 3.125000000000e-01 8.125000000000e-01  1 1 1   0.00   0.00   0.00  
Si  3.125000000000e-01 3.125000000000e-01 8.125000000000e-01  1 1 1   0.00   0.00   0.00  
Si  5.625000000000e-01 3.125000000000e-01 8.125000000000e-01  1 1 1   0.00   0.00   0.00  
Si  8.125000000000e-01 3.125000000000e-01 8.125000000000e-01  1 1 1   0.00   0.00   0.00  
Si  6.250000000000e-02 5.625000000000e-01 8.125000000000e-01  1 1 1   0.00   0.00   0.00  
Si  3.125000000000e-01 5.625000000000e-01 8.125000000000e-01  1 1 1   0.00   0.00   0.00  
Si  5.625000000000e-01 5.625000000000e-01 8.125000000000e-01  1 1 1   0.00   0.00   0.00  
Si  8.125000000000e-01 5.625000000000e-01 8.125000000000e-01  1 1 1   0.00   0.00   0.00  
Si  6.250000000000e-02 8.125000000000e-01 8.125000000000e-01  1 1 1   0.00   0.00   0.00  
Si  3.125000000000e-01 8.125000000000e-01 8.125000000000e-01  1 1 1   0.00   0.00   0.00  
Si  5.625000000000e-01 8.125000000000e-01 8.125000000000e-01  1 1 1   0.00   0.00   0.00  
Si  8.125000000000e-01 8.125000000000e-01 8.125000000000e-01  1 1 1   0.00   0.00   0.00  
Si  0.000000000000e+00 0.000000000000e+00 0.000000000000e+00  1 1 1   0.00   0.00   0.00  
Si  2.500000000000e-01 0.000000000000e+00 0.000000000000e+00  1 1 1   0.00   0.00   0.00  
Si  5.000000000000e-01 0.000000000000e+00 0.000000000000e+00  1 1 1   0.00   0.00   0.00  
Si  7.500000000000e-01 0.000000000000e+00 0.000000000000e+00  1 1 1   0.00   0.00   0.00  
Si  0.000000000000e+00 2.500000000000e-01 0.000000000000e+00  1 1 1   0.00   0.00   0.00  
Si  2.500000000000e-01 2.500000000000e-01 0.000000000000e+00  1 1 1   0.00   0.00   0.00  
Si  5.000000000000e-01 2.500000000000e-01 0.000000000000e+00  1 1 1   0.00   0.00   0.00  
Si  7.500000000000e-01 2.500000000000e-01 0.000000000000e+00  1 1 1   0.00   0.00   0.00  
Si  0.000000000000e+00 5.000000000000e-01 0.000000000000e+00  1 1 1   0.00   0.00   0.00  
Si  2.500000000000e-01 5.000000000000e-01 0.000000000000e+00  1 1 1   0.00   0.00   0.00  
Si  5.000000000000e-01 5.000000000000e-01 0.000000000000e+00  1 1 1   0.00   0.00   0.00  
Si  7.500000000000e-01 5.000000000000e-01 0.000000000000e+00  1 1 1   0.00   0.00   0.00  
Si  0.000000000000e+00 7.500000000000e-01 0.000000000000e+00  1 1 1   0.00   0.00   0.00  
Si  2.500000000000e-01 7.500000000000e-01 0.000000000000e+00  1 1 1   0.00   0.00   0.00  
Si  5.000000000000e-01 7.500000000000e-01 0.000000000000e+00  1 1 1   0.00   0.00   0.00  
Si  7.500000000000e-01 7.500000000000e-01 0.000000000000e+00  1 1 1   0.00   0.00   0.00  
Si  0.000000000000e+00 0.000000000000e+00 2.500000000000e-01  1 1 1   0.00   0.00   0.00  
Si  2.500000000000e-01 0.000000000000e+00 2.500000000000e-01  1 1 1   0.00   0.00   0.00  
Si  5.000000000000e-01 0.000000000000e+00 2.500000000000e-01  1 1 1   0.00   0.00   0.00  
Si  7.500000000000e-01 0.000000000000e+00 2.500000000000e-01  1 1 1   0.00   0.00   0.00  
Si  0.000000000000e+00 2.500000000000e-01 2.500000000000e-01  1 1 1   0.00   0.00   0.00  
Si  2.500000000000e-01 2.500000000000e-01 2.500000000000e-01  1 1 1   0.00   0.00   0.00  
Si  5.000000000000e-01 2.500000000000e-01 2.500000000000e-01  1 1 1   0.00   0.00   0.00  
Si  7.500000000000e-01 2.500000000000e-01 2.500000000000e-01  1 1 1   0.00   0.00   0.00  
Si  0.000000000000e+00 5.000000000000e-01 2.500000000000e-01  1 1 1   0.00   0.00   0.00  
Si  2.500000000000e-01 5.000000000000e-01 2.500000000000e-01  1 1 1   0.00   0.00   0.00  
Si  5.000000000000e-01 5.000000000000e-01 2.500000000000e-01  1 1 1   0.00   0.00   0.00  
Si  7.500000000000e-01 5.000000000000e-01 2.500000000000e-01  1 1 1   0.00   0.00   0.00  
Si  0.000000000000e+00 7.500000000000e-01 2.500000000000e-01  1 1 1   0.00   0.00   0.00  
Si  2.500000000000e-01 7.500000000000e-01 2.500000000000e-01  1 1 1   0.00   0.00   0.00  
Si  5.000000000000e-01 7.500000000000e-01 2.500000000000e-01  1 1 1   0.00   0.00   0.00  
Si  7.500000000000e-01 7.500000000000e-01 2.500000000000e-01  1 1 1   0.00   0.00   0.00  
Si  0.000000000000e+00 0.000000000000e+00 5.000000000000e-01  1 1 1   0.00   0.00   0.00  
Si  2.500000000000e-01 0.000000000000e+00 5.000000000000e-01  1 1 1   0.00   0.00   0.00  
Si  5.000000000000e-01 0.000000000000e+00 5.000000000000e-01  1 1 1   0.00   0.00   0.00  
Si  7.500000000000e-01 0.000000000000e+00 5.000000000000e-01  1 1 1   0.00   0.00   0.00  
Si  0.000000000000e+00 2.500000000000e-01 5.000000000000e-01  1 1 1   0.00   0.00   0.00  
Si  2.500000000000e-01 2.500000000000e-01 5.000000000000e-01  1 1 1   0.00   0.00   0.00  
Si  5.000000000000e-01 2.500000000000e-01 5.000000000000e-01  1 1 1   0.00   0.00   0.00  
Si  7.500000000000e-01 2.500000000000e-01 5.000000000000e-01  1 1 1   0.00   0.00   0.00  
Si  0.000000000000e+00 5.000000000000e-01 5.000000000000e-01  1 1 1   0.00   0.00   0.00  
Si  2.500000000000e-01 5.000000000000e-01 5.000000000000e-01  1 1 1   0.00   0.00   0.00  
Si  5.000000000000e-01 5.000000000000e-01 5.000000000000e-01  1 1 1   0.00   0.00   0.00  
Si  7.500000000000e-01 5.000000000000e-01 5.000000000000e-01  1 1 1   0.00   0.00   0.00  
Si  0.000000000000e+00 7.500000000000e-01 5.000000000000e-01  1 1 1   0.00   0.00   0.00  
Si  2.500000000000e-01 7.500000000000e-01 5.000000000000e-01  1 1 1   0.00   0.00   0.00  
Si  5.000000000000e-01 7.500000000000e-01 5.000000000000e-01  1 1 1   0.00   0.00   0.00  
Si  7.500000000000e-01 7.500000000000e-01 5.000000000000e-01  1 1 1   0.00   0.00   0.00  
Si  0.000000000000e+00 0.000000000000e+00 7.500000000000e-01  1 1 1   0.00   0.00   0.00  
Si  2.500000000000e-01 0.000000000000e+00 7.500000000000e-01  1 1 1   0.00   0.00   0.00  
Si  5.000000000000e-01 0.000000000000e+00 7.500000000000e-01  1 1 1   0.00   0.00   0.00  
Si  7.500000000000e-01 0.000000000000e+00 7.500000000000e-01  1 1 1   0.00   0.00   0.00  
Si  0.000000000000e+00 2.500000000000e-01 7.500000000000e-01  1 1 1   0.00   0.00   0.00  
Si  2.500000000000e-01 2.500000000000e-01 7.500000000000e-01  1 1 1   0.00   0.00   0.00  
Si  5.000000000000e-01 2.500000000000e-01 7.500000000000e-01  1 1 1   0.00   0.00   0.00  
Si  7.500000000000e-01 2.500000000000e-01 7.500000000000e-01  1 1 1   0.00   0.00   0.00  
Si  0.000000000000e+00 5.000000000000e-01 7.500000000000e-01  1 1 1   0.00   0.00   0.00  
Si  2.500000000000e-01 5.000000000000e-01 7.500000000000e-01  1 1 1   0.00   0.00   0.00  
Si  5.000000000000e-01 5.000000000000e-01 7.500000000000e-01  1 1 1   0.00   0.00   0.00  
Si  7.500000000000e-01 5.000000000000e-01 7.500000000000e-01  1 1 1   0.00   0.00   0.00  
Si  0.000000000000e+00 7.500000000000e-01 7.500000000000e-01  1 1 1   0.00   0.00   0.00  
Si  2.500000000000e-01 7.500000000000e-01 7.500000000000e-01  1 1 1   0.00   0.00   0.00  
Si  5.000000000000e-01 7.500000000000e-01 7.500000000000e-01  1 1 1   0.00   0.00   0.00  
Si  7.500000000000e-01 7.500000000000e-01 7.500000000000e-01  1 1 1   0.00   0.00   0.00  
"  
