#          \hbar \omega(eV)    Oscillator strength
       0.000000000000000E+00  -.000000000000000E+00
       0.100000000000000E-01  0.158308911626809E-05
       0.200000000000000E-01  0.633251364795015E-05
       0.300000000000000E-01  0.142487451836698E-04
       0.400000000000000E-01  0.253325698377865E-04
       0.500000000000000E-01  0.395850884504470E-04
       0.600000000000000E-01  0.570077168677965E-04
       0.700000000000000E-01  0.776021863024928E-04
       0.800000000000000E-01  0.101370543774702E-03
       0.900000000000000E-01  0.128315152633799E-03
       0.100000000000000E+00  0.158438693161035E-03
       0.110000000000000E+00  0.191744163253478E-03
       0.120000000000000E+00  0.228234879189562E-03
       0.130000000000000E+00  0.267914476476644E-03
       0.140000000000000E+00  0.310786910780985E-03
       0.150000000000000E+00  0.356856458940636E-03
       0.160000000000000E+00  0.406127720061729E-03
       0.170000000000000E+00  0.458605616698745E-03
       0.180000000000000E+00  0.514295396119347E-03
       0.190000000000000E+00  0.573202631654409E-03
       0.200000000000000E+00  0.635333224133981E-03
       0.210000000000000E+00  0.700693403409839E-03
       0.220000000000000E+00  0.769289729965495E-03
       0.230000000000000E+00  0.841129096614408E-03
       0.240000000000000E+00  0.916218730287319E-03
       0.250000000000000E+00  0.994566193909625E-03
       0.260000000000000E+00  0.107617938836974E-02
       0.270000000000000E+00  0.116106655457950E-02
       0.280000000000000E+00  0.124923627562762E-02
       0.290000000000000E+00  0.134069747902741E-02
       0.300000000000000E+00  0.143545943905980E-02
       0.310000000000000E+00  0.153353177921313E-02
       0.320000000000000E+00  0.163492447472064E-02
       0.330000000000000E+00  0.173964785519734E-02
       0.340000000000000E+00  0.184771260737744E-02
       0.350000000000000E+00  0.195912977795387E-02
       0.360000000000000E+00  0.207391077652147E-02
       0.370000000000000E+00  0.219206737862520E-02
       0.380000000000000E+00  0.231361172891526E-02
       0.390000000000000E+00  0.243855634441071E-02
       0.400000000000000E+00  0.256691411787333E-02
       0.410000000000000E+00  0.269869832129357E-02
       0.420000000000000E+00  0.283392260949056E-02
       0.430000000000000E+00  0.297260102382802E-02
       0.440000000000000E+00  0.311474799604823E-02
       0.450000000000000E+00  0.326037835222622E-02
       0.460000000000000E+00  0.340950731684601E-02
       0.470000000000000E+00  0.356215051700190E-02
       0.480000000000000E+00  0.371832398672630E-02
       0.490000000000000E+00  0.387804417144723E-02
       0.500000000000000E+00  0.404132793257756E-02
       0.510000000000000E+00  0.420819255223898E-02
       0.520000000000000E+00  0.437865573812301E-02
       0.530000000000000E+00  0.455273562849220E-02
       0.540000000000000E+00  0.473045079732407E-02
       0.550000000000000E+00  0.491182025960118E-02
       0.560000000000000E+00  0.509686347674999E-02
       0.570000000000000E+00  0.528560036223198E-02
       0.580000000000000E+00  0.547805128729053E-02
       0.590000000000000E+00  0.567423708685610E-02
       0.600000000000000E+00  0.587417906561455E-02
       0.610000000000000E+00  0.607789900424117E-02
       0.620000000000000E+00  0.628541916580454E-02
       0.630000000000000E+00  0.649676230234437E-02
       0.640000000000000E+00  0.671195166162712E-02
       0.650000000000000E+00  0.693101099408334E-02
       0.660000000000000E+00  0.715396455993158E-02
       0.670000000000000E+00  0.738083713649285E-02
       0.680000000000000E+00  0.761165402570048E-02
       0.690000000000000E+00  0.784644106181010E-02
       0.700000000000000E+00  0.808522461931431E-02
       0.710000000000000E+00  0.832803162106804E-02
       0.720000000000000E+00  0.857488954662846E-02
       0.730000000000000E+00  0.882582644081626E-02
       0.740000000000000E+00  0.908087092250313E-02
       0.750000000000000E+00  0.934005219363112E-02
       0.760000000000000E+00  0.960340004847067E-02
       0.770000000000000E+00  0.987094488312255E-02
       0.780000000000000E+00  0.101427177052707E-01
       0.790000000000000E+00  0.104187501441929E-01
       0.800000000000000E+00  0.106990744610348E-01
       0.810000000000000E+00  0.109837235593567E-01
       0.820000000000001E+00  0.112727309959574E-01
       0.830000000000001E+00  0.115661309919855E-01
       0.840000000000001E+00  0.118639584443450E-01
       0.850000000000001E+00  0.121662489374019E-01
       0.860000000000001E+00  0.124730387550029E-01
       0.870000000000001E+00  0.127843648928130E-01
       0.880000000000001E+00  0.131002650709811E-01
       0.890000000000001E+00  0.134207777471438E-01
       0.900000000000001E+00  0.137459421297767E-01
       0.910000000000001E+00  0.140757981919031E-01
       0.920000000000001E+00  0.144103866851696E-01
       0.930000000000001E+00  0.147497491543014E-01
       0.940000000000001E+00  0.150939279519468E-01
       0.950000000000001E+00  0.154429662539223E-01
       0.960000000000001E+00  0.157969080748713E-01
       0.970000000000001E+00  0.161557982843482E-01
       0.980000000000001E+00  0.165196826233405E-01
       0.990000000000001E+00  0.168886077212422E-01
       0.100000000000000E+01  0.172626211132932E-01
       0.101000000000000E+01  0.176417712584975E-01
       0.102000000000000E+01  0.180261075580360E-01
       0.103000000000000E+01  0.184156803741897E-01
       0.104000000000000E+01  0.188105410497869E-01
       0.105000000000000E+01  0.192107419281950E-01
       0.106000000000000E+01  0.196163363738688E-01
       0.107000000000000E+01  0.200273787934793E-01
       0.108000000000000E+01  0.204439246576348E-01
       0.109000000000000E+01  0.208660305232200E-01
       0.110000000000000E+01  0.212937540563672E-01
       0.111000000000000E+01  0.217271540560853E-01
       0.112000000000000E+01  0.221662904785652E-01
       0.113000000000000E+01  0.226112244621835E-01
       0.114000000000000E+01  0.230620183532311E-01
       0.115000000000000E+01  0.235187357323872E-01
       0.116000000000000E+01  0.239814414419664E-01
       0.117000000000000E+01  0.244502016139623E-01
       0.118000000000000E+01  0.249250836989199E-01
       0.119000000000000E+01  0.254061564956578E-01
       0.120000000000000E+01  0.258934901818769E-01
       0.121000000000000E+01  0.263871563456816E-01
       0.122000000000000E+01  0.268872280180466E-01
       0.123000000000000E+01  0.273937797062644E-01
       0.124000000000000E+01  0.279068874284049E-01
       0.125000000000000E+01  0.284266287488257E-01
       0.126000000000000E+01  0.289530828147700E-01
       0.127000000000000E+01  0.294863303940926E-01
       0.128000000000000E+01  0.300264539141497E-01
       0.129000000000000E+01  0.305735375019051E-01
       0.130000000000000E+01  0.311276670252848E-01
       0.131000000000000E+01  0.316889301358389E-01
       0.132000000000000E+01  0.322574163127494E-01
       0.133000000000000E+01  0.328332169082401E-01
       0.134000000000000E+01  0.334164251944397E-01
       0.135000000000000E+01  0.340071364117541E-01
       0.136000000000000E+01  0.346054478188045E-01
       0.137000000000000E+01  0.352114587439928E-01
       0.138000000000000E+01  0.358252706387553E-01
       0.139000000000000E+01  0.364469871325757E-01
       0.140000000000000E+01  0.370767140898199E-01
       0.141000000000000E+01  0.377145596684686E-01
       0.142000000000000E+01  0.383606343808256E-01
       0.143000000000000E+01  0.390150511562739E-01
       0.144000000000000E+01  0.396779254061712E-01
       0.145000000000000E+01  0.403493750909650E-01
       0.146000000000000E+01  0.410295207896226E-01
       0.147000000000000E+01  0.417184857714691E-01
       0.148000000000000E+01  0.424163960705374E-01
       0.149000000000000E+01  0.431233805625289E-01
       0.150000000000000E+01  0.438395710445050E-01
       0.151000000000000E+01  0.445651023174164E-01
       0.152000000000000E+01  0.453001122715979E-01
       0.153000000000000E+01  0.460447419753556E-01
       0.154000000000000E+01  0.467991357667807E-01
       0.155000000000000E+01  0.475634413489344E-01
       0.156000000000000E+01  0.483378098885499E-01
       0.157000000000000E+01  0.491223961184135E-01
       0.158000000000000E+01  0.499173584435878E-01
       0.159000000000000E+01  0.507228590516523E-01
       0.160000000000000E+01  0.515390640271488E-01
       0.161000000000000E+01  0.523661434704227E-01
       0.162000000000000E+01  0.532042716210660E-01
       0.163000000000000E+01  0.540536269861743E-01
       0.164000000000000E+01  0.549143924736369E-01
       0.165000000000000E+01  0.557867555306837E-01
       0.166000000000000E+01  0.566709082878991E-01
       0.167000000000000E+01  0.575670477088948E-01
       0.168000000000000E+01  0.584753757457845E-01
       0.169000000000000E+01  0.593960995005412E-01
       0.170000000000000E+01  0.603294313922932E-01
       0.171000000000000E+01  0.612755893307886E-01
       0.172000000000000E+01  0.622347968969436E-01
       0.173000000000000E+01  0.632072835327748E-01
       0.174000000000000E+01  0.641932847442526E-01
       0.175000000000000E+01  0.651930423191662E-01
       0.176000000000000E+01  0.662068045564683E-01
       0.177000000000000E+01  0.672348264988468E-01
       0.178000000000000E+01  0.682773701641465E-01
       0.179000000000000E+01  0.693347047808745E-01
       0.180000000000000E+01  0.704071070369013E-01
       0.181000000000000E+01  0.714948613460400E-01
       0.182000000000000E+01  0.725982601318266E-01
       0.183000000000000E+01  0.737176041262784E-01
       0.184000000000000E+01  0.748532026824762E-01
       0.185000000000000E+01  0.760053741011577E-01
       0.186000000000000E+01  0.771744459722386E-01
       0.187000000000000E+01  0.783607555324135E-01
       0.188000000000000E+01  0.795646500400295E-01
       0.189000000000000E+01  0.807864871684152E-01
       0.190000000000000E+01  0.820266354188417E-01
       0.191000000000000E+01  0.832854745543543E-01
       0.192000000000000E+01  0.845633960558466E-01
       0.193000000000000E+01  0.858608036020138E-01
       0.194000000000000E+01  0.871781135752034E-01
       0.195000000000000E+01  0.885157555954295E-01
       0.196000000000000E+01  0.898741730846004E-01
       0.197000000000000E+01  0.912538238621987E-01
       0.198000000000000E+01  0.926551807729681E-01
       0.199000000000000E+01  0.940787323476161E-01
       0.200000000000000E+01  0.955249834994739E-01
       0.201000000000000E+01  0.969944562617036E-01
       0.202000000000000E+01  0.984876905694129E-01
       0.203000000000000E+01  0.100005245089945E+00
       0.204000000000000E+01  0.101547698104169E+00
       0.205000000000000E+01  0.103115648442064E+00
       0.206000000000000E+01  0.104709716476602E+00
       0.207000000000000E+01  0.106330545180564E+00
       0.208000000000000E+01  0.107978801251431E+00
       0.209000000000000E+01  0.109655176310025E+00
       0.210000000000000E+01  0.111360388179128E+00
       0.211000000000000E+01  0.113095182248894E+00
       0.212000000000000E+01  0.114860332936617E+00
       0.213000000000000E+01  0.116656645249183E+00
       0.214000000000000E+01  0.118484956457457E+00
       0.215000000000000E+01  0.120346137892859E+00
       0.216000000000000E+01  0.122241096877560E+00
       0.217000000000000E+01  0.124170778801027E+00
       0.218000000000000E+01  0.126136169357151E+00
       0.219000000000000E+01  0.128138296957868E+00
       0.220000000000000E+01  0.130178235341152E+00
       0.221000000000000E+01  0.132257106393455E+00
       0.222000000000000E+01  0.134376083209206E+00
       0.223000000000000E+01  0.136536393412922E+00
       0.224000000000000E+01  0.138739322772825E+00
       0.225000000000000E+01  0.140986219138750E+00
       0.226000000000000E+01  0.143278496741628E+00
       0.227000000000000E+01  0.145617640897008E+00
       0.228000000000000E+01  0.148005213161206E+00
       0.229000000000000E+01  0.150442856995674E+00
       0.229999999999999E+01  0.152932304003504E+00
       0.230999999999999E+01  0.155475380811664E+00
       0.231999999999999E+01  0.158074016683992E+00
       0.232999999999999E+01  0.160730251963421E+00
       0.233999999999999E+01  0.163446247457857E+00
       0.234999999999999E+01  0.166224294903050E+00
       0.235999999999999E+01  0.169066828658296E+00
       0.236999999999999E+01  0.171976438817733E+00
       0.237999999999999E+01  0.174955885952193E+00
       0.238999999999999E+01  0.178008117735351E+00
       0.239999999999999E+01  0.181136287754694E+00
       0.240999999999999E+01  0.184343776864384E+00
       0.241999999999999E+01  0.187634217505975E+00
       0.242999999999999E+01  0.191011521506775E+00
       0.243999999999999E+01  0.194479911968420E+00
       0.244999999999999E+01  0.198043959984414E+00
       0.245999999999999E+01  0.201708627081141E+00
       0.246999999999999E+01  0.205479314469682E+00
       0.247999999999999E+01  0.209361920435657E+00
       0.248999999999999E+01  0.213362907493697E+00
       0.249999999999999E+01  0.217489381308661E+00
       0.250999999999999E+01  0.221749183858227E+00
       0.251999999999999E+01  0.226151003908974E+00
       0.252999999999999E+01  0.230704508636202E+00
       0.253999999999999E+01  0.235420501183782E+00
       0.254999999999999E+01  0.240311110195889E+00
       0.255999999999999E+01  0.245390018938176E+00
       0.256999999999999E+01  0.250672743667565E+00
       0.257999999999999E+01  0.256176973544960E+00
       0.258999999999999E+01  0.261922987792474E+00
       0.259999999999999E+01  0.267934170204653E+00
       0.260999999999999E+01  0.274237646819322E+00
       0.261999999999999E+01  0.280865079887095E+00
       0.262999999999999E+01  0.287853660649342E+00
       0.263999999999999E+01  0.295247355246272E+00
       0.264999999999999E+01  0.303098472615188E+00
       0.265999999999999E+01  0.311469640388017E+00
       0.266999999999999E+01  0.320436293430829E+00
       0.267999999999999E+01  0.330089796387513E+00
       0.268999999999999E+01  0.340541328169097E+00
       0.269999999999999E+01  0.351926634655265E+00
       0.270999999999999E+01  0.364411668121456E+00
       0.271999999999999E+01  0.378198902006303E+00
       0.272999999999999E+01  0.393533589841352E+00
       0.273999999999999E+01  0.410708152463181E+00
       0.274999999999999E+01  0.430060748662489E+00
       0.275999999999999E+01  0.451960172155515E+00
       0.276999999999998E+01  0.476762681022758E+00
       0.277999999999998E+01  0.504717222370648E+00
       0.278999999999998E+01  0.535787762124912E+00
       0.279999999999998E+01  0.569370017937109E+00
       0.280999999999998E+01  0.603938522243143E+00
       0.281999999999998E+01  0.636806018822197E+00
       0.282999999999998E+01  0.664361650672706E+00
       0.283999999999998E+01  0.683104613015966E+00
       0.284999999999998E+01  0.691184325347084E+00
       0.285999999999998E+01  0.689383056284305E+00
       0.286999999999998E+01  0.680682373400794E+00
       0.287999999999998E+01  0.668817060392432E+00
       0.288999999999998E+01  0.656959614830505E+00
       0.289999999999998E+01  0.647171854353781E+00
       0.290999999999998E+01  0.640487719448966E+00
       0.291999999999998E+01  0.637239712469789E+00
       0.292999999999998E+01  0.637372378612713E+00
       0.293999999999998E+01  0.640658771825959E+00
       0.294999999999998E+01  0.646825283755395E+00
       0.295999999999998E+01  0.655614216334143E+00
       0.296999999999998E+01  0.666810374993847E+00
       0.297999999999998E+01  0.680249077852474E+00
       0.298999999999998E+01  0.695815592170201E+00
       0.299999999999998E+01  0.713441274535605E+00
       0.300999999999998E+01  0.733099003388139E+00
       0.301999999999998E+01  0.754799081385023E+00
       0.302999999999998E+01  0.778586085749816E+00
       0.303999999999998E+01  0.804536795577573E+00
       0.304999999999998E+01  0.832759132673675E+00
       0.305999999999998E+01  0.863391992757603E+00
       0.306999999999998E+01  0.896605970323615E+00
       0.307999999999998E+01  0.932605211632278E+00
       0.308999999999998E+01  0.971630723002297E+00
       0.309999999999998E+01  0.101396530198544E+01
       0.310999999999998E+01  0.105994001382543E+01
       0.311999999999998E+01  0.110994191177511E+01
       0.312999999999998E+01  0.116442253946807E+01
       0.313999999999998E+01  0.122390715840641E+01
       0.314999999999998E+01  0.128900567432706E+01
       0.315999999999998E+01  0.136042676478932E+01
       0.316999999999998E+01  0.143899628539621E+01
       0.317999999999998E+01  0.152568055325238E+01
       0.318999999999998E+01  0.162161519409637E+01
       0.319999999999998E+01  0.172814071567123E+01
       0.320999999999998E+01  0.184684654340256E+01
       0.321999999999998E+01  0.197962585248475E+01
       0.322999999999998E+01  0.212874419877851E+01
       0.323999999999997E+01  0.229692575071495E+01
       0.324999999999997E+01  0.248746191915561E+01
       0.325999999999997E+01  0.270434841791712E+01
       0.326999999999997E+01  0.295245822706407E+01
       0.327999999999997E+01  0.323775938414934E+01
       0.328999999999997E+01  0.356758753226264E+01
       0.329999999999997E+01  0.395098270336006E+01
       0.330999999999997E+01  0.439909581900720E+01
       0.331999999999997E+01  0.492565856753192E+01
       0.332999999999997E+01  0.554748216660533E+01
       0.333999999999997E+01  0.628488986236699E+01
       0.334999999999997E+01  0.716186566172070E+01
       0.335999999999997E+01  0.820546955907086E+01
       0.336999999999997E+01  0.944366144251224E+01
       0.337999999999997E+01  0.109000446448863E+02
       0.338999999999997E+01  0.125833034429264E+02
       0.339999999999997E+01  0.144689417566179E+02
       0.340999999999997E+01  0.164732377960492E+02
       0.341999999999997E+01  0.184273260794430E+02
       0.342999999999997E+01  0.200737882434817E+02
       0.343999999999997E+01  0.211168969090659E+02
       0.344999999999997E+01  0.213322414944619E+02
       0.345999999999997E+01  0.206773633227608E+02
       0.346999999999997E+01  0.193139127316962E+02
       0.347999999999997E+01  0.175215980701305E+02
       0.348999999999997E+01  0.155789279748290E+02
       0.349999999999997E+01  0.136891650758453E+02
       0.350999999999997E+01  0.119666978657146E+02
       0.351999999999997E+01  0.104571306292360E+02
       0.352999999999997E+01  0.916408427090591E+01
       0.353999999999997E+01  0.807016450213024E+01
       0.354999999999997E+01  0.714999196160145E+01
       0.355999999999997E+01  0.637714578717592E+01
       0.356999999999997E+01  0.572734517036964E+01
       0.357999999999997E+01  0.517958409985417E+01
       0.358999999999997E+01  0.471626319120806E+01
       0.359999999999997E+01  0.432288936202488E+01
       0.360999999999997E+01  0.398763164347664E+01
       0.361999999999997E+01  0.370086728298458E+01
       0.362999999999997E+01  0.345477327147654E+01
       0.363999999999997E+01  0.324298019601923E+01
       0.364999999999997E+01  0.306028814599619E+01
       0.365999999999997E+01  0.290243762615001E+01
       0.366999999999997E+01  0.276592654151605E+01
       0.367999999999997E+01  0.264786460709040E+01
       0.368999999999997E+01  0.254585768283806E+01
       0.369999999999997E+01  0.245791585130361E+01
       0.370999999999996E+01  0.238238023584038E+01
       0.371999999999996E+01  0.231786456146462E+01
       0.372999999999996E+01  0.226320832110643E+01
       0.373999999999996E+01  0.221743913831326E+01
       0.374999999999996E+01  0.217974247927216E+01
       0.375999999999996E+01  0.214943725479760E+01
       0.376999999999996E+01  0.212595613618637E+01
       0.377999999999996E+01  0.210882965034977E+01
       0.378999999999996E+01  0.209767332723345E+01
       0.379999999999996E+01  0.209217733743810E+01
       0.380999999999996E+01  0.209209818212159E+01
       0.381999999999996E+01  0.209725208986865E+01
       0.382999999999996E+01  0.210750984558513E+01
       0.383999999999996E+01  0.212279283368867E+01
       0.384999999999996E+01  0.214307013401507E+01
       0.385999999999996E+01  0.216835657972755E+01
       0.386999999999996E+01  0.219871177978014E+01
       0.387999999999996E+01  0.223424019911604E+01
       0.388999999999996E+01  0.227509241674145E+01
       0.389999999999996E+01  0.232146758508299E+01
       0.390999999999996E+01  0.237361687346454E+01
       0.391999999999996E+01  0.243184745161770E+01
       0.392999999999996E+01  0.249652676662983E+01
       0.393999999999996E+01  0.256808751619184E+01
       0.394999999999996E+01  0.264703410559390E+01
       0.395999999999996E+01  0.273395113219205E+01
       0.396999999999996E+01  0.282951406570399E+01
       0.397999999999996E+01  0.293450221577920E+01
       0.398999999999996E+01  0.304981423256518E+01
       0.399999999999996E+01  0.317648658123982E+01
       0.400999999999996E+01  0.331571560470084E+01
       0.401999999999996E+01  0.346888397888446E+01
       0.402999999999996E+01  0.363759265367963E+01
       0.403999999999996E+01  0.382369984034946E+01
       0.404999999999996E+01  0.402936922592732E+01
       0.405999999999996E+01  0.425713006515600E+01
       0.406999999999996E+01  0.450995169799408E+01
       0.407999999999996E+01  0.479133462044493E+01
       0.408999999999996E+01  0.510542086451851E+01
       0.409999999999996E+01  0.545712905241061E+01
       0.410999999999996E+01  0.585232278763181E+01
       0.411999999999996E+01  0.629802318341443E+01
       0.412999999999996E+01  0.680267772072152E+01
       0.413999999999996E+01  0.737649993986274E+01
       0.414999999999996E+01  0.803189821860674E+01
       0.415999999999996E+01  0.878401641535704E+01
       0.416999999999996E+01  0.965141342496255E+01
       0.417999999999996E+01  0.106569110702539E+02
       0.418999999999996E+01  0.118286368094272E+02
       0.419999999999995E+01  0.132012721985910E+02
       0.420999999999995E+01  0.148174750891591E+02
       0.421999999999995E+01  0.167293441227293E+02
       0.422999999999995E+01  0.189995835729515E+02
       0.423999999999995E+01  0.217016079438552E+02
       0.424999999999995E+01  0.249170434266747E+02
       0.425999999999995E+01  0.287277392396292E+02
       0.426999999999995E+01  0.331974073735164E+02
       0.427999999999995E+01  0.383359328512707E+02
       0.428999999999995E+01  0.440398206030636E+02
       0.429999999999995E+01  0.500117676263648E+02
       0.430999999999995E+01  0.556905486207119E+02
       0.431999999999995E+01  0.602667703319693E+02
       0.432999999999995E+01  0.628727371734295E+02
       0.433999999999995E+01  0.629303824745439E+02
       0.434999999999995E+01  0.604462485041396E+02
       0.435999999999995E+01  0.560049612076044E+02
       0.436999999999995E+01  0.504684569003769E+02
       0.437999999999995E+01  0.446337327736424E+02
       0.438999999999995E+01  0.390513206990658E+02
       0.439999999999995E+01  0.340133745486776E+02
       0.440999999999995E+01  0.296232396857615E+02
       0.441999999999995E+01  0.258737659093190E+02
       0.442999999999995E+01  0.227050121513515E+02
       0.443999999999995E+01  0.200388425820539E+02
       0.444999999999995E+01  0.177968087323006E+02
       0.445999999999995E+01  0.159080196274790E+02
       0.446999999999995E+01  0.143116891574737E+02
       0.447999999999995E+01  0.129571381144290E+02
       0.448999999999995E+01  0.118027416469115E+02
       0.449999999999995E+01  0.108145623717837E+02
       0.450999999999995E+01  0.996500598525985E+01
       0.451999999999995E+01  0.923163200138219E+01
       0.452999999999995E+01  0.859615483368638E+01
       0.453999999999995E+01  0.804362764143857E+01
       0.454999999999995E+01  0.756178535358160E+01
       0.455999999999995E+01  0.714051983681448E+01
       0.456999999999995E+01  0.677146231299483E+01
       0.457999999999995E+01  0.644765242056263E+01
       0.458999999999995E+01  0.616327757158505E+01
       0.459999999999995E+01  0.591346872730991E+01
       0.460999999999995E+01  0.569413930771882E+01
       0.461999999999995E+01  0.550185506426890E+01
       0.462999999999995E+01  0.533372611477098E+01
       0.463999999999995E+01  0.518731633109326E+01
       0.464999999999995E+01  0.506056790375857E+01
       0.465999999999995E+01  0.495174014841815E+01
       0.466999999999994E+01  0.485936156510407E+01
       0.467999999999994E+01  0.478219314502835E+01
       0.468999999999994E+01  0.471920028616959E+01
       0.469999999999994E+01  0.466953108700007E+01
       0.470999999999994E+01  0.463249965402501E+01
       0.471999999999994E+01  0.460757374906945E+01
       0.472999999999994E+01  0.459436647798162E+01
       0.473999999999994E+01  0.459263188574781E+01
       0.474999999999994E+01  0.460226435681599E+01
       0.475999999999994E+01  0.462330161225318E+01
       0.476999999999994E+01  0.465593072907578E+01
       0.477999999999994E+01  0.470049572079368E+01
       0.478999999999994E+01  0.475750332231240E+01
       0.479999999999994E+01  0.482761987151413E+01
       0.480999999999994E+01  0.491164529453242E+01
       0.481999999999994E+01  0.501043879601533E+01
       0.482999999999994E+01  0.512475523112576E+01
       0.483999999999994E+01  0.525493884375714E+01
       0.484999999999994E+01  0.540043861620076E+01
       0.485999999999994E+01  0.555921316589350E+01
       0.486999999999994E+01  0.572733630472297E+01
       0.487999999999994E+01  0.589939264752748E+01
       0.488999999999994E+01  0.607011274750732E+01
       0.489999999999994E+01  0.623670005672309E+01
       0.490999999999994E+01  0.640018972621114E+01
       0.491999999999994E+01  0.656470617460996E+01
       0.492999999999994E+01  0.673550759410342E+01
       0.493999999999994E+01  0.691760538269179E+01
       0.494999999999994E+01  0.711556821075162E+01
       0.495999999999994E+01  0.733382840035039E+01
       0.496999999999994E+01  0.757680042445874E+01
       0.497999999999994E+01  0.784874268614868E+01
       0.498999999999994E+01  0.815361387989783E+01
       0.499999999999994E+01  0.849510250131916E+01
       0.500999999999994E+01  0.887682971441561E+01
       0.501999999999994E+01  0.930263071356776E+01
       0.502999999999994E+01  0.977683101377764E+01
       0.503999999999994E+01  0.103044866731949E+02
       0.504999999999994E+01  0.108915966441250E+02
       0.505999999999994E+01  0.115453103477853E+02
       0.506999999999994E+01  0.122741545901903E+02
       0.507999999999994E+01  0.130883012608949E+02
       0.508999999999994E+01  0.139998956452331E+02
       0.509999999999994E+01  0.150234659141925E+02
       0.510999999999994E+01  0.161764374342511E+02
       0.511999999999994E+01  0.174797807311944E+02
       0.512999999999994E+01  0.189588290620715E+02
       0.513999999999993E+01  0.206443103755933E+02
       0.514999999999993E+01  0.225736484132738E+02
       0.515999999999993E+01  0.247925973484761E+02
       0.516999999999993E+01  0.273572802317192E+02
       0.517999999999993E+01  0.303366962787967E+02
       0.518999999999993E+01  0.338157312241469E+02
       0.519999999999993E+01  0.378986217277576E+02
       0.520999999999993E+01  0.427126420681562E+02
       0.521999999999993E+01  0.484114183713715E+02
       0.522999999999993E+01  0.551765872599933E+02
       0.523999999999993E+01  0.632152139943978E+02
       0.524999999999993E+01  0.727479120169630E+02
       0.525999999999993E+01  0.839782024796951E+02
       0.526999999999993E+01  0.970273239430984E+02
       0.527999999999993E+01  0.111813842151517E+03
       0.528999999999993E+01  0.127865301588759E+03
       0.529999999999993E+01  0.144092965586602E+03
       0.530999999999993E+01  0.158662155960607E+03
       0.531999999999993E+01  0.169204062576077E+03
       0.532999999999993E+01  0.173545065946760E+03
       0.533999999999993E+01  0.170695889196808E+03
       0.534999999999993E+01  0.161382106280502E+03
       0.535999999999993E+01  0.147644129082167E+03
       0.536999999999993E+01  0.131871286787161E+03
       0.537999999999993E+01  0.116005602146282E+03
       0.538999999999993E+01  0.101254403542271E+03
       0.539999999999993E+01  0.881802172291275E+02
       0.540999999999993E+01  0.769189384442340E+02
       0.541999999999993E+01  0.673762859378631E+02
       0.542999999999993E+01  0.593591793717504E+02
       0.543999999999993E+01  0.526496477128299E+02
       0.544999999999993E+01  0.470407968302968E+02
       0.545999999999993E+01  0.423512231589559E+02
       0.546999999999993E+01  0.384284142482883E+02
       0.547999999999993E+01  0.351470561729317E+02
       0.548999999999993E+01  0.324052388101305E+02
       0.549999999999993E+01  0.301198668719837E+02
       0.550999999999993E+01  0.282216939557928E+02
       0.551999999999993E+01  0.266500852716569E+02
       0.552999999999993E+01  0.253479376680700E+02
       0.553999999999993E+01  0.242582430624133E+02
       0.554999999999993E+01  0.233249509301575E+02
       0.555999999999993E+01  0.224999315542062E+02
       0.556999999999993E+01  0.217531627369583E+02
       0.557999999999993E+01  0.210783164142786E+02
       0.558999999999993E+01  0.204882440116692E+02
       0.559999999999993E+01  0.200036620490434E+02
       0.560999999999992E+01  0.196429427652471E+02
       0.561999999999992E+01  0.194171691976316E+02
       0.562999999999992E+01  0.193292430207324E+02
       0.563999999999992E+01  0.193742211898373E+02
       0.564999999999992E+01  0.195395373984550E+02
       0.565999999999992E+01  0.198060277849061E+02
       0.566999999999992E+01  0.201520265783510E+02
       0.567999999999992E+01  0.205615453513323E+02
       0.568999999999992E+01  0.210335069889330E+02
       0.569999999999992E+01  0.215861487178770E+02
       0.570999999999992E+01  0.222535985268899E+02
       0.571999999999992E+01  0.230778800471523E+02
       0.572999999999992E+01  0.241022665892940E+02
       0.573999999999992E+01  0.253691738254471E+02
       0.574999999999992E+01  0.269219743258570E+02
       0.575999999999992E+01  0.288086925741764E+02
       0.576999999999992E+01  0.310861257872490E+02
       0.577999999999992E+01  0.338238884988829E+02
       0.578999999999992E+01  0.371083936631064E+02
       0.579999999999992E+01  0.410468325149200E+02
       0.580999999999992E+01  0.457709255557486E+02
       0.581999999999992E+01  0.514395722477041E+02
       0.582999999999992E+01  0.582383146749185E+02
       0.583999999999992E+01  0.663713476687548E+02
       0.584999999999992E+01  0.760381597842983E+02
       0.585999999999992E+01  0.873816852403968E+02
       0.586999999999992E+01  0.100390036083112E+03
       0.587999999999992E+01  0.114737258646131E+03
       0.588999999999992E+01  0.129578560039970E+03
       0.589999999999992E+01  0.143395087969516E+03
       0.590999999999992E+01  0.154093555683594E+03
       0.591999999999992E+01  0.159562726223956E+03
       0.592999999999992E+01  0.158569614307842E+03
       0.593999999999992E+01  0.151403399565774E+03
       0.594999999999992E+01  0.139708536684184E+03
       0.595999999999992E+01  0.125660667757294E+03
       0.596999999999992E+01  0.111152462251262E+03
       0.597999999999992E+01  0.974208755971865E+02
       0.598999999999992E+01  0.850743078604569E+02
       0.599999999999992E+01  0.742900571517780E+02
       0.600999999999992E+01  0.650128954100281E+02
       0.601999999999992E+01  0.570909507732411E+02
       0.602999999999992E+01  0.503483815693644E+02
       0.603999999999992E+01  0.446161311392377E+02
       0.604999999999992E+01  0.397416491256417E+02
       0.605999999999992E+01  0.355907263718093E+02
       0.606999999999992E+01  0.320472157960147E+02
       0.607999999999991E+01  0.290121531921713E+02
       0.608999999999991E+01  0.264023997201713E+02
       0.609999999999991E+01  0.241488729390832E+02
       0.610999999999991E+01  0.221945790441239E+02
       0.611999999999991E+01  0.204926718036353E+02
       0.612999999999991E+01  0.190046879901978E+02
       0.613999999999991E+01  0.176990262441195E+02
       0.614999999999991E+01  0.165496793652796E+02
       0.615999999999991E+01  0.155351999950639E+02
       0.616999999999991E+01  0.146378678779069E+02
       0.617999999999991E+01  0.138430251776259E+02
       0.618999999999991E+01  0.131385492263985E+02
       0.619999999999991E+01  0.125144365101011E+02
       0.620999999999991E+01  0.119624759903347E+02
       0.621999999999991E+01  0.114759930643636E+02
       0.622999999999991E+01  0.110496467355262E+02
       0.623999999999991E+01  0.106792607716917E+02
       0.624999999999991E+01  0.103616629921406E+02
       0.625999999999991E+01  0.100944929615622E+02
       0.626999999999991E+01  0.987591576411956E+01
       0.627999999999991E+01  0.970415320415866E+01
       0.628999999999991E+01  0.957673979410928E+01
       0.629999999999991E+01  0.948949897382565E+01
       0.630999999999991E+01  0.943552454218602E+01
       0.631999999999991E+01  0.940495503609171E+01
       0.632999999999991E+01  0.938663119412189E+01
       0.633999999999991E+01  0.937195442750514E+01
       0.634999999999991E+01  0.935926683936914E+01
       0.635999999999991E+01  0.935577957490274E+01
       0.636999999999991E+01  0.937562397859357E+01
       0.637999999999991E+01  0.943571722721265E+01
       0.638999999999991E+01  0.955237316630534E+01
       0.639999999999991E+01  0.974012179401838E+01
       0.640999999999991E+01  0.100122743035202E+02
       0.641999999999991E+01  0.103820720432030E+02
       0.642999999999991E+01  0.108634913939858E+02
       0.643999999999991E+01  0.114710759696161E+02
       0.644999999999991E+01  0.122181440337871E+02
       0.645999999999991E+01  0.131124318602323E+02
       0.646999999999991E+01  0.141480443561208E+02
       0.647999999999991E+01  0.152933430770337E+02
       0.648999999999991E+01  0.164776077263383E+02
       0.649999999999991E+01  0.175858479245042E+02
       0.650999999999991E+01  0.184768565379445E+02
       0.651999999999991E+01  0.190319328487637E+02
       0.652999999999991E+01  0.192135827275589E+02
       0.653999999999991E+01  0.190908030923098E+02
       0.654999999999990E+01  0.188092846003273E+02
       0.655999999999990E+01  0.185332074750814E+02
       0.656999999999990E+01  0.184008349737425E+02
       0.657999999999990E+01  0.185105660849356E+02
       0.658999999999990E+01  0.189280814335996E+02
       0.659999999999990E+01  0.196995738072374E+02
       0.660999999999990E+01  0.208617266841129E+02
       0.661999999999990E+01  0.224444722849122E+02
       0.662999999999990E+01  0.244643556149070E+02
       0.663999999999990E+01  0.269060534450433E+02
       0.664999999999990E+01  0.296903348669362E+02
       0.665999999999990E+01  0.326330734072818E+02
       0.666999999999990E+01  0.354164380767666E+02
       0.667999999999990E+01  0.376148491468692E+02
       0.668999999999990E+01  0.388137396326930E+02
       0.669999999999990E+01  0.387904263222474E+02
       0.670999999999990E+01  0.376343028724276E+02
       0.671999999999990E+01  0.357011243739327E+02
       0.672999999999990E+01  0.334413711198645E+02
       0.673999999999990E+01  0.312356375962336E+02
       0.674999999999990E+01  0.293160136856833E+02
       0.675999999999990E+01  0.277611295997578E+02
       0.676999999999990E+01  0.265231893697537E+02
       0.677999999999990E+01  0.254657814979530E+02
       0.678999999999990E+01  0.244143587164746E+02
       0.679999999999990E+01  0.232198551400030E+02
       0.680999999999990E+01  0.218139940446316E+02
       0.681999999999990E+01  0.202252081813628E+02
       0.682999999999990E+01  0.185483532835500E+02
       0.683999999999990E+01  0.168941730149562E+02
       0.684999999999990E+01  0.153505002539041E+02
       0.685999999999990E+01  0.139681441469819E+02
       0.686999999999990E+01  0.127652769056655E+02
       0.687999999999990E+01  0.117386785072590E+02
       0.688999999999990E+01  0.108741848432922E+02
       0.689999999999990E+01  0.101537983958039E+02
       0.690999999999990E+01  0.955969472452016E+01
       0.691999999999990E+01  0.907613518942853E+01
       0.692999999999990E+01  0.869019205323388E+01
       0.693999999999990E+01  0.839188808216117E+01
       0.694999999999990E+01  0.817409648839839E+01
       0.695999999999990E+01  0.803238051736878E+01
       0.696999999999990E+01  0.796485398475445E+01
       0.697999999999990E+01  0.797208493127592E+01
       0.698999999999990E+01  0.805701911391518E+01
       0.699999999999990E+01  0.822484637279781E+01
       0.700999999999989E+01  0.848264820313510E+01
       0.701999999999989E+01  0.883852465466784E+01
       0.702999999999989E+01  0.929969039598623E+01
       0.703999999999989E+01  0.986880688267359E+01
       0.704999999999989E+01  0.105378370930767E+02
       0.705999999999989E+01  0.112796408266391E+02
       0.706999999999989E+01  0.120403760904422E+02
       0.707999999999989E+01  0.127404114325908E+02
       0.708999999999989E+01  0.132932579268142E+02
       0.709999999999989E+01  0.136421484095205E+02
       0.710999999999989E+01  0.137935484006979E+02
       0.711999999999989E+01  0.138203468390160E+02
       0.712999999999989E+01  0.138318647760956E+02
       0.713999999999989E+01  0.139354468370510E+02
       0.714999999999989E+01  0.142121947857213E+02
       0.715999999999989E+01  0.147087508131732E+02
       0.716999999999989E+01  0.154345998890294E+02
       0.717999999999989E+01  0.163554957539805E+02
       0.718999999999989E+01  0.173814548736605E+02
       0.719999999999989E+01  0.183585028336937E+02
       0.720999999999989E+01  0.190834534822027E+02
       0.721999999999989E+01  0.193578463937211E+02
       0.722999999999989E+01  0.190672785158889E+02
       0.723999999999989E+01  0.182351112300895E+02
       0.724999999999989E+01  0.170067723870704E+02
       0.725999999999989E+01  0.155785916824700E+02
       0.726999999999989E+01  0.141257205872662E+02
       0.727999999999989E+01  0.127665111322732E+02
       0.728999999999989E+01  0.115622309891736E+02
       0.729999999999989E+01  0.105332132349743E+02
       0.730999999999989E+01  0.967635010546668E+01
       0.731999999999989E+01  0.897789061843294E+01
       0.732999999999989E+01  0.842111470850676E+01
       0.733999999999989E+01  0.799032278071655E+01
       0.734999999999989E+01  0.767261952863688E+01
       0.735999999999989E+01  0.745850403689169E+01
       0.736999999999989E+01  0.734181877556738E+01
       0.737999999999989E+01  0.731926020267509E+01
       0.738999999999989E+01  0.738937827433564E+01
       0.739999999999989E+01  0.755074424906164E+01
       0.740999999999989E+01  0.779876437715923E+01
       0.741999999999989E+01  0.812065912942323E+01
       0.742999999999989E+01  0.848893654764004E+01
       0.743999999999989E+01  0.885597717311956E+01
       0.744999999999989E+01  0.915575049019574E+01
       0.745999999999989E+01  0.931926753417530E+01
       0.746999999999989E+01  0.930184319388479E+01
       0.747999999999988E+01  0.910552107029310E+01
       0.748999999999988E+01  0.877800408495687E+01
       0.749999999999988E+01  0.838914188175604E+01
       0.750999999999988E+01  0.800435351160301E+01
       0.751999999999988E+01  0.767048712449840E+01
       0.752999999999988E+01  0.741493259856631E+01
       0.753999999999988E+01  0.725121433538788E+01
       0.754999999999988E+01  0.718532049738881E+01
       0.755999999999988E+01  0.722033406787490E+01
       0.756999999999988E+01  0.735898379266837E+01
       0.757999999999988E+01  0.760432150764407E+01
       0.758999999999988E+01  0.795855842292292E+01
       0.759999999999988E+01  0.841969883957069E+01
       0.760999999999988E+01  0.897542549080844E+01
       0.761999999999988E+01  0.959439466783556E+01
       0.762999999999988E+01  0.102177057555307E+02
       0.763999999999988E+01  0.107579313734260E+02
       0.764999999999988E+01  0.111156600018452E+02
       0.765999999999988E+01  0.112151642133362E+02
       0.766999999999988E+01  0.110406456590896E+02
       0.767999999999988E+01  0.106445976808041E+02
       0.768999999999988E+01  0.101209507154239E+02
       0.769999999999988E+01  0.956585399710806E+01
       0.770999999999988E+01  0.905196961021076E+01
       0.771999999999988E+01  0.862277277411520E+01
       0.772999999999988E+01  0.829884409739869E+01
       0.773999999999988E+01  0.808704170847852E+01
       0.774999999999988E+01  0.798798763095300E+01
       0.775999999999988E+01  0.800093416070095E+01
       0.776999999999988E+01  0.812655405389873E+01
       0.777999999999988E+01  0.836840956840597E+01
       0.778999999999988E+01  0.873362103438245E+01
       0.779999999999988E+01  0.923293326420101E+01
       0.780999999999988E+01  0.988003984706416E+01
       0.781999999999988E+01  0.106896359103643E+02
       0.782999999999988E+01  0.116732055839874E+02
       0.783999999999988E+01  0.128311544483818E+02
       0.784999999999988E+01  0.141401746479648E+02
       0.785999999999988E+01  0.155370721727928E+02
       0.786999999999988E+01  0.169062826943645E+02
       0.787999999999988E+01  0.180862319203483E+02
       0.788999999999988E+01  0.189092333900090E+02
       0.789999999999988E+01  0.192678603099974E+02
       0.790999999999988E+01  0.191688951062704E+02
       0.791999999999988E+01  0.187343119530148E+02
       0.792999999999988E+01  0.181498114655474E+02
       0.793999999999988E+01  0.176000723370296E+02
       0.794999999999987E+01  0.172270535080369E+02
       0.795999999999987E+01  0.171184180595765E+02
       0.796999999999987E+01  0.173119601407739E+02
       0.797999999999987E+01  0.177997847810630E+02
       0.798999999999987E+01  0.185239048677597E+02
       0.799999999999987E+01  0.193652300687521E+02
       0.800999999999987E+01  0.201395879436935E+02
       0.801999999999987E+01  0.206231967399455E+02
       0.802999999999987E+01  0.206200722463804E+02
       0.803999999999987E+01  0.200450098253263E+02
       0.804999999999987E+01  0.189620869212840E+02
       0.805999999999987E+01  0.175454240697140E+02
       0.806999999999987E+01  0.159964602458295E+02
       0.807999999999987E+01  0.144776424478033E+02
       0.808999999999987E+01  0.130888950198986E+02
       0.809999999999987E+01  0.118755479822813E+02
       0.810999999999987E+01  0.108470219094134E+02
       0.811999999999987E+01  0.999367506386537E+01
       0.812999999999987E+01  0.929810591060507E+01
       0.813999999999987E+01  0.874153800644979E+01
       0.814999999999987E+01  0.830695686615705E+01
       0.815999999999987E+01  0.798041072760823E+01
       0.816999999999987E+01  0.775138445073897E+01
       0.817999999999987E+01  0.761274987354755E+01
       0.818999999999987E+01  0.756052590529319E+01
       0.819999999999987E+01  0.759350078977268E+01
       0.820999999999987E+01  0.771262106630118E+01
       0.821999999999987E+01  0.791989162326116E+01
       0.822999999999987E+01  0.821634250708559E+01
       0.823999999999987E+01  0.859846773022038E+01
       0.824999999999987E+01  0.905270312055567E+01
       0.825999999999987E+01  0.954859469524089E+01
       0.826999999999987E+01  0.100339651581691E+02
       0.827999999999987E+01  0.104387040423185E+02
       0.828999999999987E+01  0.106930775463058E+02
       0.829999999999987E+01  0.107562462503921E+02
       0.830999999999987E+01  0.106369570473162E+02
       0.831999999999987E+01  0.103897212158337E+02
       0.832999999999987E+01  0.100900183088446E+02
       0.833999999999987E+01  0.980782522973105E+01
       0.834999999999987E+01  0.959386097616276E+01
       0.835999999999987E+01  0.947902340489810E+01
       0.836999999999987E+01  0.948035478755405E+01
       0.837999999999987E+01  0.960783981945685E+01
       0.838999999999987E+01  0.986960323292342E+01
       0.839999999999987E+01  0.102751900438151E+02
       0.840999999999987E+01  0.108372893627046E+02
       0.841999999999986E+01  0.115721529389401E+02
       0.842999999999986E+01  0.124985185015089E+02
       0.843999999999986E+01  0.136342367297710E+02
       0.844999999999986E+01  0.149891096315549E+02
       0.845999999999986E+01  0.165520451701888E+02
       0.846999999999986E+01  0.182716790426934E+02
       0.847999999999986E+01  0.200343652721686E+02
       0.848999999999986E+01  0.216534541068936E+02
       0.849999999999986E+01  0.228933559492033E+02
       0.850999999999986E+01  0.235424135657284E+02
       0.851999999999986E+01  0.235072520281840E+02
       0.852999999999986E+01  0.228625107171315E+02
       0.853999999999986E+01  0.218144530871908E+02
       0.854999999999986E+01  0.206103055233216E+02
       0.855999999999986E+01  0.194598507706494E+02
       0.856999999999986E+01  0.185039305275381E+02
       0.857999999999986E+01  0.178209682210476E+02
       0.858999999999986E+01  0.174482430327824E+02
       0.859999999999986E+01  0.174020691814363E+02
       0.860999999999986E+01  0.176911859238339E+02
       0.861999999999986E+01  0.183228656335560E+02
       0.862999999999986E+01  0.193022228975998E+02
       0.863999999999986E+01  0.206243216314724E+02
       0.864999999999986E+01  0.222578316446541E+02
       0.865999999999986E+01  0.241202868136185E+02
       0.866999999999986E+01  0.260513880309587E+02
       0.867999999999986E+01  0.278034238983080E+02
       0.868999999999986E+01  0.290775579076921E+02
       0.869999999999986E+01  0.296178515274802E+02
       0.870999999999986E+01  0.293224923763696E+02
       0.871999999999986E+01  0.282935463279166E+02
       0.872999999999986E+01  0.267856449133654E+02
       0.873999999999986E+01  0.250970022264143E+02
       0.874999999999986E+01  0.234781392468226E+02
       0.875999999999986E+01  0.220956203532011E+02
       0.876999999999986E+01  0.210401011733688E+02
       0.877999999999986E+01  0.203518845860437E+02
       0.878999999999986E+01  0.200453990958814E+02
       0.879999999999986E+01  0.201257972489438E+02
       0.880999999999986E+01  0.205971840436578E+02
       0.881999999999986E+01  0.214633423263261E+02
       0.882999999999986E+01  0.227208385657160E+02
       0.883999999999986E+01  0.243430731310260E+02
       0.884999999999986E+01  0.262541808330395E+02
       0.885999999999986E+01  0.282968581507846E+02
       0.886999999999986E+01  0.302113098080737E+02
       0.887999999999986E+01  0.316584782875393E+02
       0.888999999999985E+01  0.323147583390554E+02
       0.889999999999985E+01  0.320104252193242E+02
       0.890999999999985E+01  0.308165451340229E+02
       0.891999999999985E+01  0.290050699490813E+02
       0.892999999999985E+01  0.269181907360527E+02
       0.893999999999985E+01  0.248486556656942E+02
       0.894999999999985E+01  0.229890560538197E+02
       0.895999999999985E+01  0.214390215227266E+02
       0.896999999999985E+01  0.202354187868762E+02
       0.897999999999985E+01  0.193817925335972E+02
       0.898999999999985E+01  0.188689913267103E+02
       0.899999999999985E+01  0.186872557580394E+02
       0.900999999999985E+01  0.188322626709577E+02
