#This is a STS 2D data file to be viewed 
16     0.000000     2.508261 
601    -6.000000     6.000000 
 5.33793e-06  9.3909e-06  1.52688e-05  2.29233e-05  3.17742e-05  4.06651e-05 
 4.80629e-05  5.24886e-05  5.3034e-05  4.97362e-05  4.36331e-05  3.64693e-05 
 3.01838e-05  2.63814e-05  2.59473e-05  2.88682e-05  3.42611e-05  4.05871e-05 
 4.60299e-05  4.89747e-05  4.8458e-05  4.44229e-05  3.76704e-05  2.95275e-05 
 2.13856e-05  1.43092e-05  8.84679e-06  5.06311e-06  2.70971e-06  1.42957e-06 
 9.16674e-07  1.00652e-06  1.70515e-06  3.17e-06  5.64454e-06  9.34245e-06 
 1.42922e-05  2.0188e-05  2.63246e-05  3.16877e-05  3.5211e-05  3.61179e-05 
 3.42003e-05  2.98967e-05  2.41315e-05  1.79992e-05  1.24454e-05  8.07831e-06 
 5.16055e-06  3.73586e-06  3.80066e-06  5.42899e-06  8.79432e-06  1.40766e-05 
 2.12874e-05  3.0087e-05  3.96919e-05  4.89526e-05  5.66173e-05  6.17021e-05 
 6.38127e-05  6.32619e-05  6.09099e-05  5.77908e-05  5.46961e-05  5.19074e-05 
 4.91885e-05  4.60128e-05  4.18927e-05  3.66457e-05  3.04895e-05  2.39544e-05 
 1.76835e-05  1.22255e-05  7.90357e-06  4.79079e-06  2.77328e-06  1.65266e-06 
 1.24118e-06  1.4181e-06  2.13738e-06  3.38988e-06  5.13827e-06  7.25009e-06 
 9.46347e-06  1.14132e-05  1.27215e-05  1.31237e-05  1.25745e-05  1.12814e-05 
 9.64777e-06  8.14608e-06  7.17265e-06  6.93447e-06  7.39953e-06  8.31877e-06 
 9.30978e-06  9.97724e-06  1.00339e-05  9.38128e-06  8.12104e-06  6.49778e-06 
 4.8018e-06  3.2764e-06  2.06388e-06  1.20019e-06  6.44281e-07  3.19285e-07 
 1.46076e-07  6.17141e-08  2.40978e-08  8.7241e-09  2.9607e-09  9.76865e-10 
 3.46556e-10  1.56185e-10  7.87203e-11  6.28555e-11  4.63294e-11  3.15229e-11 
 1.97994e-11  1.14798e-11  6.14432e-12  3.03577e-12  1.38459e-12  5.82947e-13 
 2.26565e-13  8.12858e-14  2.69211e-14  8.2305e-15  2.32283e-15  6.05151e-16 
 0  0  0  0  0  0 
 0  0  0  0  0  0 
 0  0  0  0  0  0 
 0  0  0  0  0  0 
 0  0  0  0  0  0 
 0  0  0  0  0  0 
 0  0  0  0  0  0 
 0  0  0  0  0  0 
 0  0  0  0  0  0 
 0  0  0  0  0  0 
 0  0  0  0  0  0 
 0  0  0  0  0  0 
 0  0  0  0  0  0 
 0  0  0  0  0  0 
 0  0  0  0  0  0 
 0  0  0  0  0  0 
 0  0  0  0  0  0 
 0  0  0  0  0  0 
 0  0  0  0  0  0 
 0  0  0  0  0  0 
 0  0  0  0  0  0 
 0  0  0  0  0  0 
 0  0  0  0  0  0 
 0  0  0  0  0  0 
 0  0  0  0  0  0 
 0  0  0  0  0  0 
 0  0  0  0  0  0 
 0  0  0  0  0  0 
 0  0  0  0  0  0 
 0  0  0  0  0  0 
 0  0  0  0  0  0 
 0  0  0  0  0  0 
 0  0  0  0  0  0 
 6.05293e-08  2.41368e-07  8.85837e-07  3.0012e-06  9.38652e-06  2.71009e-05 
 7.22327e-05  0.000177729  0.000403697  0.000846505  0.00163863  0.00292835 
 0.00483119  0.00735857  0.0103484  0.0134386  0.0161207  0.0178767 
 0.018358  0.0175291  0.0157091  0.0134879  0.0115507  0.0104806 
 0.0105994  0.0118858  0.0139812  0.0162825  0.0181053  0.0188804 
 0.0183203  0.0164914  0.0137632  0.0106582  0.00767575  0.00516076 
 0.00325966  0.00195334  0.00112981  0.000656813  0.000431516  0.000405438 
 0.000592695  0.00106806  0.00195305  0.00338219  0.00544331  0.00810273 
 0.0111438  0.0141623  0.0166485  0.0181496  0.018457  0.0177384 
 0.0165482  0.0156973  0.016018  0.0180916  0.0220175  0.0273005 
 0.0329149  0.0375631  0.0400723  0.0397934  0.0368396  0.0320542 
 0.0267197  0.0221307  0.0192001  0.0182275  0.0188815  0.0203705 
 0.0217316  0.0221426  0.0211583  0.0187993  0.0154734  0.011781 
 0.00829532  0.00540663  0.00327307  0.00186456  0.00105528  0.000718296 
 0.00079754  0.00134909  0.00255124  0.00467597  0.00800817  0.0127107 
 0.0186625  0.0253388  0.0318195  0.0369796  0.0398275  0.0398675 
 0.0373173  0.0330667  0.0283794  0.0244614  0.0220723  0.0213241 
 0.0217261  0.0224375  0.0226197  0.0217526  0.0198053  0.0172142 
 0.0146998  0.0130062  0.012655  0.0137833  0.0160953  0.0189368 
 0.0214758  0.0229464  0.0228815  0.0212481  0.0184306  0.0150729 
 0.0118534  0.00928885  0.00763443  0.00689454  0.00691352  0.00749555 
 0.00850695  0.00992453  0.0118103  0.0142168  0.0170622  0.0200401 
 0.0226313  0.0242367  0.0243859  0.0229239  0.0200853  0.0164234 
 0.0126414  0.00941409  0.00727675  0.00660025  0.00761511  0.0104213 
 0.0149428  0.0208397  0.0274416  0.0337882  0.0388189  0.0416804 
 0.0420293  0.0401872  0.0370496  0.0337697  0.0313437  0.0302771 
 0.0304703  0.0313524  0.032182  0.0323607  0.0316208  0.0300267 
 0.0278306  0.0252901  0.0225533  0.019657  0.0166059  0.0134603 
 0.0103696  0.00753712  0.00514906  0.00331295  0.00203703  0.00125083 
 0.000848578  0.000734444  0.000856497  0.00122517  0.00191317  0.00303298 
 0.00468815  0.00690401  0.00956042  0.0123611  0.01487  0.0166186 
 0.0172499  0.0166365  0.0149216  0.0124628  0.00971161  0.00708285 
 0.00486556  0.00319467  0.00207346  0.00142034  0.00111554  0.00103505 
 0.00107085  0.00114158  0.00119727  0.00121929  0.00121475  0.00120597 
 0.00121764  0.00126522  0.00134805  0.001449  0.00154081  0.00159866 
 0.00161763  0.0016323  0.00173502  0.00208717  0.00291531  0.004481 
 0.00701514  0.0106202  0.0151677  0.0202399  0.0251676  0.0291784 
 0.0316152  0.0321365  0.030813  0.0280878  0.0246305  0.0211588 
 0.0182877  0.0164315  0.0157535  0.0161524  0.0172857  0.0186398 
 0.0196483  0.0198353  0.0189451  0.0170094  0.0143285  0.0113766 
 0.0086727  0.00666806  0.00567858  0.00586104  0.00721184  0.00957101 
 0.012636  0.0160039  0.01925  0.022022  0.024104  0.0254172 
 0.0259642  0.0257669  0.0248541  0.0233094  0.0213378  0.0192811 
 0.0175467  0.0164714  0.0161944  0.0166076  0.0174123  0.0182468 
 0.0188198  0.0189854  0.0187426  0.0181813  0.0174262  0.0166134 
 0.0159003 
 5.43018e-06  9.55107e-06  1.55278e-05  2.33115e-05  3.23122e-05  4.13544e-05 
 4.88788e-05  5.33819e-05  5.39409e-05  5.05968e-05  4.44119e-05  3.71718e-05 
 3.08654e-05  2.71439e-05  2.69224e-05  3.01892e-05  3.60253e-05  4.282e-05 
 4.86623e-05  5.18464e-05  5.13498e-05  4.71093e-05  3.99723e-05  3.13468e-05 
 2.27122e-05  1.5202e-05  9.40215e-06  5.38407e-06  2.88655e-06  1.53354e-06 
 1.00542e-06  1.1371e-06  1.95061e-06  3.63504e-06  6.47389e-06  1.07142e-05 
 1.63895e-05  2.31497e-05  3.01862e-05  3.63362e-05  4.03767e-05  4.14176e-05 
 3.92198e-05  3.42856e-05  2.76746e-05  2.06403e-05  1.42638e-05  9.23667e-06 
 5.84781e-06  4.12697e-06  4.03958e-06  5.63239e-06  9.06768e-06  1.45332e-05 
 2.20619e-05  3.13385e-05  4.15943e-05  5.16762e-05  6.03118e-05  6.64913e-05 
 6.98068e-05  7.05771e-05  6.96753e-05  6.81195e-05  6.66161e-05  6.52729e-05 
 6.36135e-05  6.08697e-05  5.63926e-05  4.99846e-05  4.20102e-05  3.32691e-05 
 2.47177e-05  1.71795e-05  1.11566e-05  6.79148e-06  3.95289e-06  2.38156e-06 
 1.82767e-06  2.13385e-06  3.24715e-06  5.16378e-06  7.83204e-06  1.10524e-05 
 1.44265e-05  1.73969e-05  1.93862e-05  1.9987e-05  1.9123e-05  1.70995e-05 
 1.45161e-05  1.2076e-05  1.03704e-05  9.71435e-06  1.00785e-05  1.11262e-05 
 1.2334e-05  1.31603e-05  1.32097e-05  1.23404e-05  1.06792e-05  8.54409e-06 
 6.3155e-06  4.31372e-06  2.72767e-06  1.60782e-06  9.04751e-07  5.22377e-07 
 3.60396e-07  3.36074e-07  3.88052e-07  4.71325e-07  5.51659e-07  6.03604e-07 
 6.1184e-07  5.73078e-07  4.9562e-07  3.95736e-07  2.91688e-07  1.98467e-07 
 1.24656e-07  7.22765e-08  3.86844e-08  1.91131e-08  8.71732e-09  3.67021e-09 
 1.42645e-09  5.11773e-10  1.69494e-10  5.1819e-11  1.46244e-11  3.81001e-12 
 0  0  0  0  0  0 
 0  0  0  0  0  0 
 0  0  0  0  0  0 
 0  0  0  0  0  0 
 0  0  0  0  0  0 
 0  0  0  0  0  0 
 0  0  0  0  0  0 
 0  0  0  0  0  0 
 0  0  0  0  0  0 
 0  0  0  0  0  0 
 0  0  0  0  0  0 
 0  0  0  0  0  0 
 0  0  0  0  0  0 
 0  0  0  0  0  0 
 0  0  0  0  0  0 
 0  0  0  0  0  0 
 0  0  0  0  0  0 
 0  0  0  0  0  0 
 0  0  0  0  0  0 
 0  0  0  0  0  0 
 0  0  0  0  0  0 
 0  0  0  0  0  0 
 0  0  0  0  0  0 
 0  0  0  0  0  0 
 0  0  0  0  0  0 
 0  0  0  0  0  0 
 0  0  0  0  0  0 
 0  0  0  0  0  0 
 0  0  0  0  0  0 
 0  0  0  0  0  0 
 0  0  0  0  0  0 
 0  0  0  0  0  0 
 0  0  0  0  0  0 
 6.05189e-08  2.41299e-07  8.85575e-07  3.00028e-06  9.38354e-06  2.7092e-05 
 7.22079e-05  0.000177665  0.000403544  0.000846168  0.00163795  0.00292704 
 0.00482887  0.00735472  0.0103423  0.0134296  0.0161076  0.0178581 
 0.0183317  0.0174921  0.0156578  0.0134185  0.0114603  0.0103683 
 0.0104675  0.0117394  0.0138279  0.0161303  0.017961  0.0187481 
 0.0182006  0.0163824  0.0136613  0.0105604  0.00758045  0.00506879 
 0.0031737  0.00187691  0.00106591  0.000606951  0.000395355  0.000381116 
 0.000577517  0.00105921  0.00194812  0.00337936  0.00544131  0.00810071 
 0.0111411  0.0141582  0.0166421  0.0181393  0.0184407  0.0177132 
 0.0165104  0.0156432  0.0159448  0.017998  0.0219049  0.0271732 
 0.0327796  0.0374283  0.0399462  0.0396828  0.0367482  0.0319828 
 0.026666  0.0220908  0.0191697  0.018203  0.0188604  0.0203516 
 0.0217147  0.0221281  0.0211465  0.0187902  0.0154669  0.0117767 
 0.00829262  0.00540505  0.0032722  0.00186409  0.00105501  0.000718087 
 0.000797251  0.0013485  0.00254993  0.00467314  0.00800246  0.0127 
 0.018644  0.0253089  0.0317752  0.0369186  0.03975  0.0397764 
 0.0372183  0.0329669  0.0282861  0.0243799  0.0220055  0.0212721 
 0.0216868  0.0224082  0.0225977  0.021736  0.0197929  0.0172053 
 0.0146944  0.013004  0.0126561  0.0137873  0.016102  0.0189454 
 0.021485  0.0229542  0.0228853  0.0212449  0.0184174  0.0150475 
 0.0118148  0.00923815  0.00757451  0.00682988  0.00684907  0.00743539 
 0.00845301  0.00987578  0.0117626  0.0141634  0.0169951  0.0199516 
 0.0225163  0.0240945  0.024221  0.0227461  0.0199074  0.0162585 
 0.0124998  0.00930128  0.00719284  0.00654093  0.00757321  0.0103885 
 0.014911  0.0208017  0.0273925  0.0337252  0.0387424  0.0415937 
 0.0419379  0.040097  0.0369652  0.0336924  0.0312705  0.0302017 
 0.030384  0.0312475  0.0320539  0.0322099  0.0314533  0.0298524 
 0.0276608  0.0251348  0.0224196  0.019548  0.0165215  0.0133981 
 0.010326  0.00750804  0.00513067  0.00330197  0.00203086  0.00124759 
 0.000847084  0.000734098  0.00085723  0.00122742  0.00191785  0.00304148 
 0.00470213  0.00692505  0.00958952  0.0123981  0.0149131  0.0166648 
 0.0172951  0.016677  0.0149545  0.012487  0.0097274  0.00709184 
 0.00486979  0.00319601  0.0020733  0.00141951  0.00111433  0.00103341 
 0.0010685  0.00113805  0.00119205  0.00121189  0.00120483  0.00119353 
 0.00120308  0.00124936  0.00133194  0.00143375  0.00152733  0.00158751 
 0.001609  0.00162613  0.00173115  0.00208559  0.00291638  0.00448564 
 0.00702499  0.0106378  0.0151962  0.0202831  0.0252293  0.0292618 
 0.0317218  0.032265  0.0309591  0.0282439  0.0247873  0.021307 
 0.0184205  0.0165463  0.0158526  0.0162415  0.0173718  0.0187289 
 0.019743  0.0199342  0.0190436  0.0171017  0.0144095  0.0114438 
 0.0087276  0.00671587  0.00572782  0.0059226  0.00729767  0.00969257 
 0.0128027  0.0162216  0.0195207  0.0223436  0.0244712  0.0258214 
 0.0263935  0.0262055  0.0252831  0.023709  0.0216907  0.0195764 
 0.0177817  0.0166515  0.0163305  0.0167132  0.0175007  0.0183304 
 0.0189096  0.0190923  0.0188769  0.0183522  0.0176402  0.0168724 
 0.0162004 
 5.53036e-06  9.72329e-06  1.58048e-05  2.37254e-05  3.28854e-05  4.20885e-05 
 4.97479e-05  5.43335e-05  5.49067e-05  5.15115e-05  4.52344e-05  3.79022e-05 
 3.15527e-05  2.78824e-05  2.78351e-05  3.14003e-05  3.7626e-05  4.48352e-05 
 5.10314e-05  5.44264e-05  5.39451e-05  4.95183e-05  4.20351e-05  3.29764e-05 
 2.39002e-05  1.60015e-05  9.89963e-06  5.67201e-06  3.04582e-06  1.62787e-06 
 1.08623e-06  1.25507e-06  2.17056e-06  4.04979e-06  7.21184e-06  1.19334e-05 
 1.82527e-05  2.578e-05  3.36153e-05  4.04637e-05  4.49636e-05  4.61234e-05 
 4.36768e-05  3.8183e-05  3.08211e-05  2.29861e-05  1.588e-05  1.02683e-05 
 6.4649e-06  4.48888e-06  4.28112e-06  5.86811e-06  9.40636e-06  1.50936e-05 
 2.2982e-05  3.27735e-05  4.37028e-05  5.46006e-05  6.41624e-05  7.1346e-05 
 7.57284e-05  7.76391e-05  7.79731e-05  7.77472e-05  7.76027e-05  7.74983e-05 
 7.6744e-05  7.43528e-05  6.95281e-05  6.20553e-05  5.24289e-05  4.16894e-05 
 3.10749e-05  2.16559e-05  1.40961e-05  8.60026e-06  5.02193e-06  3.04789e-06 
 2.37418e-06  2.81301e-06  4.3083e-06  6.86355e-06  1.04146e-05  1.46983e-05 
 1.91855e-05  2.31354e-05  2.57792e-05  2.6574e-05  2.54159e-05  2.27072e-05 
 1.92399e-05  1.59437e-05  1.36003e-05  1.26283e-05  1.29956e-05  1.42689e-05 
 1.57723e-05  1.68064e-05  1.68596e-05  1.57464e-05  1.36259e-05  1.0903e-05 
 8.06387e-06  5.51988e-06  3.51744e-06  2.12964e-06  1.3053e-06  9.34871e-07 
 9.00143e-07  1.09559e-06  1.4272e-06  1.80411e-06  2.13655e-06  2.34551e-06 
 2.37972e-06  2.22954e-06  1.92839e-06  1.53975e-06  1.13492e-06  7.72207e-07 
 4.8502e-07  2.81217e-07  1.50515e-07  7.43664e-08  3.39178e-08  1.42803e-08 
 5.55011e-09  1.99123e-09  6.59477e-10  2.0162e-10  5.69016e-11  1.48242e-11 
 0  0  0  0  0  0 
 0  0  0  0  0  0 
 0  0  0  0  0  0 
 0  0  0  0  0  0 
 0  0  0  0  0  0 
 0  0  0  0  0  0 
 0  0  0  0  0  0 
 0  0  0  0  0  0 
 0  0  0  0  0  0 
 0  0  0  0  0  0 
 0  0  0  0  0  0 
 0  0  0  0  0  0 
 0  0  0  0  0  0 
 0  0  0  0  0  0 
 0  0  0  0  0  0 
 0  0  0  0  0  0 
 0  0  0  0  0  0 
 0  0  0  0  0  0 
 0  0  0  0  0  0 
 0  0  0  0  0  0 
 0  0  0  0  0  0 
 0  0  0  0  0  0 
 0  0  0  0  0  0 
 0  0  0  0  0  0 
 0  0  0  0  0  0 
 0  0  0  0  0  0 
 0  0  0  0  0  0 
 0  0  0  0  0  0 
 0  0  0  0  0  0 
 0  0  0  0  0  0 
 0  0  0  0  0  0 
 0  0  0  0  0  0 
 0  0  0  0  0  0 
 6.04911e-08  2.41112e-07  8.84863e-07  2.99778e-06  9.3754e-06  2.70675e-05 
 7.21397e-05  0.00017749  0.000403127  0.000845248  0.00163607  0.00292349 
 0.00482265  0.00734458  0.0103269  0.0134076  0.0160779  0.0178196 
 0.0182832  0.0174317  0.015583  0.0133258  0.0113467  0.0102323 
 0.0103101  0.0115652  0.0136439  0.0159449  0.0177819  0.0185807 
 0.0180472  0.0162422  0.0135319  0.0104389  0.00746529  0.00496044 
 0.00307448  0.00178998  0.000993965  0.000551176  0.000355056  0.000354026 
 0.00056051  0.00104905  0.00194197  0.003375  0.0054371  0.00809547 
 0.0111339  0.0141482  0.0166283  0.0181203  0.0184141  0.0176758 
 0.0164581  0.0155718  0.0158507  0.0178797  0.0217639  0.0270145 
 0.0326114  0.0372603  0.0397883  0.0395426  0.03663  0.0318865 
 0.0265882  0.0220262  0.0191127  0.0181494  0.0188082  0.0203011 
 0.0216676  0.0220864  0.021112  0.0187636  0.0154477  0.0117638 
 0.00828456  0.00540033  0.00326959  0.00186269  0.00105423  0.00071753 
 0.000796558  0.0013472  0.00254724  0.00466771  0.00799213  0.0126816 
 0.0186135  0.025262  0.031708  0.0368293  0.0396397  0.0396499 
 0.0370836  0.0328336  0.0281629  0.0242734  0.0219183  0.0212035 
 0.021634  0.0223675  0.0225658  0.0217107  0.0197729  0.0171899 
 0.0146829  0.0129959  0.0126504  0.0137832  0.0160984  0.0189413 
 0.021479  0.0229445  0.0228695  0.0212199  0.0183798  0.0149941 
 0.0117441  0.00915119  0.00747525  0.00672471  0.00674534  0.00733936 
 0.00836789  0.00980054  0.0116917  0.0140881  0.0169045  0.019836 
 0.0223692  0.0239151  0.0240154  0.0225263  0.0196892  0.0160575 
 0.0123281  0.00916492  0.0070914  0.00646853  0.0075205  0.0103447 
 0.0148655  0.0207456  0.0273193  0.0336319  0.0386303  0.0414676 
 0.0418054  0.0399657  0.0368404  0.0335746  0.0311547  0.0300782 
 0.0302411  0.0310747  0.0318456  0.031967  0.0311834  0.029568 
 0.0273768  0.0248653  0.022176  0.019338  0.0163488  0.013263 
 0.0102258  0.00743788  0.00508456  0.00327365  0.00201473  0.00123918 
 0.000843237  0.000732816  0.000857436  0.00122869  0.0019202  0.00304522 
 0.00470768  0.00693278  0.00959946  0.0124097  0.0149254  0.0166761 
 0.0173038  0.0166818  0.0149551  0.0124838  0.00972159  0.00708486 
 0.0048629  0.00319002  0.00206847  0.00141564  0.00111095  0.0010299 
 0.00106418  0.00113225  0.00118409  0.00120117  0.00119101  0.00117666 
 0.00118372  0.00122857  0.00131114  0.00141435  0.00151047  0.00157386 
 0.00159872  0.00161902  0.00172692  0.00208415  0.00291815  0.00449188 
 0.00703803  0.0106612  0.0152346  0.0203422  0.0253146  0.0293778 
 0.0318705  0.0324446  0.031163  0.0284613  0.0250042  0.0215096 
 0.0185978  0.0166924  0.0159671  0.0163289  0.0174391  0.0187831 
 0.0197894  0.0199758  0.0190813  0.0171349  0.0144381  0.0114688 
 0.00875182  0.00674465  0.00576914  0.00598676  0.0073963  0.00983694 
 0.0130015  0.016479  0.0198352  0.0227085  0.0248753  0.0262511 
 0.0268334  0.0266396  0.0256954  0.0240857  0.0220222  0.0198595 
 0.0180202  0.0168545  0.0165095  0.016879  0.0176618  0.0184928 
 0.0190783  0.0192725  0.0190745  0.0185729  0.0178877  0.0171471 
 0.0164992 
 5.59567e-06  9.83313e-06  1.59794e-05  2.39849e-05  3.32437e-05  4.2547e-05 
 5.02906e-05  5.49274e-05  5.55087e-05  5.20801e-05  4.57426e-05  3.83494e-05 
 3.197e-05  2.83308e-05  2.83961e-05  3.2158e-05  3.86445e-05  4.61355e-05 
 5.25771e-05  5.61245e-05  5.5665e-05  5.11236e-05  4.34158e-05  3.40712e-05 
 2.47007e-05  1.65419e-05  1.02371e-05  5.86849e-06  3.15591e-06  1.69479e-06 
 1.14507e-06  1.34077e-06  2.32815e-06  4.34416e-06  7.73298e-06  1.27923e-05 
 1.95636e-05  2.76298e-05  3.60266e-05  4.33662e-05  4.81896e-05  4.9434e-05 
 4.68138e-05  4.09277e-05  3.30388e-05  2.46416e-05  1.70229e-05  1.10013e-05 
 6.90894e-06  4.75977e-06  4.48028e-06  6.08651e-06  9.7349e-06  1.56332e-05 
 2.38473e-05  3.40873e-05  4.55818e-05  5.71377e-05  6.74156e-05  7.53412e-05 
 8.04785e-05  8.31687e-05  8.4332e-05  8.4995e-05  8.57612e-05  8.6488e-05 
 8.63344e-05  8.41559e-05  7.90486e-05  7.07847e-05  5.99511e-05  4.77609e-05 
 3.56542e-05  2.48779e-05  1.62107e-05  9.9017e-06  5.79309e-06  3.53353e-06 
 2.78154e-06  3.32978e-06  5.12262e-06  8.17101e-06  1.24023e-05  1.75047e-05 
 2.28492e-05  2.75538e-05  3.07031e-05  3.16511e-05  3.02751e-05  2.70554e-05 
 2.29373e-05  1.90298e-05  1.62657e-05  1.51435e-05  1.56227e-05  1.71819e-05 
 1.90091e-05  2.02638e-05  2.03317e-05  1.8991e-05  1.64349e-05  1.31533e-05 
 9.7347e-06  6.67936e-06  4.29176e-06  2.67155e-06  1.7726e-06  1.4799e-06 
 1.66366e-06  2.19664e-06  2.94482e-06  3.75469e-06  4.45745e-06  4.89676e-06 
 4.96915e-06  4.65579e-06  4.027e-06  3.21543e-06  2.37002e-06  1.61258e-06 
 1.01286e-06  5.87259e-07  3.14318e-07  1.55297e-07  7.08298e-08  2.98211e-08 
 1.15901e-08  4.15824e-09  1.37717e-09  4.21038e-10  1.18826e-10  3.0957e-11 
 0  0  0  0  0  0 
 0  0  0  0  0  0 
 0  0  0  0  0  0 
 0  0  0  0  0  0 
 0  0  0  0  0  0 
 0  0  0  0  0  0 
 0  0  0  0  0  0 
 0  0  0  0  0  0 
 0  0  0  0  0  0 
 0  0  0  0  0  0 
 0  0  0  0  0  0 
 0  0  0  0  0  0 
 0  0  0  0  0  0 
 0  0  0  0  0  0 
 0  0  0  0  0  0 
 0  0  0  0  0  0 
 0  0  0  0  0  0 
 0  0  0  0  0  0 
 0  0  0  0  0  0 
 0  0  0  0  0  0 
 0  0  0  0  0  0 
 0  0  0  0  0  0 
 0  0  0  0  0  0 
 0  0  0  0  0  0 
 0  0  0  0  0  0 
 0  0  0  0  0  0 
 0  0  0  0  0  0 
 0  0  0  0  0  0 
 0  0  0  0  0  0 
 0  0  0  0  0  0 
 0  0  0  0  0  0 
 0  0  0  0  0  0 
 0  0  0  0  0  0 
 6.04513e-08  2.40839e-07  8.83824e-07  2.99412e-06  9.36349e-06  2.70316e-05 
 7.204e-05  0.000177233  0.000402515  0.0008439  0.00163332  0.0029183 
 0.00481357  0.00732984  0.0103047  0.0133762  0.0160364  0.0177675 
 0.0182203  0.0173576  0.0154963  0.0132243  0.0112277  0.0100938 
 0.0101521  0.0113906  0.0134584  0.0157558  0.0175966  0.0184051 
 0.0178847  0.0160935  0.0133955  0.0103129  0.00734834  0.00485262 
 0.0029774  0.00170599  0.000925065  0.000498072  0.00031682  0.000328347 
 0.000544325  0.00103921  0.00193568  0.00337003  0.00543175  0.00808844 
 0.0111242  0.014135  0.0166106  0.0180968  0.0183827  0.0176334 
 0.0164007  0.0154951  0.0157513  0.0177562  0.0216178  0.0268509 
 0.0324383  0.0370877  0.0396257  0.0393974  0.0365058  0.0317826 
 0.0265005  0.0219486  0.0190395  0.0180767  0.0187349  0.0202289 
 0.0215998  0.0220265  0.0210626  0.0187256  0.0154206  0.0117457 
 0.00827331  0.00539378  0.00326598  0.00186077  0.00105316  0.000716761 
 0.000795623  0.00134551  0.00254382  0.00466096  0.00797951  0.0126596 
 0.0185776  0.0252077  0.0316314  0.0367288  0.0395173  0.0395112 
 0.0369375  0.0326902  0.0280314  0.02416  0.0218255  0.0211302 
 0.0215769  0.0223227  0.02253  0.0216817  0.0197494  0.0171711 
 0.014668  0.0129837  0.0126397  0.0137724  0.0160862  0.0189265 
 0.0214605  0.0229208  0.0228387  0.021179  0.0183251  0.0149224 
 0.0116534  0.00904233  0.0073526  0.00659559  0.00661835  0.00722196 
 0.00826414  0.00970961  0.0116078  0.0140013  0.0168035  0.0197101 
 0.0222116  0.0237252  0.0237996  0.0222973  0.0194632  0.0158504 
 0.0121519  0.00902538  0.00698748  0.00639362  0.00746442  0.0102958 
 0.0148124  0.0206785  0.0272315  0.0335207  0.0384976  0.0413195 
 0.0416505  0.0398123  0.0366937  0.0334341  0.031014  0.0299259 
 0.0300639  0.0308613  0.0315896  0.0316695  0.0308524  0.0292171 
 0.027022  0.0245227  0.0218597  0.0190589  0.0161141  0.0130754 
 0.0100841  0.00733727  0.00501767  0.00323226  0.00199105  0.00122684 
 0.000837571  0.000730746  0.000857048  0.00122878  0.00191991  0.00304378 
 0.00470428  0.00692652  0.00958948  0.0123953  0.0149061  0.0166522 
 0.0172761  0.0166519  0.0149247  0.012455  0.00969609  0.00706375 
 0.00484653  0.00317803  0.00206  0.00140956  0.00110611  0.00102525 
 0.0010588  0.00112532  0.00117488  0.00118908  0.00117569  0.00115817 
 0.00116264  0.00120604  0.00128861  0.00139331  0.00149215  0.00155897 
 0.00158743  0.00161111  0.00172204  0.00208217  0.00291948  0.00449782 
 0.00705109  0.0106853  0.0152751  0.0204055  0.0254073  0.0295053 
 0.0320353  0.0326448  0.0313913  0.0287049  0.0252472  0.0217355 
 0.0187931  0.0168485  0.0160816  0.0164042  0.0174808  0.0187984 
 0.0197852  0.0199586  0.0190567  0.0171082  0.0144136  0.0114504 
 0.00874362  0.00675142  0.00579725  0.00604451  0.00749341  0.00998292 
 0.0132032  0.0167383  0.0201476  0.0230633  0.0252577  0.0266444 
 0.0272214  0.0270083  0.026034  0.024388  0.0222874  0.0200926 
 0.0182305  0.0170537  0.0167083  0.0170844  0.0178763  0.0187154 
 0.0193069  0.0195056  0.0193122  0.0188161  0.0181366  0.0174002 
 0.0167544 
 5.61929e-06  9.86723e-06  1.60288e-05  2.40549e-05  3.33388e-05  4.26685e-05 
 5.04352e-05  5.50868e-05  5.56712e-05  5.22334e-05  4.58785e-05  3.84669e-05 
 3.20786e-05  2.84507e-05  2.85557e-05  3.23889e-05  3.89725e-05  4.65722e-05 
 5.31124e-05  5.67264e-05  5.62857e-05  5.1711e-05  4.39266e-05  3.44799e-05 
 2.50021e-05  1.67471e-05  1.03669e-05  5.94618e-06  3.20206e-06  1.72598e-06 
 1.17489e-06  1.38308e-06  2.40124e-06  4.47486e-06  7.95895e-06  1.31603e-05 
 2.01221e-05  2.84158e-05  3.70498e-05  4.45975e-05  4.95582e-05  5.08391e-05 
 4.8146e-05  4.20944e-05  3.39829e-05  2.5348e-05  1.75129e-05  1.13194e-05 
 7.10954e-06  4.89771e-06  4.60904e-06  6.26115e-06  1.00171e-05  1.60943e-05 
 2.45658e-05  3.51397e-05  4.70291e-05  5.90119e-05  6.97135e-05  7.80308e-05 
 8.35167e-05  8.65235e-05  8.79966e-05  8.89838e-05  9.00851e-05  9.11192e-05 
 9.11767e-05  8.90375e-05  8.37447e-05  7.50618e-05  6.36188e-05  5.07105e-05 
 3.78723e-05  2.64352e-05  1.72314e-05  1.05305e-05  6.1693e-06  3.77912e-06 
 3.00312e-06  3.62856e-06  5.60473e-06  8.95009e-06  1.35885e-05  1.91803e-05 
 2.50371e-05  3.0193e-05  3.36463e-05  3.46908e-05  3.31951e-05  2.96909e-05 
 2.52208e-05  2.10077e-05  1.80798e-05  1.69835e-05  1.76654e-05  1.95348e-05 
 2.16748e-05  2.31367e-05  2.3228e-05  2.17021e-05  1.87841e-05  1.50368e-05 
 1.11362e-05  7.65889e-06  4.96122e-06  3.17015e-06  2.25066e-06  2.0907e-06 
 2.5564e-06  3.50238e-06  4.75208e-06  6.08027e-06  7.22547e-06  7.93979e-06 
 8.05779e-06  7.54983e-06  6.53024e-06  5.21418e-06  3.84325e-06  2.61498e-06 
 1.64246e-06  9.52307e-07  5.09701e-07  2.51832e-07  1.14858e-07  4.83583e-08 
 1.87947e-08  6.74306e-09  2.23324e-09  6.82761e-10  1.9269e-10  5.02003e-11 
 0  0  0  0  0  0 
 0  0  0  0  0  0 
 0  0  0  0  0  0 
 0  0  0  0  0  0 
 0  0  0  0  0  0 
 0  0  0  0  0  0 
 0  0  0  0  0  0 
 0  0  0  0  0  0 
 0  0  0  0  0  0 
 0  0  0  0  0  0 
 0  0  0  0  0  0 
 0  0  0  0  0  0 
 0  0  0  0  0  0 
 0  0  0  0  0  0 
 0  0  0  0  0  0 
 0  0  0  0  0  0 
 0  0  0  0  0  0 
 0  0  0  0  0  0 
 0  0  0  0  0  0 
 0  0  0  0  0  0 
 0  0  0  0  0  0 
 0  0  0  0  0  0 
 0  0  0  0  0  0 
 0  0  0  0  0  0 
 0  0  0  0  0  0 
 0  0  0  0  0  0 
 0  0  0  0  0  0 
 0  0  0  0  0  0 
 0  0  0  0  0  0 
 0  0  0  0  0  0 
 0  0  0  0  0  0 
 0  0  0  0  0  0 
 0  0  0  0  0  0 
 6.04035e-08  2.40514e-07  8.82587e-07  2.98977e-06  9.34933e-06  2.6989e-05 
 7.19215e-05  0.000176928  0.000401789  0.000842301  0.00163006  0.00291216 
 0.00480285  0.00731251  0.0102786  0.0133398  0.0159889  0.0177091 
 0.018152  0.0172804  0.0154105  0.013129  0.0111209  0.00997328 
 0.0100169  0.0112415  0.0132986  0.0155906  0.0174321  0.0182469 
 0.0177367  0.0159578  0.0132722  0.0102011  0.00724696  0.00476142 
 0.00289702  0.00163759  0.000869608  0.000455665  0.000286427  0.000307956 
 0.000531389  0.00103112  0.00193012  0.00336504  0.00542579  0.00808029 
 0.0111129  0.0141198  0.0165909  0.0180715  0.0183503  0.0175915 
 0.0163461  0.0154243  0.0156613  0.0176457  0.0214883  0.0267067 
 0.0322864  0.0369363  0.0394827  0.0392688  0.036394  0.0316865 
 0.0264158  0.0218696  0.018961  0.0179957  0.0186516  0.0201459 
 0.0215214  0.0219572  0.0210054  0.0186817  0.0153892  0.0117249 
 0.00826041  0.00538629  0.00326187  0.00185859  0.00105195  0.000715898 
 0.000794598  0.00134369  0.00254022  0.00465392  0.00796657  0.0126373 
 0.0185419  0.0251542  0.0315571  0.0366327  0.0394015  0.0393816 
 0.0368023  0.0325587  0.0279119  0.0240576  0.0217419  0.0210642 
 0.0215252  0.0222818  0.022497  0.0216545  0.0197269  0.0171526 
 0.0146525  0.0129698  0.0126257  0.0137566  0.016067  0.0189027 
 0.0214315  0.0228859  0.0227966  0.0211276  0.0182613  0.0148429 
 0.0115564  0.00892827  0.00722566  0.00646294  0.00648855  0.00710255 
 0.00815933  0.00961887  0.0115258  0.0139189  0.01671  0.019596 
 0.0220707  0.0235571  0.02361  0.0220974  0.019267  0.0156715 
 0.0120003  0.00890559  0.00689826  0.00632885  0.00741488  0.0102509 
 0.0147619  0.0206138  0.0271466  0.0334135  0.0383702  0.0411777 
 0.0415023  0.0396652  0.0365516  0.0332961  0.030873  0.0297708 
 0.0298821  0.0306423  0.0313279  0.031366  0.0305144  0.0288568 
 0.0266541  0.0241628  0.0215223  0.0187564  0.0158557  0.0128663 
 0.00992439  0.00722283  0.00494111  0.00318467  0.00196379  0.00121264 
 0.000831065  0.00072827  0.000856172  0.00122773  0.00191709  0.00303746 
 0.00469253  0.00690738  0.0095613  0.0123572  0.0148586  0.0165972 
 0.0172167  0.0165919  0.0148682  0.0124052  0.00965493  0.00703183 
 0.00482323  0.0031619  0.00204918  0.0014022  0.00110057  0.0010202 
 0.0010532  0.00111834  0.00116586  0.00117751  0.00116128  0.00114102 
 0.00114333  0.0011856  0.00126838  0.00137467  0.00147616  0.00154623 
 0.00157803  0.00160476  0.00171836  0.00208098  0.00292117  0.00450366 
 0.00706357  0.0107083  0.015314  0.0204665  0.025497  0.0296289 
 0.0321953  0.0328391  0.0316124  0.0289403  0.0254811  0.0219516 
 0.0189772  0.0169911  0.0161782  0.016455  0.0174895  0.018771 
 0.0197294  0.0198837  0.0189726  0.0170245  0.0143388  0.011391 
 0.0087039  0.00673488  0.00580758  0.00608671  0.00757372  0.0101076 
 0.013376  0.0169585  0.0204081  0.0233514  0.0255569  0.0269374 
 0.0274935  0.0272497  0.0262412  0.0245636  0.0224398  0.0202342 
 0.0183752  0.0172137  0.0168914  0.0172923  0.0181049  0.0189568 
 0.0195523  0.0197476  0.0195456  0.0190373  0.0183425  0.0175881 
 0.0169234 
 5.6107e-06  9.84787e-06  1.59941e-05  2.4001e-05  3.32637e-05  4.25732e-05 
 5.03239e-05  5.49661e-05  5.55479e-05  5.21119e-05  4.57579e-05  3.83394e-05 
 3.1929e-05  2.82587e-05  2.82997e-05  3.20515e-05  3.85467e-05  4.60656e-05 
 5.25486e-05  5.61415e-05  5.57214e-05  5.12054e-05  4.35064e-05  3.41562e-05 
 2.47712e-05  1.65951e-05  1.0275e-05  5.89556e-06  3.17719e-06  1.71497e-06 
 1.16854e-06  1.37282e-06  2.37681e-06  4.42221e-06  7.85916e-06  1.29905e-05 
 1.98588e-05  2.80416e-05  3.65605e-05  4.40077e-05  4.89024e-05  5.01662e-05 
 4.75089e-05  4.15376e-05  3.3534e-05  2.50144e-05  1.72856e-05  1.11801e-05 
 7.03929e-06  4.88452e-06  4.65239e-06  6.37424e-06  1.02258e-05  1.64326e-05 
 2.50669e-05  3.58246e-05  4.78944e-05  6.00221e-05  7.0801e-05  7.91048e-05 
 8.44789e-05  8.72857e-05  8.84948e-05  8.91863e-05  8.99938e-05  9.07664e-05 
 9.06184e-05  8.83456e-05  8.29963e-05  7.43296e-05  6.29608e-05  5.01639e-05 
 3.74515e-05  2.61347e-05  1.70329e-05  1.041e-05  6.10444e-06  3.75355e-06 
 3.00887e-06  3.66666e-06  5.68448e-06  9.08679e-06  1.37996e-05  1.94795e-05 
 2.54285e-05  3.06664e-05  3.41775e-05  3.52472e-05  3.37472e-05  3.02255e-05 
 2.5752e-05  2.15809e-05  1.87655e-05  1.78615e-05  1.88005e-05  2.09519e-05 
 2.33419e-05  2.49633e-05  2.50827e-05  2.34435e-05  2.02954e-05  1.62506e-05 
 1.20431e-05  8.30149e-06  5.41963e-06  3.54853e-06  2.66898e-06  2.6804e-06 
 3.45347e-06  4.83111e-06  6.59787e-06  8.45789e-06  1.00562e-05  1.10521e-05 
 1.12168e-05  1.05098e-05  9.0905e-06  7.25846e-06  5.35005e-06  3.64022e-06 
 2.28641e-06  1.32567e-06  7.09536e-07  3.50566e-07  1.5989e-07  6.73178e-08 
 2.61634e-08  9.38676e-09  3.1088e-09  9.50446e-10  2.68237e-10  6.98819e-11 
 0  0  0  0  0  0 
 0  0  0  0  0  0 
 0  0  0  0  0  0 
 0  0  0  0  0  0 
 0  0  0  0  0  0 
 0  0  0  0  0  0 
 0  0  0  0  0  0 
 0  0  0  0  0  0 
 0  0  0  0  0  0 
 0  0  0  0  0  0 
 0  0  0  0  0  0 
 0  0  0  0  0  0 
 0  0  0  0  0  0 
 0  0  0  0  0  0 
 0  0  0  0  0  0 
 0  0  0  0  0  0 
 0  0  0  0  0  0 
 0  0  0  0  0  0 
 0  0  0  0  0  0 
 0  0  0  0  0  0 
 0  0  0  0  0  0 
 0  0  0  0  0  0 
 0  0  0  0  0  0 
 0  0  0  0  0  0 
 0  0  0  0  0  0 
 0  0  0  0  0  0 
 0  0  0  0  0  0 
 0  0  0  0  0  0 
 0  0  0  0  0  0 
 0  0  0  0  0  0 
 0  0  0  0  0  0 
 0  0  0  0  0  0 
 0  0  0  0  0  0 
 6.03543e-08  2.40184e-07  8.81333e-07  2.98536e-06  9.33499e-06  2.69459e-05 
 7.18016e-05  0.000176619  0.000401055  0.000840687  0.00162678  0.00290598 
 0.00479209  0.00729515  0.0102527  0.0133039  0.0159425  0.0176532 
 0.0180885  0.0172118  0.0153386  0.0130543  0.0110425  0.00988917 
 0.00992492  0.0111405  0.0131891  0.0154748  0.0173138  0.0181303 
 0.0176261  0.015856  0.0131809  0.0101205  0.00717666  0.00470077 
 0.00284558  0.00159518  0.00083602  0.000430395  0.000268493  0.000295951 
 0.000523676  0.00102605  0.00192616  0.00336087  0.00542026  0.00807245 
 0.011102  0.0141054  0.0165724  0.0180487  0.0183223  0.0175569 
 0.0163029  0.0153701  0.0155942  0.0175648  0.0213945  0.0266029 
 0.0321774  0.0368275  0.0393795  0.0391747  0.0363102  0.0316115 
 0.026346  0.0218004  0.0188885  0.0179182  0.0185701  0.0200639 
 0.0214438  0.0218884  0.0209486  0.0186381  0.0153582  0.0117043 
 0.00824765  0.00537889  0.00325781  0.00185643  0.00105075  0.00071505 
 0.000793611  0.00134199  0.0025369  0.00464758  0.00795508  0.0126179 
 0.0185112  0.0251093  0.0314957  0.0365546  0.0393092  0.0392799 
 0.0366978  0.0324585  0.0278216  0.0239808  0.0216793  0.0210142 
 0.0214854  0.0222494  0.02247  0.0216317  0.0197075  0.017136 
 0.0146378  0.0129556  0.0126101  0.0137379  0.0160436  0.0188737 
 0.0213966  0.0228452  0.0227498  0.0210735  0.0181978  0.0147675 
 0.0114672  0.0088256  0.00711273  0.00634562  0.00637406  0.00699739 
 0.0080673  0.00953988  0.0114558  0.0138509  0.0166359  0.0195083 
 0.0219652  0.0234334  0.0234726  0.0219542  0.0191279  0.0155458 
 0.0118946  0.00882253  0.00683632  0.00628317  0.00737842  0.0102157 
 0.0147202  0.020559  0.0270745  0.0333228  0.0382631  0.0410593 
 0.041379  0.0395426  0.0364324  0.0331784  0.0307506  0.0296341 
 0.0297212  0.0304489  0.0310978  0.0310999  0.0302178  0.0285386 
 0.0263258  0.0238369  0.0212117  0.0184734  0.0156103  0.0126649 
 0.00976896  0.00711053  0.0048655  0.00313748  0.00193668  0.00119852 
 0.000824574  0.000725688  0.000854892  0.00122566  0.00191213  0.00302719 
 0.00467421  0.00687824  0.00951916  0.0123013  0.01479  0.0165192 
 0.0171344  0.0165111  0.0147943  0.0123419  0.00960438  0.00699396 
 0.00479654  0.00314406  0.00203765  0.00139463  0.00109508  0.00101538 
 0.00104808  0.00111223  0.00115825  0.00116805  0.00114981  0.00112762 
 0.00112844  0.00116997  0.00125298  0.00136049  0.00146399  0.00153651 
 0.00157082  0.00159984  0.00171542  0.00207986  0.00292212  0.00450767 
 0.00707258  0.0107254  0.0153436  0.0205139  0.0255675  0.0297271 
 0.0323231  0.0329948  0.0317899  0.0291292  0.0256683  0.0221232 
 0.0191208  0.0170976  0.0162419  0.0164738  0.0174644  0.0187059 
 0.0196318  0.0197638  0.0188428  0.0168977  0.014226  0.0113001 
 0.00863918  0.00669788  0.00579887  0.00610725  0.00762543  0.0101925 
 0.0134945  0.0171073  0.020579  0.0235314  0.0257305  0.0270897 
 0.0276136  0.0273334  0.0262922  0.0245928  0.0224633  0.0202695 
 0.0184383  0.0173158  0.0170364  0.0174768  0.0183191  0.0191873 
 0.0197848  0.0199695  0.0197468  0.0192099  0.0184801  0.0176869 
 0.0169842 
 5.5632e-06  9.76159e-06  1.58519e-05  2.37867e-05  3.29669e-05  4.21945e-05 
 4.98778e-05  5.44798e-05  5.50549e-05  5.16423e-05  4.53273e-05  3.79406e-05 
 3.15287e-05  2.78005e-05  2.77142e-05  3.12718e-05  3.75282e-05  4.48033e-05 
 5.10871e-05  5.45709e-05  5.4159e-05  4.97684e-05  4.22851e-05  3.31973e-05 
 2.40759e-05  1.61295e-05  9.98692e-06  5.73042e-06  3.08768e-06  1.66413e-06 
 1.12685e-06  1.31153e-06  2.25964e-06  4.19759e-06  7.45605e-06  1.23216e-05 
 1.88347e-05  2.65942e-05  3.46725e-05  4.17344e-05  4.63757e-05  4.75734e-05 
 4.50526e-05  3.93892e-05  3.1799e-05  2.37211e-05  1.63962e-05  1.06177e-05 
 6.71648e-06  4.72511e-06  4.60225e-06  6.40174e-06  1.03149e-05  1.65709e-05 
 2.5233e-05  3.59756e-05  4.79586e-05  5.98991e-05  7.03683e-05  7.82287e-05 
 8.30241e-05  8.51242e-05  8.55166e-05  8.53176e-05  8.52262e-05  8.51877e-05 
 8.4433e-05  8.18669e-05  7.66063e-05  6.84113e-05  5.78261e-05  4.59993e-05 
 3.42993e-05  2.39112e-05  1.55717e-05  9.51293e-06  5.58131e-06  3.44383e-06 
 2.78419e-06  3.42143e-06  5.32349e-06  8.51838e-06  1.29396e-05  1.82669e-05 
 2.38465e-05  2.87605e-05  3.20583e-05  3.30738e-05  3.16937e-05  2.8443e-05 
 2.43402e-05  2.05785e-05  1.81585e-05  1.76019e-05  1.8825e-05  2.11941e-05 
 2.37365e-05  2.5447e-05  2.55959e-05  2.39344e-05  2.07252e-05  1.65988e-05 
 1.23089e-05  8.50267e-06  5.59087e-06  3.74085e-06  2.95076e-06  3.1373e-06 
 4.18291e-06  5.92722e-06  8.12678e-06  1.04296e-05  1.24045e-05  1.3634e-05 
 1.38376e-05  1.29655e-05  1.12146e-05  8.95447e-06  6.60014e-06  4.49079e-06 
 2.82065e-06  1.63543e-06  8.75327e-07  4.3248e-07  1.9725e-07  8.30473e-08 
 3.22768e-08  1.15801e-08  3.83521e-09  1.17253e-09  3.30913e-10  8.62105e-11 
 0  0  0  0  0  0 
 0  0  0  0  0  0 
 0  0  0  0  0  0 
 0  0  0  0  0  0 
 0  0  0  0  0  0 
 0  0  0  0  0  0 
 0  0  0  0  0  0 
 0  0  0  0  0  0 
 0  0  0  0  0  0 
 0  0  0  0  0  0 
 0  0  0  0  0  0 
 0  0  0  0  0  0 
 0  0  0  0  0  0 
 0  0  0  0  0  0 
 0  0  0  0  0  0 
 0  0  0  0  0  0 
 0  0  0  0  0  0 
 0  0  0  0  0  0 
 0  0  0  0  0  0 
 0  0  0  0  0  0 
 0  0  0  0  0  0 
 0  0  0  0  0  0 
 0  0  0  0  0  0 
 0  0  0  0  0  0 
 0  0  0  0  0  0 
 0  0  0  0  0  0 
 0  0  0  0  0  0 
 0  0  0  0  0  0 
 0  0  0  0  0  0 
 0  0  0  0  0  0 
 0  0  0  0  0  0 
 0  0  0  0  0  0 
 0  0  0  0  0  0 
 6.03146e-08  2.39913e-07  8.803e-07  2.98172e-06  9.32317e-06  2.69103e-05 
 7.17026e-05  0.000176364  0.000400449  0.000839352  0.00162406  0.00290087 
 0.00478319  0.00728083  0.0102314  0.0132746  0.0159052  0.0176093 
 0.0180406  0.0171631  0.0152922  0.0130122  0.0110049  0.00985466 
 0.00989066  0.0111034  0.0131467  0.0154262  0.0172598  0.0180735 
 0.0175698  0.0158039  0.0131357  0.0100836  0.00714825  0.00467996 
 0.00283096  0.00158524  0.000829432  0.000426118  0.000265754  0.000294164 
 0.000522361  0.00102476  0.00192442  0.00335815  0.00541599  0.00806609 
 0.0110932  0.0140938  0.0165581  0.0180317  0.0183029  0.0175348 
 0.0162776  0.0153409  0.0155603  0.0175259  0.0213509  0.0265558 
 0.0321284  0.0367786  0.0393323  0.03913  0.0362677  0.0315696 
 0.0263019  0.0217515  0.0188329  0.0178557  0.0185026  0.019995 
 0.0213779  0.0218298  0.0209001  0.0186008  0.0153315  0.0116866 
 0.00823666  0.00537251  0.00325431  0.00185457  0.00104973  0.000714333 
 0.000792794  0.0013406  0.00253427  0.00464266  0.00794642  0.0126037 
 0.0184895  0.0250785  0.0314551  0.0365049  0.0392525  0.0392196 
 0.0366381  0.0324031  0.0277731  0.0239401  0.0216461  0.0209871 
 0.0214627  0.0222297  0.0224524  0.0216159  0.0196934  0.0171233 
 0.0146257  0.0129428  0.012595  0.0137186  0.016019  0.0188432 
 0.0213604  0.0228042  0.0227047  0.0210244  0.018144  0.0147074 
 0.0113995  0.00875028  0.00703152  0.00626224  0.00629322  0.00692349 
 0.00800307  0.00948559  0.0114092  0.0138082  0.0165924  0.0194604 
 0.0219107  0.0233725  0.0234074  0.0218888  0.0190663  0.0154918 
 0.0118504  0.00878838  0.00681076  0.0062633  0.00736038  0.0101952 
 0.0146931  0.020522  0.0270253  0.0332616  0.0381917  0.0409812 
 0.0412982  0.0394621  0.0363529  0.0330978  0.0306641  0.0295355 
 0.0296042  0.030309  0.0309329  0.0309105  0.0300066  0.0283103 
 0.0260865  0.0235945  0.0209754  0.0182531  0.0154155  0.0125025 
 0.00964192  0.00701782  0.00480264  0.00309807  0.001914  0.00118672 
 0.000819167  0.000723451  0.000853438  0.00122288  0.00190571  0.00301436 
 0.00465176  0.00684298  0.00946869  0.0122349  0.0147094  0.0164287 
 0.0170402  0.0164201  0.0147125  0.0122736  0.00955104  0.00695507 
 0.00476993  0.00312683  0.00202687  0.00138782  0.00109035  0.00101144 
 0.00104411  0.00110777  0.00115303  0.00116194  0.00114278  0.00111978 
 0.00112002  0.00116139  0.00124475  0.0013531  0.00145784  0.00153179 
 0.00156749  0.00159772  0.00171424  0.00207946  0.00292261  0.00450956 
 0.00707705  0.0107344  0.0153599  0.0205408  0.0256088  0.0297856 
 0.0324002  0.0330895  0.0318981  0.0292443  0.0257816  0.0222255 
 0.0192033  0.0171525  0.0162632  0.0164573  0.0174083  0.0186117 
 0.0195051  0.0196147  0.0186847  0.0167447  0.0140904  0.01119 
 0.00855801  0.00664512  0.00577172  0.0061024  0.00764003  0.010224 
 0.0135397  0.0171607  0.0206323  0.0235735  0.0257489  0.0270738 
 0.027558  0.0272402  0.0261721  0.0244638  0.0223467  0.0201861 
 0.0184039  0.0173386  0.0171158  0.0176045  0.0184807  0.0193656 
 0.0199623  0.0201307  0.0198784  0.0193012  0.018523  0.0176773 
 0.016924 
 5.49086e-06  9.63291e-06  1.56416e-05  2.34705e-05  3.25289e-05  4.16346e-05 
 4.92167e-05  5.37576e-05  5.43222e-05  5.09454e-05  4.46917e-05  3.73581e-05 
 3.09512e-05  2.71436e-05  2.68714e-05  3.01384e-05  3.60307e-05  4.2928e-05 
 4.88965e-05  5.21994e-05  5.17857e-05  4.75747e-05  4.04131e-05  3.17227e-05 
 2.30036e-05  1.54096e-05  9.54039e-06  5.47338e-06  2.94716e-06  1.58274e-06 
 1.05832e-06  1.21025e-06  2.06738e-06  3.83108e-06  6.80036e-06  1.12355e-05 
 1.71728e-05  2.42467e-05  3.16113e-05  3.80495e-05  4.22809e-05  4.3373e-05 
 4.1075e-05  3.59122e-05  2.89933e-05  2.16312e-05  1.49596e-05  9.70723e-06 
 6.186e-06  4.44336e-06  4.46832e-06  6.34392e-06  1.02787e-05  1.65024e-05 
 2.50625e-05  3.56072e-05  4.72679e-05  5.87401e-05  6.85857e-05  7.56673e-05 
 7.95327e-05  8.0554e-05  7.97278e-05  7.82055e-05  7.67712e-05  7.55154e-05 
 7.38566e-05  7.08823e-05  6.58273e-05  5.84596e-05  4.92095e-05  3.90202e-05 
 2.90218e-05  2.01907e-05  1.31274e-05  8.01058e-06  4.7e-06  2.90994e-06 
 2.37408e-06  2.94394e-06  4.59843e-06  7.36627e-06  1.11926e-05  1.58019e-05 
 2.06297e-05  2.48833e-05  2.77427e-05  2.86366e-05  2.74758e-05  2.47282e-05 
 2.12942e-05  1.82269e-05  1.64079e-05  1.62896e-05  1.7775e-05  2.02629e-05 
 2.28378e-05  2.45546e-05  2.47295e-05  2.31369e-05  2.00401e-05  1.60542e-05 
 1.19125e-05  8.24578e-06  5.45956e-06  3.72808e-06  3.06629e-06  3.41202e-06 
 4.66531e-06  6.67111e-06  9.17186e-06  1.178e-05  1.40137e-05  1.54037e-05 
 1.56339e-05  1.46487e-05  1.26705e-05  1.0117e-05  7.45701e-06  5.07381e-06 
 3.18684e-06  1.84775e-06  9.88966e-07  4.88626e-07  2.22858e-07  9.3829e-08 
 3.64671e-08  1.30835e-08  4.33312e-09  1.32475e-09  3.73874e-10  9.74028e-11 
 0  0  0  0  0  0 
 0  0  0  0  0  0 
 0  0  0  0  0  0 
 0  0  0  0  0  0 
 0  0  0  0  0  0 
 0  0  0  0  0  0 
 0  0  0  0  0  0 
 0  0  0  0  0  0 
 0  0  0  0  0  0 
 0  0  0  0  0  0 
 0  0  0  0  0  0 
 0  0  0  0  0  0 
 0  0  0  0  0  0 
 0  0  0  0  0  0 
 0  0  0  0  0  0 
 0  0  0  0  0  0 
 0  0  0  0  0  0 
 0  0  0  0  0  0 
 0  0  0  0  0  0 
 0  0  0  0  0  0 
 0  0  0  0  0  0 
 0  0  0  0  0  0 
 0  0  0  0  0  0 
 0  0  0  0  0  0 
 0  0  0  0  0  0 
 0  0  0  0  0  0 
 0  0  0  0  0  0 
 0  0  0  0  0  0 
 0  0  0  0  0  0 
 0  0  0  0  0  0 
 0  0  0  0  0  0 
 0  0  0  0  0  0 
 0  0  0  0  0  0 
 6.02885e-08  2.39733e-07  8.79617e-07  2.97932e-06  9.31535e-06  2.68868e-05 
 7.1637e-05  0.000176196  0.000400048  0.000838469  0.00162227  0.00289749 
 0.00477734  0.00727147  0.0102176  0.0132559  0.0158821  0.0175834 
 0.0180148  0.0171412  0.015278  0.0130087  0.0110136  0.00987458 
 0.0099189  0.0111354  0.0131776  0.0154518  0.017278  0.0180846 
 0.0175762  0.015809  0.0131431  0.0100958  0.00716584  0.00470199 
 0.00285524  0.00160917  0.000850754  0.000443416  0.000278575  0.00030283 
 0.000527617  0.00102742  0.00192512  0.00335724  0.00541356  0.00806207 
 0.0110875  0.0140866  0.0165498  0.018023  0.0182948  0.0175283 
 0.0162739  0.0153409  0.0155646  0.0175348  0.0213642  0.0265725 
 0.032147  0.0367972  0.0393486  0.039142  0.0362734  0.0315673 
 0.0262908  0.021731  0.0188034  0.0178186  0.0184603  0.0199508 
 0.0213353  0.0217918  0.0208688  0.0185768  0.0153144  0.0116753 
 0.0082297  0.00536849  0.00325212  0.00185341  0.00104909  0.000713892 
 0.000792313  0.00133984  0.0025329  0.00464025  0.00794247  0.0125977 
 0.0184813  0.0250682  0.0314435  0.0364933  0.0392425  0.0392126 
 0.0366347  0.0324031  0.0277755  0.0239436  0.0216492  0.0209888 
 0.0214625  0.0222277  0.022449  0.0216117  0.0196887  0.017118 
 0.0146193  0.0129344  0.0125833  0.0137025  0.0159976  0.0188165 
 0.0213292  0.0227699  0.0226689  0.0209885  0.0181085  0.014672 
 0.0113637  0.00871353  0.00699398  0.00622489  0.00625767  0.00689146 
 0.0079759  0.00946397  0.0113932  0.0137977  0.0165873  0.0194609 
 0.0219173  0.0233856  0.0234267  0.0219131  0.0190936  0.0155193 
 0.0118755  0.0088092  0.00682612  0.00627281  0.00736414  0.0101935 
 0.0146861  0.02051  0.0270091  0.033242  0.0381701  0.0409588 
 0.0412757  0.0394393  0.0363284  0.0330694  0.0306294  0.0294924 
 0.0295516  0.0302465  0.0308608  0.0308289  0.0299151  0.0282083 
 0.0259741  0.0234735  0.02085  0.0181298  0.0153013  0.0124038 
 0.00956266  0.00695883  0.00476208  0.0030724  0.00189916  0.00117901 
 0.000815634  0.000721882  0.000852037  0.00121986  0.00189894  0.00300115 
 0.00462901  0.00680762  0.00941849  0.0121694  0.0146307  0.0163412 
 0.0169503  0.0163346  0.0146372  0.012212  0.00950429  0.00692204 
 0.00474815  0.00311333  0.00201887  0.0013831  0.00108737  0.00100926 
 0.00104223  0.00110602  0.00115142  0.00116057  0.00114175  0.00111915 
 0.00111981  0.00116154  0.00124518  0.00135374  0.0014586  0.0015326 
 0.00156827  0.00159839  0.0017147  0.00207963  0.00292242  0.00450906 
 0.00707644  0.0107342  0.0153608  0.020544  0.0256153  0.0297964 
 0.0324157  0.0331092  0.0319209  0.0292681  0.0258037  0.0222427 
 0.0192116  0.0171473  0.016239  0.0164086  0.0173308  0.0185041 
 0.0193706  0.0194614  0.0185246  0.0165909  0.0139544  0.0110789 
 0.00847398  0.00658558  0.00573108  0.00607374  0.00761633  0.0101986 
 0.0135064  0.0171131  0.0205631  0.023475  0.0256141  0.0268981 
 0.0273421  0.0269924  0.0259082  0.0242054  0.022117  0.0200052 
 0.0182849  0.0172855  0.0171241  0.0176621  0.0185716  0.0194714 
 0.0200652  0.0202141  0.0199278  0.0193043  0.0184709  0.0175659 
 0.0167565 
 5.39202e-06  9.46293e-06  1.53686e-05  2.30636e-05  3.1967e-05  4.09169e-05 
 4.83691e-05  5.28308e-05  5.33812e-05  5.00501e-05  4.38765e-05  3.66147e-05 
 3.02209e-05  2.63222e-05  2.58264e-05  2.87391e-05  3.41851e-05  4.0618e-05 
 4.61983e-05  4.92779e-05  4.88613e-05  4.48713e-05  3.81058e-05  2.99046e-05 
 2.1681e-05  1.45207e-05  8.98747e-06  5.15284e-06  2.76883e-06  1.47584e-06 
 9.66041e-07  1.07681e-06  1.82162e-06  3.37102e-06  5.98481e-06  9.89047e-06 
 1.51193e-05  2.13489e-05  2.78343e-05  3.35037e-05  3.72296e-05  3.8191e-05 
 3.61673e-05  3.16211e-05  2.55295e-05  1.90497e-05  1.31832e-05  8.57796e-06 
 5.52135e-06  4.07667e-06  4.26657e-06  6.20522e-06  1.01171e-05  1.62286e-05 
 2.45673e-05  3.47537e-05  4.58953e-05  5.66767e-05  6.56643e-05  7.17335e-05 
 7.444e-05  7.41534e-05  7.1868e-05  6.87638e-05  6.57183e-05  6.29973e-05 
 6.02536e-05  5.68074e-05  5.20472e-05  4.57545e-05  3.8218e-05  3.01221e-05 
 2.22955e-05  1.54499e-05  1.00126e-05  6.09503e-06  3.57295e-06  2.21959e-06 
 1.82985e-06  2.29311e-06  3.5982e-06  5.77146e-06  8.77229e-06  1.23861e-05 
 1.61716e-05  1.95089e-05  2.17583e-05  2.24779e-05  2.16084e-05  1.95338e-05 
 1.69828e-05  1.4807e-05  1.37171e-05  1.40686e-05  1.57557e-05  1.82422e-05 
 2.072e-05  2.23557e-05  2.25491e-05  2.11107e-05  1.82909e-05  1.46569e-05 
 1.08823e-05  7.54785e-06  5.03087e-06  3.50156e-06  2.98852e-06  3.45136e-06 
 4.81106e-06  6.92611e-06  9.54168e-06  1.2262e-05  1.45894e-05  1.60373e-05 
 1.62772e-05  1.52515e-05  1.31919e-05  1.05333e-05  7.76387e-06  5.2826e-06 
 3.31798e-06  1.92378e-06  1.02966e-06  5.08734e-07  2.32029e-07  9.76901e-08 
 3.79678e-08  1.36219e-08  4.51143e-09  1.37927e-09  3.89259e-10  1.01411e-10 
 0  0  0  0  0  0 
 0  0  0  0  0  0 
 0  0  0  0  0  0 
 0  0  0  0  0  0 
 0  0  0  0  0  0 
 0  0  0  0  0  0 
 0  0  0  0  0  0 
 0  0  0  0  0  0 
 0  0  0  0  0  0 
 0  0  0  0  0  0 
 0  0  0  0  0  0 
 0  0  0  0  0  0 
 0  0  0  0  0  0 
 0  0  0  0  0  0 
 0  0  0  0  0  0 
 0  0  0  0  0  0 
 0  0  0  0  0  0 
 0  0  0  0  0  0 
 0  0  0  0  0  0 
 0  0  0  0  0  0 
 0  0  0  0  0  0 
 0  0  0  0  0  0 
 0  0  0  0  0  0 
 0  0  0  0  0  0 
 0  0  0  0  0  0 
 0  0  0  0  0  0 
 0  0  0  0  0  0 
 0  0  0  0  0  0 
 0  0  0  0  0  0 
 0  0  0  0  0  0 
 0  0  0  0  0  0 
 0  0  0  0  0  0 
 0  0  0  0  0  0 
 6.02782e-08  2.39666e-07  8.79361e-07  2.97842e-06  9.31243e-06  2.6878e-05 
 7.16127e-05  0.000176133  0.0003999  0.000838146  0.00162161  0.00289628 
 0.00477526  0.00726823  0.010213  0.0132502  0.0158761  0.0175788 
 0.0180144  0.0171486  0.0152973  0.0130437  0.0110666  0.00994558 
 0.0100051  0.0112315  0.0132768  0.0155476  0.0173656  0.0181619 
 0.0176441  0.0158705  0.013202  0.010155  0.00722666  0.00476342 
 0.00291465  0.00166325  0.000896684  0.000479614  0.00030498  0.000320622 
 0.000538656  0.00103367  0.00192825  0.00335845  0.0054136  0.00806139 
 0.0110865  0.0140856  0.0165496  0.0180247  0.0183  0.0175393 
 0.016293  0.0153707  0.015607  0.0175907  0.0214328  0.0266511 
 0.0322312  0.0368814  0.0394271  0.0392097  0.0363272  0.031606 
 0.0263149  0.0217424  0.0188046  0.0178125  0.0184497  0.0199381 
 0.0213225  0.0217803  0.0208593  0.0185698  0.0153095  0.0116722 
 0.00822784  0.00536746  0.00325158  0.00185313  0.00104894  0.000713797 
 0.000792249  0.00133982  0.00253302  0.00464077  0.00794392  0.0126011 
 0.0184881  0.0250804  0.0314632  0.0365224  0.0392815  0.0392605 
 0.0366887  0.032459  0.0278289  0.0239907  0.0216879  0.0210186 
 0.0214843  0.022243  0.0224597  0.0216189  0.0196933  0.0171203 
 0.0146192  0.0129315  0.012577  0.0136924  0.0159834  0.0187986 
 0.0213087  0.0227485  0.0226489  0.0209721  0.0180975  0.0146675 
 0.0113658  0.00872156  0.00700648  0.00624003  0.00627369  0.00690709 
 0.00799081  0.00947907  0.0114108  0.0138212  0.0166211  0.0195092 
 0.0219831  0.0234694  0.0235261  0.0220221  0.0192042  0.0156231 
 0.0119655  0.00888131  0.00687971  0.00631003  0.00738891  0.0102105 
 0.0146999  0.0205246  0.0270275  0.0332662  0.0382006  0.0409945 
 0.0413139  0.0394766  0.0363617  0.0330968  0.0306511  0.0295109 
 0.0295708  0.0302705  0.030892  0.030867  0.0299567  0.0282477 
 0.0260053  0.023492  0.0208545  0.0181219  0.0152851  0.012384 
 0.00954334  0.00694263  0.00475007  0.00306444  0.00189446  0.00117656 
 0.000814491  0.00072117  0.000850833  0.00121698  0.00189275  0.0029895 
 0.00460935  0.00677746  0.00937612  0.0121147  0.0145656  0.0162699 
 0.0168782  0.0162675  0.0145795  0.0121663  0.00947103  0.00689973 
 0.00473437  0.00310548  0.00201473  0.00138106  0.00108644  0.00100896 
 0.00104248  0.00110695  0.00115333  0.00116377  0.00114648  0.00112545 
 0.00112746  0.0011701  0.00125405  0.00136228  0.00146628  0.00153907 
 0.00157339  0.00160214  0.00171711  0.00208065  0.00292185  0.00450647 
 0.00707109  0.010725  0.0153466  0.0205232  0.0255865  0.0297585 
 0.032368  0.0330521  0.0318559  0.0291982  0.0257325  0.0221734 
 0.0191458  0.0170838  0.0161739  0.0163357  0.0172441  0.0183997 
 0.0192489  0.0193274  0.018387  0.01646  0.0138389  0.010984 
 0.00839996  0.00652829  0.00568293  0.00602516  0.00755711  0.0101191 
 0.013398  0.0169691  0.0203787  0.023247  0.0253415  0.0265831 
 0.0269915  0.026619  0.0255311  0.0238469  0.0217992  0.0197451 
 0.0180912  0.0171575  0.0170531  0.0176346  0.0185713  0.0194819 
 0.0200706  0.0201997  0.0198803  0.0192122  0.0183258  0.0173646 
 0.0165028 
 5.2948e-06  9.29644e-06  1.51017e-05  2.26657e-05  3.14175e-05  4.02148e-05 
 4.75394e-05  5.19238e-05  5.24612e-05  4.91778e-05  4.30879e-05  3.5904e-05 
 2.95326e-05  2.55543e-05  2.48469e-05  2.74149e-05  3.24191e-05  3.83852e-05 
 4.3568e-05  4.64103e-05  4.59748e-05  4.21907e-05  3.58096e-05  2.80901e-05 
 2.03579e-05  1.363e-05  8.43299e-06  4.8316e-06  2.59074e-06  1.36983e-06 
 8.74721e-07  9.43455e-07  1.57359e-06  2.90413e-06  5.1549e-06  8.52003e-06 
 1.30257e-05  1.83939e-05  2.39827e-05  2.88686e-05  3.20803e-05  3.29102e-05 
 3.11681e-05  2.72528e-05  2.20061e-05  1.64265e-05  1.13799e-05  7.43187e-06 
 4.84348e-06  3.69252e-06  4.03299e-06  6.00651e-06  9.84891e-06  1.57787e-05 
 2.38019e-05  3.35143e-05  4.40079e-05  5.39702e-05  6.19874e-05  6.69596e-05 
 6.84555e-05  6.68384e-05  6.309e-05  5.84066e-05  5.37524e-05  4.95688e-05 
 4.57508e-05  4.18627e-05  3.74558e-05  3.23271e-05  2.66178e-05  2.07411e-05 
 1.52099e-05  1.0459e-05  6.73488e-06  4.07885e-06  2.38396e-06  1.48455e-06 
 1.23788e-06  1.57005e-06  2.4767e-06  3.97865e-06  6.04974e-06  8.54317e-06 
 1.11556e-05  1.34612e-05  1.50224e-05  1.55415e-05  1.49905e-05  1.36548e-05 
 1.20651e-05  1.08397e-05  1.04928e-05  1.12707e-05  1.30645e-05  1.5426e-05 
 1.76888e-05  1.91666e-05  1.93679e-05  1.81467e-05  1.57286e-05  1.26073e-05 
 9.36606e-06  6.50855e-06  4.36531e-06  3.09177e-06  2.72471e-06  3.24275e-06 
 4.58788e-06  6.63841e-06  9.15911e-06  1.17754e-05  1.40122e-05  1.54032e-05 
 1.56338e-05  1.46487e-05  1.26705e-05  1.0117e-05  7.45701e-06  5.07381e-06 
 3.18684e-06  1.84775e-06  9.88966e-07  4.88626e-07  2.22858e-07  9.3829e-08 
 3.64671e-08  1.30835e-08  4.33312e-09  1.32475e-09  3.73874e-10  9.74029e-11 
 0  0  0  0  0  0 
 0  0  0  0  0  0 
 0  0  0  0  0  0 
 0  0  0  0  0  0 
 0  0  0  0  0  0 
 0  0  0  0  0  0 
 0  0  0  0  0  0 
 0  0  0  0  0  0 
 0  0  0  0  0  0 
 0  0  0  0  0  0 
 0  0  0  0  0  0 
 0  0  0  0  0  0 
 0  0  0  0  0  0 
 0  0  0  0  0  0 
 0  0  0  0  0  0 
 0  0  0  0  0  0 
 0  0  0  0  0  0 
 0  0  0  0  0  0 
 0  0  0  0  0  0 
 0  0  0  0  0  0 
 0  0  0  0  0  0 
 0  0  0  0  0  0 
 0  0  0  0  0  0 
 0  0  0  0  0  0 
 0  0  0  0  0  0 
 0  0  0  0  0  0 
 0  0  0  0  0  0 
 0  0  0  0  0  0 
 0  0  0  0  0  0 
 0  0  0  0  0  0 
 0  0  0  0  0  0 
 0  0  0  0  0  0 
 0  0  0  0  0  0 
 6.02885e-08  2.39733e-07  8.79617e-07  2.97932e-06  9.31535e-06  2.68868e-05 
 7.16371e-05  0.000176196  0.000400049  0.000838475  0.00162229  0.00289756 
 0.00477754  0.007272  0.0102189  0.0132591  0.0158889  0.0175971 
 0.0180403  0.0171851  0.0153481  0.0131126  0.0111563  0.0100571 
 0.0101362  0.011377  0.0134292  0.0156989  0.017509  0.0182935 
 0.017763  0.0159789  0.0133032  0.0102523  0.0073214  0.00485488 
 0.00300014  0.00173927  0.000960239  0.000529209  0.000340947  0.000344813 
 0.00055375  0.00104246  0.00193313  0.00336123  0.00541554  0.00806333 
 0.0110891  0.0140895  0.0165558  0.0180348  0.018316  0.0175642 
 0.0163304  0.0154242  0.0156796  0.0176835  0.0215444  0.0267773 
 0.0323652  0.0370149  0.0395519  0.0393192  0.0364175  0.0316766 
 0.0263679  0.0217817  0.0188346  0.0178367  0.0184705  0.0199568 
 0.0213391  0.0217946  0.020871  0.0185786  0.0153159  0.0116764 
 0.00823047  0.00536899  0.00325242  0.00185358  0.00104919  0.000713994 
 0.000792525  0.00134039  0.00253431  0.00464355  0.00794953  0.0126116 
 0.0185064  0.0251099  0.0315071  0.0365828  0.0393583  0.0393509 
 0.036787  0.032558  0.0279215  0.0240715  0.021754  0.0210699 
 0.0215228  0.0222716  0.0224809  0.0216348  0.0197051  0.0171286 
 0.0146242  0.0129333  0.0125757  0.013688  0.0159764  0.0187897 
 0.0212992  0.0227403  0.0226447  0.020975  0.0181103  0.0146926 
 0.011404  0.00877188  0.00706592  0.0063041  0.00633741  0.0069664 
 0.00804381  0.00952682  0.0114575  0.0138735  0.0166871  0.0195965 
 0.0220969  0.0236104  0.0236897  0.0221986  0.0193809  0.0157869 
 0.0121062  0.00899346  0.00696308  0.00636888  0.00743033  0.0102427 
 0.014731  0.0205615  0.0270754  0.0333277  0.0382753  0.0410793 
 0.0414035  0.0395652  0.0364447  0.033173  0.0307233  0.0295855 
 0.0296563  0.0303746  0.0310193  0.0310169  0.0301233  0.0284212 
 0.0261744  0.0236467  0.0209878  0.0182307  0.0153693  0.012446 
 0.00958685  0.00697164  0.0047684  0.00307538  0.0019006  0.00117977 
 0.000815955  0.000721489  0.000850078  0.00121473  0.00188809  0.00298106 
 0.00459548  0.00675659  0.00934728  0.0120781  0.0145229  0.0162241 
 0.0168334  0.0162273  0.0145468  0.0121424  0.00945534  0.00689078 
 0.00473015  0.00310412  0.00201485  0.00138186  0.0010876  0.00101055 
 0.00104478  0.00111042  0.00115849  0.00117111  0.00115632  0.00113779 
 0.00114187  0.00118576  0.00126986  0.00137713  0.00147928  0.00154968 
 0.00158145  0.00160776  0.00172046  0.00208175  0.00292032  0.00450132 
 0.00706059  0.0107066  0.0153169  0.0204785  0.025523  0.0296731 
 0.0322594  0.0329216  0.0317081  0.0290407  0.0255747  0.0220245 
 0.0190127  0.0169689  0.0160751  0.0162473  0.0171588  0.0183117 
 0.0191554  0.0192297  0.0182896  0.0163687  0.0137588  0.0109174 
 0.0083455  0.00648081  0.00563397  0.00596389  0.00747166  0.00999805 
 0.0132322  0.0167525  0.0201095  0.0229274  0.0249769  0.0261822 
 0.0265663  0.0261852  0.0251072  0.0234526  0.0214514  0.0194544 
 0.01786  0.0169805  0.0169195  0.0175312  0.0184849  0.0194005 
 0.019983  0.0200952  0.0197484  0.0190437  0.0181143  0.017108 
 0.0162049 
 5.20157e-06  9.13451e-06  1.48398e-05  2.2273e-05  3.08727e-05  3.95164e-05 
 4.67122e-05  5.10181e-05  5.15423e-05  4.8308e-05  4.23062e-05  3.52098e-05 
 2.88773e-05  2.4845e-05  2.3962e-05  2.62307e-05  3.08441e-05  3.63931e-05 
 4.1218e-05  4.38444e-05  4.33885e-05  3.97863e-05  3.3748e-05  2.64598e-05 
 1.91685e-05  1.28291e-05  7.93456e-06  4.54326e-06  2.43158e-06  1.276e-06 
 7.94649e-07  8.26257e-07  1.35424e-06  2.48952e-06  4.41632e-06  7.2991e-06 
 1.11595e-05  1.57591e-05  2.05479e-05  2.47345e-05  2.74869e-05  2.81989e-05 
 2.67073e-05  2.33539e-05  1.88603e-05  1.40831e-05  9.76735e-06  6.40425e-06 
 4.23052e-06  3.33493e-06  3.7966e-06  5.77801e-06  9.52127e-06  1.52352e-05 
 2.29065e-05  3.21131e-05  4.19423e-05  5.10966e-05  5.81925e-05  6.21619e-05 
 6.25884e-05  5.98256e-05  5.48348e-05  4.88159e-05  4.27999e-05  3.7378e-05 
 3.26584e-05  2.84224e-05  2.43671e-05  2.03047e-05  1.62455e-05  1.23619e-05 
 8.88622e-06  6.00765e-06  3.8128e-06  2.28143e-06  1.32227e-06  8.23767e-07 
 6.97489e-07  9.00248e-07  1.43128e-06  2.30455e-06  3.50636e-06  4.95268e-06 
 6.46879e-06  7.80988e-06  8.72643e-06  9.05432e-06  8.79253e-06  8.1308e-06 
 7.41007e-06  7.02558e-06  7.30342e-06  8.38781e-06  1.01732e-05  1.23072e-05 
 1.42741e-05  1.55444e-05  1.57414e-05  1.47624e-05  1.28005e-05  1.02632e-05 
 7.62855e-06  5.30958e-06  3.57958e-06  2.57129e-06  2.32294e-06  2.82619e-06 
 4.04059e-06  5.86712e-06  8.10335e-06  1.04211e-05  1.24017e-05  1.36332e-05 
 1.38373e-05  1.29654e-05  1.12146e-05  8.95448e-06  6.60014e-06  4.49079e-06 
 2.82065e-06  1.63543e-06  8.75327e-07  4.3248e-07  1.9725e-07  8.30474e-08 
 3.22768e-08  1.15801e-08  3.83521e-09  1.17253e-09  3.30913e-10  8.62106e-11 
 0  0  0  0  0  0 
 0  0  0  0  0  0 
 0  0  0  0  0  0 
 0  0  0  0  0  0 
 0  0  0  0  0  0 
 0  0  0  0  0  0 
 0  0  0  0  0  0 
 0  0  0  0  0  0 
 0  0  0  0  0  0 
 0  0  0  0  0  0 
 0  0  0  0  0  0 
 0  0  0  0  0  0 
 0  0  0  0  0  0 
 0  0  0  0  0  0 
 0  0  0  0  0  0 
 0  0  0  0  0  0 
 0  0  0  0  0  0 
 0  0  0  0  0  0 
 0  0  0  0  0  0 
 0  0  0  0  0  0 
 0  0  0  0  0  0 
 0  0  0  0  0  0 
 0  0  0  0  0  0 
 0  0  0  0  0  0 
 0  0  0  0  0  0 
 0  0  0  0  0  0 
 0  0  0  0  0  0 
 0  0  0  0  0  0 
 0  0  0  0  0  0 
 0  0  0  0  0  0 
 0  0  0  0  0  0 
 0  0  0  0  0  0 
 0  0  0  0  0  0 
 6.03146e-08  2.39913e-07  8.803e-07  2.98172e-06  9.32317e-06  2.69103e-05 
 7.17026e-05  0.000176365  0.000400452  0.000839363  0.0016241  0.00290099 
 0.00478355  0.00728182  0.0102339  0.0132804  0.0159179  0.0176347 
 0.0180878  0.0172444  0.0154219  0.0132042  0.0112689  0.010192 
 0.0102923  0.0115498  0.0136117  0.0158827  0.0176865  0.0184592 
 0.0179149  0.0161177  0.0134315  0.0103728  0.00743578  0.00496259 
 0.00309885  0.00182581  0.00103188  0.000584765  0.000381093  0.0003718 
 0.000570687  0.00105257  0.00193923  0.00336553  0.00541964  0.00806842 
 0.011096  0.0140992  0.0165693  0.0180534  0.0183421  0.0176011 
 0.0163821  0.015495  0.0157728  0.0178007  0.0216839  0.0269342 
 0.0325314  0.0371807  0.0397075  0.0394571  0.0365337  0.0317711 
 0.0264441  0.0218449  0.0188903  0.017889  0.0185212  0.0200056 
 0.0213845  0.0218345  0.0209038  0.0186039  0.0153339  0.0116884 
 0.00823793  0.00537333  0.00325481  0.00185485  0.0010499  0.000714514 
 0.000793181  0.00134163  0.00253687  0.00464875  0.00795949  0.0126294 
 0.018536  0.0251556  0.0315728  0.0366704  0.0394668  0.0394754 
 0.0369199  0.0326898  0.0280432  0.0241768  0.02184  0.0211373 
 0.0215743  0.0223109  0.0225113  0.0216587  0.0197239  0.017143 
 0.0146348  0.0129407  0.0125807  0.0136914  0.0159791  0.0187928 
 0.021304  0.0227488  0.0226592  0.0209987  0.0181469  0.014745 
 0.0114739  0.00885813  0.00716461  0.00640881  0.00644079  0.00706219 
 0.00812874  0.00960186  0.011528  0.0139484  0.0167769  0.0197111 
 0.0222427  0.0237884  0.0238938  0.0224169  0.0195977  0.0159868 
 0.012277  0.00912916  0.00706408  0.006441  0.00748286  0.0102863 
 0.0147762  0.0206173  0.0271482  0.0334203  0.0383867  0.0412045 
 0.0415349  0.0396952  0.0365683  0.0332895  0.0308377  0.0297075 
 0.0297975  0.0305454  0.0312255  0.0312577  0.0303912  0.0287036 
 0.0264566  0.0239147  0.0212301  0.0184396  0.0155412  0.0125805 
 0.00968663  0.0070415  0.00481433  0.00310359  0.00191667  0.00118815 
 0.000819796  0.000722767  0.000849858  0.00121342  0.00188564  0.00297714 
 0.00458961  0.00674837  0.00933665  0.0120655  0.0145095  0.0162116 
 0.0168234  0.0162211  0.014545  0.0121446  0.00946034  0.00689716 
 0.0047366  0.0031098  0.00201945  0.00138553  0.00109079  0.00101384 
 0.00104884  0.00111592  0.00116611  0.00118145  0.00116975  0.00115427 
 0.00116087  0.00120622  0.00129042  0.00139639  0.00149609  0.00156338 
 0.00159186  0.00161503  0.00172489  0.0020834  0.00291877  0.00449533 
 0.00704788  0.0106837  0.0152791  0.0204203  0.0254387  0.0295582 
 0.0321118  0.0327431  0.0315052  0.0288242  0.0253584  0.0218222 
 0.0188354  0.0168226  0.01596  0.0161589  0.0170903  0.018256 
 0.0191073  0.0191863  0.0182503  0.016334  0.0137289  0.0108914 
 0.00832056  0.0064515  0.00559223  0.00589938  0.00737265  0.00985321 
 0.0130327  0.0164942  0.0197938  0.0225609  0.0245706  0.0257497 
 0.0261229  0.025747  0.0246904  0.0230712  0.0211153  0.0191671 
 0.0176179  0.0167744  0.0167379  0.0173629  0.0183214  0.0192355 
 0.0198116  0.0199122  0.0195482  0.0188206  0.0178646  0.0168315 
 0.0159048 
 5.13379e-06  9.02065e-06  1.46587e-05  2.20037e-05  3.05003e-05  3.90392e-05 
 4.61466e-05  5.03981e-05  5.09129e-05  4.77128e-05  4.17737e-05  3.47415e-05 
 2.84426e-05  2.43823e-05  2.33897e-05  2.54645e-05  2.98201e-05  3.50907e-05 
 3.96739e-05  4.21512e-05  4.16759e-05  3.81895e-05  3.23758e-05  2.53725e-05 
 1.83739e-05  1.22931e-05  7.59995e-06  4.3485e-06  2.3225e-06  1.2097e-06 
 7.36241e-07  7.40965e-07  1.19715e-06  2.1959e-06  3.89638e-06  6.44217e-06 
 9.85168e-06  1.39141e-05  1.81436e-05  2.18417e-05  2.42735e-05  2.49039e-05 
 2.35886e-05  2.06293e-05  1.66632e-05  1.24475e-05  8.64227e-06  5.68614e-06 
 3.79773e-06  3.07152e-06  3.60106e-06  5.55906e-06  9.18712e-06  1.46833e-05 
 2.20197e-05  3.07657e-05  4.00149e-05  4.84944e-05  5.48572e-05  5.80691e-05 
 5.77284e-05  5.41777e-05  4.83532e-05  4.1444e-05  3.4518e-05  2.82672e-05 
 2.29512e-05  1.85096e-05  1.47471e-05  1.14889e-05  8.65197e-06  6.23475e-06 
 4.26626e-06  2.75774e-06  1.68015e-06  9.68932e-07  5.44212e-07  3.32886e-07 
 2.84069e-07  3.7389e-07  6.00642e-07  9.70343e-07  1.47785e-06  2.08847e-06 
 2.72968e-06  3.30063e-06  3.70127e-06  3.87278e-06  3.83354e-06  3.69356e-06 
 3.63756e-06  3.87763e-06  4.58596e-06  5.82507e-06  7.49804e-06  9.34196e-06 
 1.098e-05  1.2026e-05  1.22082e-05  1.14607e-05  9.94215e-06  7.97341e-06 
 5.92843e-06  4.12987e-06  2.79198e-06  2.02054e-06  1.84875e-06  2.27394e-06 
 3.26753e-06  4.75259e-06  6.56727e-06  8.44688e-06  1.00526e-05  1.10509e-05 
 1.12165e-05  1.05097e-05  9.09051e-06  7.25846e-06  5.35005e-06  3.64022e-06 
 2.28641e-06  1.32567e-06  7.09537e-07  3.50566e-07  1.5989e-07  6.73179e-08 
 2.61634e-08  9.38677e-09  3.10881e-09  9.50447e-10  2.68237e-10  6.9882e-11 
 0  0  0  0  0  0 
 0  0  0  0  0  0 
 0  0  0  0  0  0 
 0  0  0  0  0  0 
 0  0  0  0  0  0 
 0  0  0  0  0  0 
 0  0  0  0  0  0 
 0  0  0  0  0  0 
 0  0  0  0  0  0 
 0  0  0  0  0  0 
 0  0  0  0  0  0 
 0  0  0  0  0  0 
 0  0  0  0  0  0 
 0  0  0  0  0  0 
 0  0  0  0  0  0 
 0  0  0  0  0  0 
 0  0  0  0  0  0 
 0  0  0  0  0  0 
 0  0  0  0  0  0 
 0  0  0  0  0  0 
 0  0  0  0  0  0 
 0  0  0  0  0  0 
 0  0  0  0  0  0 
 0  0  0  0  0  0 
 0  0  0  0  0  0 
 0  0  0  0  0  0 
 0  0  0  0  0  0 
 0  0  0  0  0  0 
 0  0  0  0  0  0 
 0  0  0  0  0  0 
 0  0  0  0  0  0 
 0  0  0  0  0  0 
 0  0  0  0  0  0 
 6.03543e-08  2.40184e-07  8.81333e-07  2.98536e-06  9.33499e-06  2.69459e-05 
 7.18016e-05  0.00017662  0.000401059  0.000840702  0.00162683  0.00290614 
 0.00479256  0.00729645  0.010256  0.0133115  0.0159591  0.0176865 
 0.0181503  0.0173182  0.0155083  0.0133054  0.0113878  0.0103306 
 0.0104504  0.0117246  0.0137974  0.0160721  0.017872  0.018635 
 0.0180776  0.0162667  0.013568  0.0104989  0.00755287  0.00507055 
 0.00319606  0.00190991  0.00110088  0.000637948  0.000419388  0.000397519 
 0.000586899  0.00106243  0.00194554  0.00337052  0.00542504  0.0080755 
 0.0111058  0.0141126  0.0165871  0.018077  0.0183737  0.0176436 
 0.0164396  0.0155717  0.0158723  0.0179243  0.0218302  0.0270981 
 0.0327047  0.0373536  0.0398703  0.0396026  0.0366582  0.0318752 
 0.0265319  0.0219226  0.0189635  0.0179618  0.0185946  0.0200779 
 0.0214525  0.0218946  0.0209535  0.0186421  0.0153613  0.0117067 
 0.00824931  0.00537997  0.00325846  0.00185679  0.00105098  0.000715285 
 0.000794115  0.00134332  0.0025403  0.00465553  0.00797214  0.0126515 
 0.0185719  0.02521  0.0316496  0.036771  0.0395894  0.0396143 
 0.0370662  0.0328333  0.0281749  0.0242902  0.0219329  0.0212107 
 0.0216315  0.0223558  0.0225472  0.0216878  0.0197475  0.0171619 
 0.0146499  0.012953  0.0125916  0.0137025  0.0159917  0.0188082 
 0.0213232  0.0227731  0.0226907  0.0210402  0.018202  0.014817 
 0.0115647  0.00896687  0.00728695  0.00653745  0.00656716  0.00717885 
 0.0082317  0.009692  0.0116112  0.0140345  0.0168774  0.0198365 
 0.0223998  0.0239777  0.024109  0.0226453  0.0198232  0.0161933 
 0.0124527  0.0092683  0.00716767  0.0065156  0.00753861  0.0103349 
 0.0148289  0.0206838  0.0272351  0.0335305  0.0385183  0.0413514 
 0.0416888  0.0398476  0.0367142  0.0334293  0.0309779  0.0298595 
 0.0299744  0.0307586  0.0314811  0.0315546  0.0307213  0.0290535 
 0.0268102  0.0242559  0.0215451  0.0187174  0.0157748  0.0127671 
 0.00982748  0.00714151  0.00488079  0.0031447  0.00194018  0.00120039 
 0.000825399  0.000724798  0.00085022  0.00121331  0.00188593  0.0029786 
 0.00459306  0.00675471  0.00934674  0.0120801  0.0145289  0.0162357 
 0.0168512  0.0162513  0.0145756  0.0121734  0.0094859  0.00691829 
 0.00475298  0.00312179  0.00202793  0.00139162  0.00109565  0.00101852 
 0.00105426  0.00112289  0.00117537  0.00119358  0.00118509  0.00117275 
 0.00118187  0.00122861  0.00131272  0.00141709  0.001514  0.00157781 
 0.00160266  0.00162246  0.00172931  0.00208497  0.00291704  0.00448897 
 0.0070343  0.0106589  0.0152377  0.0203559  0.0253447  0.0294292 
 0.0319455  0.0325415  0.0312758  0.0285797  0.0251148  0.0215959 
 0.01864  0.0166665  0.0158457  0.0160839  0.0170489  0.0182411 
 0.0191119  0.0192039  0.018275  0.0163608  0.0137534  0.0109098 
 0.00832872  0.00644471  0.00556417  0.00584174  0.00727576  0.00970759 
 0.0128315  0.0162357  0.0194824  0.0222074  0.0241899  0.0253585 
 0.0257374  0.0253814  0.0243551  0.0227725  0.0208536  0.0189374 
 0.0174107  0.0165781  0.0165419  0.0171604  0.0181099  0.0190161 
 0.0195864  0.0196824  0.0193136  0.0185802  0.0176182  0.0165802 
 0.015651 
 5.10697e-06  8.97765e-06  1.45919e-05  2.1905e-05  3.03637e-05  3.88633e-05 
 4.59369e-05  5.01673e-05  5.06787e-05  4.74936e-05  4.15829e-05  3.45831e-05 
 2.83082e-05  2.42509e-05  2.32304e-05  2.52431e-05  2.95074e-05  3.46722e-05 
 3.91568e-05  4.15656e-05  4.10686e-05  3.76121e-05  3.18719e-05  2.49684e-05 
 1.80757e-05  1.20904e-05  7.47271e-06  4.27415e-06  2.28074e-06  1.1841e-06 
 7.13079e-07  7.06079e-07  1.13182e-06  2.07291e-06  3.6779e-06  6.08153e-06 
 9.30084e-06  1.31366e-05  1.71302e-05  2.06221e-05  2.29184e-05  2.35138e-05 
 2.22723e-05  1.94785e-05  1.57343e-05  1.17547e-05  8.16372e-06  5.37687e-06 
 3.60331e-06  2.93682e-06  3.47223e-06  5.38028e-06  8.89541e-06  1.42057e-05 
 2.12761e-05  2.96781e-05  3.85224e-05  4.65662e-05  5.24997e-05  5.53184e-05 
 5.46323e-05  5.07718e-05  4.46457e-05  3.74198e-05  3.01629e-05  2.36047e-05 
 1.80735e-05  1.35859e-05  1.00026e-05  7.15964e-06  4.9327e-06  3.23853e-06 
 2.00934e-06  1.171e-06  6.3879e-07  3.26641e-07  1.59544e-07  8.14997e-08 
 5.70542e-08  6.76614e-08  1.06452e-07  1.71758e-07  2.61905e-07  3.70921e-07 
 4.8706e-07  5.95324e-07  6.8449e-07  7.57356e-07  8.41192e-07  9.93792e-07 
 1.30023e-06  1.85612e-06  2.73625e-06  3.95396e-06  5.42511e-06  6.95719e-06 
 8.27987e-06  9.11688e-06  9.27566e-06  8.71583e-06  7.56372e-06  6.0664e-06 
 4.50936e-06  3.13785e-06  2.11346e-06  1.51418e-06  1.36173e-06  1.65019e-06 
 2.35489e-06  3.41729e-06  4.71891e-06  6.06834e-06  7.22151e-06  7.93858e-06 
 8.05745e-06  7.54975e-06  6.53024e-06  5.21418e-06  3.84326e-06  2.61498e-06 
 1.64246e-06  9.52308e-07  5.09702e-07  2.51832e-07  1.14859e-07  4.83584e-08 
 1.87947e-08  6.74307e-09  2.23324e-09  6.82762e-10  1.9269e-10  5.02003e-11 
 0  0  0  0  0  0 
 0  0  0  0  0  0 
 0  0  0  0  0  0 
 0  0  0  0  0  0 
 0  0  0  0  0  0 
 0  0  0  0  0  0 
 0  0  0  0  0  0 
 0  0  0  0  0  0 
 0  0  0  0  0  0 
 0  0  0  0  0  0 
 0  0  0  0  0  0 
 0  0  0  0  0  0 
 0  0  0  0  0  0 
 0  0  0  0  0  0 
 0  0  0  0  0  0 
 0  0  0  0  0  0 
 0  0  0  0  0  0 
 0  0  0  0  0  0 
 0  0  0  0  0  0 
 0  0  0  0  0  0 
 0  0  0  0  0  0 
 0  0  0  0  0  0 
 0  0  0  0  0  0 
 0  0  0  0  0  0 
 0  0  0  0  0  0 
 0  0  0  0  0  0 
 0  0  0  0  0  0 
 0  0  0  0  0  0 
 0  0  0  0  0  0 
 0  0  0  0  0  0 
 0  0  0  0  0  0 
 0  0  0  0  0  0 
 0  0  0  0  0  0 
 6.04035e-08  2.40514e-07  8.82587e-07  2.98977e-06  9.34933e-06  2.6989e-05 
 7.19215e-05  0.000176929  0.000401793  0.000842316  0.00163012  0.00291233 
 0.00480336  0.00731391  0.0102822  0.0133481  0.0160068  0.0177452 
 0.0182189  0.0173957  0.0155944  0.0134011  0.0114949  0.0104514 
 0.0105862  0.0118743  0.0139577  0.0162378  0.018037  0.0187938 
 0.018226  0.0164027  0.0136916  0.010611  0.00765444  0.00516191 
 0.00327658  0.00197842  0.00115643  0.000680419  0.000449825  0.000417939 
 0.00059985  0.00107052  0.00195109  0.00337549  0.00543096  0.0080836 
 0.011117  0.0141276  0.0166067  0.0181022  0.018406  0.0176854 
 0.0164942  0.0156427  0.0159626  0.0180352  0.0219603  0.027243 
 0.0328577  0.0375061  0.0400145  0.0397324  0.036771  0.0319721 
 0.0266173  0.022002  0.0190423  0.0180428  0.018678  0.0201609 
 0.0215308  0.0219638  0.0210106  0.0186859  0.0153926  0.0117274 
 0.00826218  0.00538744  0.00326256  0.00185898  0.0010522  0.000716154 
 0.000795147  0.00134514  0.0025439  0.00466255  0.00798507  0.0126737 
 0.0186076  0.0252634  0.0317238  0.0368671  0.0397051  0.0397439 
 0.0372013  0.0329648  0.0282945  0.0243928  0.0220167  0.021277 
 0.0216836  0.0223972  0.0225808  0.0217155  0.0197704  0.0171808 
 0.0146657  0.0129672  0.0126058  0.0137184  0.016011  0.0188319 
 0.0213522  0.0228081  0.0227329  0.0210917  0.0182659  0.0148967 
 0.011662  0.00908128  0.00741435  0.0066707  0.0066977  0.00729911 
 0.00833745  0.00978371  0.0116942  0.0141179  0.0169718  0.0199516 
 0.0225416  0.0241468  0.0242995  0.0228461  0.0200202  0.0163729 
 0.0126049  0.00938848  0.00725718  0.00658061  0.00758839  0.01038 
 0.0148797  0.0207489  0.0273206  0.0336385  0.0386466  0.0414941 
 0.0418379  0.0399956  0.0368569  0.0335679  0.0311193  0.0300149 
 0.0301564  0.0309778  0.031743  0.0318584  0.0310598  0.0294144 
 0.0271788  0.0246166  0.0218833  0.0190207  0.0160339  0.0129769 
 0.00998774  0.00725638  0.00495766  0.00319249  0.00196757  0.00121466 
 0.000831945  0.000727294  0.000851103  0.00121436  0.00188874  0.00298489 
 0.00460477  0.0067738  0.00937486  0.0121181  0.0145763  0.0162907 
 0.0169106  0.0163112  0.014632  0.0122233  0.00952711  0.00695027 
 0.00477634  0.00313798  0.00203879  0.00139902  0.00110123  0.00102362 
 0.0010599  0.00112991  0.00118441  0.00120517  0.00119951  0.00118992 
 0.00120124  0.00124916  0.00133313  0.00143602  0.00153037  0.00159099 
 0.00161254  0.00162928  0.00173344  0.00208655  0.00291573  0.00448352 
 0.00702229  0.0106365  0.0151997  0.0202959  0.0252563  0.029307 
 0.031787  0.0323487  0.0310561  0.0283454  0.0248818  0.0213806 
 0.0184563  0.016524  0.0157488  0.0160325  0.0170393  0.0182675 
 0.0191663  0.0192775  0.018358  0.0164434  0.0138273  0.0109686 
 0.00836794  0.00646091  0.00555358  0.00579934  0.00719523  0.00958266 
 0.0126583  0.0160148  0.0192209  0.0219179  0.0238888  0.0250629 
 0.025462  0.0251359  0.0241436  0.0225923  0.0206967  0.0187917 
 0.0172624  0.0164151  0.0163563  0.0169503  0.0178791  0.0187725 
 0.0193387  0.0194381  0.0190779  0.0183568  0.0174102  0.0163905 
 0.0154803 
 5.12899e-06  9.01812e-06  1.46586e-05  2.20051e-05  3.05013e-05  3.90375e-05 
 4.61406e-05  5.03882e-05  5.09022e-05  4.77072e-05  4.17811e-05  3.47702e-05 
 2.8499e-05  2.44687e-05  2.35016e-05  2.55909e-05  2.99445e-05  3.51951e-05 
 3.97441e-05  4.21807e-05  4.16673e-05  3.81529e-05  3.23246e-05  2.53194e-05 
 1.83276e-05  1.22575e-05  7.57531e-06  4.33243e-06  2.31178e-06  1.20088e-06 
 7.25493e-07  7.23052e-07  1.16393e-06  2.1347e-06  3.78916e-06  6.26644e-06 
 9.58414e-06  1.35369e-05  1.7652e-05  2.12495e-05  2.36146e-05  2.42265e-05 
 2.29452e-05  2.00644e-05  1.62044e-05  1.21017e-05  8.39821e-06  5.51917e-06 
 3.67439e-06  2.95077e-06  3.43145e-06  5.27363e-06  8.69953e-06  1.38898e-05 
 2.08105e-05  2.90456e-05  3.77292e-05  4.5649e-05  5.15252e-05  5.43746e-05 
 5.38134e-05  5.0162e-05  4.4306e-05  3.73803e-05  3.04208e-05  2.41265e-05 
 1.88003e-05  1.44415e-05  1.09036e-05  8.02758e-06  5.70478e-06  3.87539e-06 
 2.49713e-06  1.5179e-06  8.67476e-07  4.65487e-07  2.35123e-07  1.13657e-07 
 5.65957e-08  3.60296e-08  3.67657e-08  5.11442e-08  7.52906e-08  1.06214e-07 
 1.40698e-07  1.76162e-07  2.1371e-07  2.63005e-07  3.47957e-07  5.10772e-07 
 8.1086e-07  1.31446e-06  2.07264e-06  3.09069e-06  4.29964e-06  5.54653e-06 
 6.61749e-06  7.29406e-06  7.42429e-06  6.97729e-06  6.05486e-06  4.85467e-06 
 3.60416e-06  2.49692e-06  1.65729e-06  1.1396e-06  9.50246e-07  1.07238e-06 
 1.47724e-06  2.11792e-06  2.91414e-06  3.74365e-06  4.45378e-06  4.89564e-06 
 4.96883e-06  4.65572e-06  4.02701e-06  3.21543e-06  2.37002e-06  1.61258e-06 
 1.01286e-06  5.8726e-07  3.14318e-07  1.55298e-07  7.08299e-08  2.98212e-08 
 1.15902e-08  4.15825e-09  1.37717e-09  4.21039e-10  1.18826e-10  3.0957e-11 
 0  0  0  0  0  0 
 0  0  0  0  0  0 
 0  0  0  0  0  0 
 0  0  0  0  0  0 
 0  0  0  0  0  0 
 0  0  0  0  0  0 
 0  0  0  0  0  0 
 0  0  0  0  0  0 
 0  0  0  0  0  0 
 0  0  0  0  0  0 
 0  0  0  0  0  0 
 0  0  0  0  0  0 
 0  0  0  0  0  0 
 0  0  0  0  0  0 
 0  0  0  0  0  0 
 0  0  0  0  0  0 
 0  0  0  0  0  0 
 0  0  0  0  0  0 
 0  0  0  0  0  0 
 0  0  0  0  0  0 
 0  0  0  0  0  0 
 0  0  0  0  0  0 
 0  0  0  0  0  0 
 0  0  0  0  0  0 
 0  0  0  0  0  0 
 0  0  0  0  0  0 
 0  0  0  0  0  0 
 0  0  0  0  0  0 
 0  0  0  0  0  0 
 0  0  0  0  0  0 
 0  0  0  0  0  0 
 0  0  0  0  0  0 
 0  0  0  0  0  0 
 6.04513e-08  2.40839e-07  8.83824e-07  2.99412e-06  9.36349e-06  2.70316e-05 
 7.204e-05  0.000177234  0.000402519  0.000843914  0.00163337  0.00291846 
 0.00481404  0.00733114  0.0103079  0.0133839  0.016053  0.0178008 
 0.0182822  0.0174641  0.0156662  0.0134758  0.0115734  0.0105357 
 0.0106782  0.0119754  0.0140675  0.0163538  0.0181555  0.0189104 
 0.0183368  0.0165046  0.013783  0.0106916  0.0077248  0.00522263 
 0.00332808  0.0020209  0.00119007  0.00070573  0.000467789  0.000429965 
 0.000607579  0.0010756  0.00195507  0.00337968  0.00543653  0.0080915 
 0.011128  0.0141422  0.0166253  0.0181252  0.0184341  0.0177202 
 0.0165376  0.015697  0.0160298  0.0181163  0.0220542  0.0273468 
 0.0329666  0.0376148  0.0401176  0.0398262  0.0368545  0.0320468 
 0.0266869  0.0220712  0.0191147  0.0181203  0.0187595  0.020243 
 0.0216086  0.0220328  0.0210675  0.0187296  0.0154237  0.0117481 
 0.00827499  0.00539487  0.00326663  0.00186114  0.00105339  0.000716998 
 0.00079613  0.00134685  0.00254723  0.00466893  0.00799661  0.0126932 
 0.0186384  0.0253086  0.0317854  0.0369454  0.0397977  0.039846 
 0.0373061  0.0330653  0.028385  0.0244697  0.0220794  0.0213269 
 0.0217233  0.0224294  0.0226076  0.0217382  0.0197896  0.0171972 
 0.0146803  0.0129814  0.0126214  0.0137373  0.0160346  0.0188612 
 0.0213874  0.0228491  0.02278  0.021146  0.0183296  0.0149722 
 0.0117512  0.00918381  0.00752702  0.00678761  0.00681163  0.0074036 
 0.00842871  0.00986188  0.0117634  0.014185  0.0170452  0.0200385 
 0.0226464  0.0242698  0.0244364  0.0229888  0.0201589  0.0164983 
 0.0127104  0.0094714  0.007319  0.00662616  0.00762467  0.0104149 
 0.014921  0.0208032  0.0273921  0.0337283  0.0387526  0.0416114 
 0.0419601  0.0401172  0.0369753  0.0336849  0.0312413  0.0301511 
 0.030317  0.0311709  0.0319728  0.0321241  0.0313559  0.029732 
 0.0275064  0.0249418  0.022193  0.0193029  0.0162786  0.0131776 
 0.0101426  0.00736826  0.00503297  0.00323948  0.00199454  0.00122869 
 0.000838366  0.000729819  0.000852334  0.00121639  0.00189368  0.00299517 
 0.00462314  0.00680304  0.00941715  0.0121742  0.0146452  0.0163689 
 0.0169932  0.0163922  0.0147062  0.0122866  0.00957774  0.00698818 
 0.00480304  0.00315581  0.00205031  0.00140657  0.00110669  0.0010284 
 0.00106499  0.001136  0.00119201  0.00121463  0.001211  0.00120332 
 0.00121612  0.00126473  0.00134839  0.00144996  0.0015422  0.0016003 
 0.00161929  0.00163375  0.00173595  0.00208729  0.0029144  0.00447911 
 0.0070128  0.0106187  0.0151692  0.0202474  0.0251844  0.0292073 
 0.0316576  0.0321913  0.030877  0.0281552  0.0246935  0.0212082 
 0.018312  0.0164173  0.0156851  0.016014  0.0170649  0.018333 
 0.0192645  0.0193979  0.0184882  0.0165706  0.0139403  0.0110596 
 0.00843276  0.00649796  0.00556232  0.00577881  0.00714353  0.00949777 
 0.0125398  0.0158662  0.0190504  0.0217386  0.0237163  0.0249123 
 0.0253442  0.0250551  0.0240959  0.0225665  0.0206767  0.0187596 
 0.0172021  0.0163155  0.0162134  0.0167677  0.0176667  0.0185439 
 0.0191082  0.0192181  0.0188784  0.0181858  0.0172738  0.0162924 
 0.0154198 
 5.17327e-06  9.10003e-06  1.47951e-05  2.22123e-05  3.07896e-05  3.94065e-05 
 4.65765e-05  5.08643e-05  5.13854e-05  4.81676e-05  4.22025e-05  3.5159e-05 
 2.88872e-05  2.49113e-05  2.40671e-05  2.63456e-05  3.09335e-05  3.64246e-05 
 4.11715e-05  4.37182e-05  4.31997e-05  3.95646e-05  3.35259e-05  2.62635e-05 
 1.90128e-05  1.27166e-05  7.85933e-06  4.49515e-06  2.39979e-06  1.25072e-06 
 7.66494e-07  7.84007e-07  1.28138e-06  2.36069e-06  4.19537e-06  6.94084e-06 
 1.0617e-05  1.49964e-05  1.95551e-05  2.35398e-05  2.61585e-05  2.68342e-05 
 2.54122e-05  2.22181e-05  1.79391e-05  1.33904e-05  9.28022e-06  6.07333e-06 
 3.98971e-06  3.10444e-06  3.47812e-06  5.24514e-06  8.61213e-06  1.37558e-05 
 2.06515e-05  2.89043e-05  3.76765e-05  4.57842e-05  5.19687e-05  5.5258e-05 
 5.52693e-05  5.23164e-05  4.72679e-05  4.12234e-05  3.51554e-05  2.96677e-05 
 2.49476e-05  2.0885e-05  1.72643e-05  1.39238e-05  1.08247e-05  8.0312e-06 
 5.64487e-06  3.73971e-06  2.32828e-06  1.36275e-06  7.58472e-07  4.23411e-07 
 2.80965e-07  2.80441e-07  3.9617e-07  6.16876e-07  9.31113e-07  1.31301e-06 
 1.71507e-06  2.07291e-06  2.32272e-06  2.42609e-06  2.39207e-06  2.28583e-06 
 2.21803e-06  2.31595e-06  2.68322e-06  3.35891e-06  4.289e-06  5.32335e-06 
 6.24614e-06  6.83618e-06  6.93746e-06  6.51134e-06  5.64664e-06  4.52377e-06 
 3.35127e-06  2.30481e-06  1.4923e-06  9.52017e-07  6.73149e-07  6.21611e-07 
 7.56842e-07  1.03507e-06  1.40362e-06  1.79563e-06  2.13373e-06  2.34465e-06 
 2.37948e-06  2.22948e-06  1.92839e-06  1.53976e-06  1.13492e-06  7.72208e-07 
 4.85021e-07  2.81218e-07  1.50516e-07  7.43665e-08  3.39179e-08  1.42803e-08 
 5.55012e-09  1.99124e-09  6.59479e-10  2.01621e-10  5.69017e-11  1.48242e-11 
 0  0  0  0  0  0 
 0  0  0  0  0  0 
 0  0  0  0  0  0 
 0  0  0  0  0  0 
 0  0  0  0  0  0 
 0  0  0  0  0  0 
 0  0  0  0  0  0 
 0  0  0  0  0  0 
 0  0  0  0  0  0 
 0  0  0  0  0  0 
 0  0  0  0  0  0 
 0  0  0  0  0  0 
 0  0  0  0  0  0 
 0  0  0  0  0  0 
 0  0  0  0  0  0 
 0  0  0  0  0  0 
 0  0  0  0  0  0 
 0  0  0  0  0  0 
 0  0  0  0  0  0 
 0  0  0  0  0  0 
 0  0  0  0  0  0 
 0  0  0  0  0  0 
 0  0  0  0  0  0 
 0  0  0  0  0  0 
 0  0  0  0  0  0 
 0  0  0  0  0  0 
 0  0  0  0  0  0 
 0  0  0  0  0  0 
 0  0  0  0  0  0 
 0  0  0  0  0  0 
 0  0  0  0  0  0 
 0  0  0  0  0  0 
 0  0  0  0  0  0 
 6.04911e-08  2.41112e-07  8.84863e-07  2.99778e-06  9.37539e-06  2.70675e-05 
 7.21397e-05  0.00017749  0.00040313  0.000845259  0.00163611  0.00292361 
 0.00482301  0.00734557  0.0103294  0.0134134  0.0160906  0.0178451 
 0.0183306  0.0175133  0.0157131  0.0135184  0.0116115  0.0105708 
 0.0107132  0.0120133  0.0141107  0.0164032  0.0182104  0.0189681 
 0.0183938  0.0165574  0.0138289  0.0107291  0.00775374  0.0052439 
 0.0033431  0.00203118  0.00119693  0.000710215  0.000470677  0.00043185 
 0.000608952  0.00107692  0.00195681  0.00338239  0.00544076  0.00809781 
 0.0111368  0.0141538  0.0166395  0.018142  0.0184535  0.0177423 
 0.016563  0.0157264  0.016064  0.0181555  0.0220981  0.0273943 
 0.0330159  0.0376638  0.0401648  0.0398708  0.0368969  0.0320887 
 0.0267309  0.02212  0.0191703  0.0181828  0.0188269  0.0203117 
 0.0216742  0.0220911  0.0211157  0.0187666  0.0154501  0.0117656 
 0.00828582  0.00540114  0.00327008  0.00186297  0.0010544  0.000717712 
 0.000796949  0.00134823  0.00254986  0.00467384  0.00800527  0.0127075 
 0.0186602  0.0253395  0.0318262  0.0369954  0.0398547  0.0399065 
 0.0373662  0.0331211  0.0284338  0.0245106  0.0221126  0.021354 
 0.0217459  0.022449  0.022625  0.0217537  0.0198035  0.0172097 
 0.0146922  0.012994  0.0126364  0.0137563  0.016059  0.0188915 
 0.0214233  0.0228898  0.0228248  0.0211949  0.0183833  0.0150323 
 0.0118191  0.00925959  0.00760886  0.00687179  0.00689339  0.00747847 
 0.00849393  0.00991714  0.0118108  0.0142287  0.0170894  0.0200873 
 0.0227019  0.0243318  0.0245026  0.0230554  0.0202215  0.0165533 
 0.0127554  0.00950625  0.00734511  0.00664648  0.00764312  0.0104359 
 0.0149486  0.0208409  0.0274421  0.0337906  0.0388253  0.0416908 
 0.0420422  0.0401989  0.0370558  0.0337665  0.0313286  0.0302506 
 0.0304349  0.0313118  0.032139  0.0323151  0.0315688  0.0299621 
 0.0277476  0.025186  0.0224311  0.0195247  0.0164747  0.0133412 
 0.0102705  0.00746159  0.00509626  0.00327918  0.0020174  0.0012406 
 0.000843852  0.000732115  0.000853837  0.00121921  0.00190012  0.003008 
 0.00464556  0.00683823  0.00946751  0.0122404  0.0147256  0.0164592 
 0.0170872  0.0164831  0.0147879  0.012355  0.00963106  0.00702708 
 0.00482967  0.00317306  0.00206109  0.00141337  0.00111141  0.00103231 
 0.00106892  0.00114042  0.0011972  0.00122073  0.00121804  0.00121123 
 0.00122465  0.0012735  0.0013569  0.00145771  0.00154878  0.0016055 
 0.00162311  0.00163634  0.00173756  0.00208806  0.00291427  0.00447758 
 0.00700875  0.0106103  0.0151536  0.0202213  0.0251441  0.0291498 
 0.0315814  0.0320975  0.0307694  0.0280404  0.0245802  0.0211057 
 0.0182293  0.0163619  0.0156632  0.0160298  0.0171203  0.0184266 
 0.0193907  0.0195466  0.018646  0.0167235  0.014076  0.0111697 
 0.00851396  0.0065507  0.00558937  0.00578342  0.00712851  0.00946561 
 0.0124937  0.0158115  0.0189954  0.0216944  0.0236953  0.024925 
 0.0253962  0.0251442  0.0242114  0.022691  0.0207889  0.0188389 
 0.0172328  0.0162894  0.0161308  0.016637  0.017502  0.0183623 
 0.0189272  0.0190535  0.0187435  0.0180913  0.017228  0.0162995 
 0.0154778 
 5.24139e-06  9.22007e-06  1.49902e-05  2.25046e-05  3.11938e-05  3.99226e-05 
 4.71853e-05  5.15292e-05  5.20603e-05  4.88108e-05  4.27921e-05  3.57047e-05 
 2.94363e-05  2.5545e-05  2.48871e-05  2.74514e-05  3.23938e-05  3.82505e-05 
 4.33007e-05  4.60196e-05  4.54998e-05  4.16882e-05  3.53364e-05  2.76886e-05 
 2.00483e-05  1.34114e-05  8.29004e-06  4.74287e-06  2.53506e-06  1.32903e-06 
 8.32771e-07  8.82805e-07  1.46985e-06  2.72071e-06  4.84002e-06  8.00914e-06 
 1.22518e-05  1.73057e-05  2.25662e-05  2.7164e-05  3.01849e-05  3.09634e-05 
 2.93209e-05  2.56331e-05  2.06929e-05  1.54397e-05  1.06869e-05  6.96309e-06 
 4.50632e-06  3.37666e-06  3.60443e-06  5.29488e-06  8.63748e-06  1.38087e-05 
 2.07998e-05  2.92431e-05  3.83308e-05  4.69019e-05  5.3709e-05  5.77806e-05 
 5.8731e-05  5.68709e-05  5.30593e-05  4.83595e-05  4.3657e-05  3.94083e-05 
 3.56108e-05  3.19694e-05  2.81485e-05  2.39781e-05  1.95341e-05  1.50882e-05 
 1.0983e-05  7.50399e-06  4.80209e-06  2.88365e-06  1.65116e-06  9.65009e-07 
 6.98388e-07  7.68112e-07  1.13783e-06  1.79589e-06  2.71908e-06  3.83586e-06 
 5.0074e-06  6.04126e-06  6.73984e-06  6.96783e-06  6.70981e-06  6.08934e-06 
 5.33853e-06  4.72809e-06  4.48355e-06  4.71522e-06  5.38215e-06  6.30033e-06 
 7.1945e-06  7.78107e-06  7.85633e-06  7.35774e-06  6.37408e-06  5.10223e-06 
 3.77285e-06  2.57904e-06  1.63502e-06  9.72438e-07  5.63678e-07  3.53359e-07 
 2.83079e-07  3.03425e-07  3.75326e-07  4.66747e-07  5.5014e-07  6.03139e-07 
 6.1171e-07  5.73046e-07  4.95622e-07  3.95738e-07  2.91689e-07  1.98468e-07 
 1.24657e-07  7.22768e-08  3.86846e-08  1.91132e-08  8.71735e-09  3.67023e-09 
 1.42645e-09  5.11775e-10  1.69495e-10  5.18192e-11  1.46245e-11  3.81002e-12 
 0  0  0  0  0  0 
 0  0  0  0  0  0 
 0  0  0  0  0  0 
 0  0  0  0  0  0 
 0  0  0  0  0  0 
 0  0  0  0  0  0 
 0  0  0  0  0  0 
 0  0  0  0  0  0 
 0  0  0  0  0  0 
 0  0  0  0  0  0 
 0  0  0  0  0  0 
 0  0  0  0  0  0 
 0  0  0  0  0  0 
 0  0  0  0  0  0 
 0  0  0  0  0  0 
 0  0  0  0  0  0 
 0  0  0  0  0  0 
 0  0  0  0  0  0 
 0  0  0  0  0  0 
 0  0  0  0  0  0 
 0  0  0  0  0  0 
 0  0  0  0  0  0 
 0  0  0  0  0  0 
 0  0  0  0  0  0 
 0  0  0  0  0  0 
 0  0  0  0  0  0 
 0  0  0  0  0  0 
 0  0  0  0  0  0 
 0  0  0  0  0  0 
 0  0  0  0  0  0 
 0  0  0  0  0  0 
 0  0  0  0  0  0 
 0  0  0  0  0  0 
 6.05189e-08  2.41299e-07  8.85575e-07  3.00028e-06  9.38354e-06  2.7092e-05 
 7.22079e-05  0.000177665  0.000403546  0.000846174  0.00163797  0.0029271 
 0.00482907  0.00735526  0.0103437  0.0134327  0.0161145  0.0178719 
 0.0183573  0.0175362  0.0157283  0.0135227  0.0116036  0.0105515 
 0.0106856  0.0119818  0.0140804  0.0163782  0.0181927  0.0189576 
 0.018388  0.0165528  0.0138219  0.0107174  0.00773654  0.0052222 
 0.0033191  0.00200748  0.00117579  0.000693056  0.000457955  0.000423252 
 0.000603745  0.00107431  0.00195616  0.00338336  0.0054433  0.00810198 
 0.0111427  0.0141612  0.0166481  0.0181511  0.0184621  0.0177492 
 0.0165672  0.015727  0.0160603  0.0181474  0.0220859  0.0273788 
 0.0329986  0.0376467  0.04015  0.0398604  0.0368927  0.0320922 
 0.0267431  0.0221415  0.0192008  0.018221  0.0188704  0.0203573 
 0.0217182  0.0221305  0.0211484  0.0187917  0.0154681  0.0117776 
 0.00829326  0.00540547  0.00327245  0.00186423  0.00105509  0.000718182 
 0.000797459  0.00134905  0.00255133  0.00467643  0.00800954  0.0127139 
 0.0186691  0.0253507  0.031839  0.0370084  0.0398663  0.0399152 
 0.0373712  0.0331225  0.0284327  0.0245084  0.0221107  0.0213535 
 0.0217473  0.0224522  0.0226296  0.0217591  0.0198093  0.017216 
 0.0146993  0.0130029  0.0126483  0.0137726  0.0160804  0.0189181 
 0.0214545  0.0229242  0.0228607  0.021231  0.0184191  0.015068 
 0.0118553  0.00929671  0.00764676  0.00690944  0.00692915  0.00751063 
 0.00852117  0.00993884  0.011827  0.0142395  0.0170952  0.0200878 
 0.0226967  0.0243204  0.0244852  0.0230331  0.0201961  0.0165274 
 0.0127316  0.00948641  0.00733046  0.00663745  0.00763971  0.0104379 
 0.014956  0.0208533  0.0274589  0.033811  0.0388479  0.0417144 
 0.0420659  0.0402231  0.0370816  0.0337961  0.0313645  0.030295 
 0.030489  0.031376  0.032213  0.0323988  0.0316625  0.0300664 
 0.0278621  0.025309  0.0225581  0.0196494  0.0165899  0.0134406 
 0.0103503  0.00752093  0.00513704  0.00330497  0.00203231  0.00124836 
 0.000847425  0.000733726  0.000855284  0.00122228  0.00190695  0.00302127 
 0.00466839  0.00687368  0.00951783  0.0123061  0.0148045  0.0165469 
 0.0171773  0.0165689  0.0148635  0.0124169  0.00967809  0.00706034 
 0.00485164  0.00318672  0.00206924  0.00141824  0.00111456  0.00103471 
 0.00107106  0.00114248  0.00119915  0.00122247  0.00121946  0.00121224 
 0.00122523  0.00127366  0.0013567  0.00145721  0.00154805  0.00160462 
 0.00162219  0.00163549  0.0017369  0.00208771  0.00291427  0.00447788 
 0.00700911  0.0106102  0.0151522  0.0202176  0.0251369  0.0291382 
 0.031565  0.0320768  0.0307456  0.0280157  0.0245574  0.021088 
 0.0182208  0.0163673  0.0156881  0.0160796  0.0171993  0.0185359 
 0.019527  0.0197017  0.0188078  0.0168787  0.0142132  0.0112817 
 0.00859868  0.00661074  0.00563037  0.00581238  0.00715253  0.00949133 
 0.0125275  0.0158599  0.0190657  0.0217943  0.023832  0.0251032 
 0.0256151  0.0253956  0.0244794  0.0229537  0.0210229  0.0190237 
 0.0173553  0.0163454  0.0161254  0.0165819  0.0174139  0.0182593 
 0.0188273  0.0189731  0.018697  0.0180907  0.0172823  0.0164128 
 0.0156468 
