#          \hbar \omega(eV)    Oscillator strength
       0.000000000000000E+00  -.000000000000000E+00
       0.100000000000000E-01  0.327152157169044E-06
       0.200000000000000E-01  0.130862134400829E-05
       0.300000000000000E-01  0.294444570764379E-05
       0.400000000000000E-01  0.523468883038482E-05
       0.500000000000000E-01  0.817943973537333E-05
       0.600000000000000E-01  0.117788128944944E-04
       0.700000000000000E-01  0.160329482385489E-04
       0.800000000000000E-01  0.209420111696902E-04
       0.900000000000000E-01  0.265061925761262E-04
       0.100000000000000E+00  0.327257088490907E-04
       0.110000000000000E+00  0.396008019020839E-04
       0.120000000000000E+00  0.471317391923881E-04
       0.130000000000000E+00  0.553188137448602E-04
       0.140000000000000E+00  0.641623441780053E-04
       0.150000000000000E+00  0.736626747323356E-04
       0.160000000000000E+00  0.838201753010177E-04
       0.170000000000000E+00  0.946352414628168E-04
       0.180000000000000E+00  0.106108294517338E-03
       0.190000000000000E+00  0.118239781522575E-03
       0.200000000000000E+00  0.131030175334768E-03
       0.210000000000000E+00  0.144479974650581E-03
       0.220000000000000E+00  0.158589704051601E-03
       0.230000000000000E+00  0.173359914051172E-03
       0.240000000000000E+00  0.188791181143564E-03
       0.250000000000000E+00  0.204884107855491E-03
       0.260000000000000E+00  0.221639322799980E-03
       0.270000000000000E+00  0.239057480732611E-03
       0.280000000000000E+00  0.257139262610117E-03
       0.290000000000000E+00  0.275885375651381E-03
       0.300000000000000E+00  0.295296553400809E-03
       0.310000000000000E+00  0.315373555794112E-03
       0.320000000000000E+00  0.336117169226504E-03
       0.330000000000000E+00  0.357528206623310E-03
       0.340000000000000E+00  0.379607507513021E-03
       0.350000000000000E+00  0.402355938102788E-03
       0.360000000000000E+00  0.425774391356376E-03
       0.370000000000000E+00  0.449863787074579E-03
       0.380000000000000E+00  0.474625071978143E-03
       0.390000000000000E+00  0.500059219793151E-03
       0.400000000000000E+00  0.526167231338946E-03
       0.410000000000000E+00  0.552950134618565E-03
       0.420000000000000E+00  0.580408984911720E-03
       0.430000000000000E+00  0.608544864870317E-03
       0.440000000000000E+00  0.637358884616566E-03
       0.450000000000000E+00  0.666852181843664E-03
       0.460000000000000E+00  0.697025921919073E-03
       0.470000000000000E+00  0.727881297990430E-03
       0.480000000000000E+00  0.759419531094089E-03
       0.490000000000000E+00  0.791641870266306E-03
       0.500000000000000E+00  0.824549592657105E-03
       0.510000000000000E+00  0.858144003646834E-03
       0.520000000000000E+00  0.892426436965423E-03
       0.530000000000000E+00  0.927398254814373E-03
       0.540000000000000E+00  0.963060847991493E-03
       0.550000000000000E+00  0.999415636018415E-03
       0.560000000000000E+00  0.103646406727087E-02
       0.570000000000000E+00  0.107420761911181E-02
       0.580000000000000E+00  0.111264779802734E-02
       0.590000000000000E+00  0.115178613976551E-02
       0.600000000000000E+00  0.119162420947801E-02
       0.610000000000000E+00  0.123216360186467E-02
       0.620000000000000E+00  0.127340594132107E-02
       0.630000000000000E+00  0.131535288208889E-02
       0.640000000000000E+00  0.135800610840936E-02
       0.650000000000000E+00  0.140136733467971E-02
       0.660000000000000E+00  0.144543830561259E-02
       0.670000000000000E+00  0.149022079639856E-02
       0.680000000000000E+00  0.153571661287173E-02
       0.690000000000000E+00  0.158192759167837E-02
       0.700000000000000E+00  0.162885560044877E-02
       0.710000000000000E+00  0.167650253797226E-02
       0.720000000000000E+00  0.172487033437533E-02
       0.730000000000000E+00  0.177396095130309E-02
       0.740000000000000E+00  0.182377638210391E-02
       0.750000000000000E+00  0.187431865201738E-02
       0.760000000000000E+00  0.192558981836555E-02
       0.770000000000000E+00  0.197759197074758E-02
       0.780000000000000E+00  0.203032723123773E-02
       0.790000000000000E+00  0.208379775458678E-02
       0.800000000000000E+00  0.213800572842689E-02
       0.810000000000000E+00  0.219295337347997E-02
       0.820000000000001E+00  0.224864294376957E-02
       0.830000000000001E+00  0.230507672683629E-02
       0.840000000000001E+00  0.236225704395687E-02
       0.850000000000001E+00  0.242018625036677E-02
       0.860000000000001E+00  0.247886673548663E-02
       0.870000000000001E+00  0.253830092315225E-02
       0.880000000000001E+00  0.259849127184841E-02
       0.890000000000001E+00  0.265944027494647E-02
       0.900000000000001E+00  0.272115046094587E-02
       0.910000000000001E+00  0.278362439371933E-02
       0.920000000000001E+00  0.284686467276217E-02
       0.930000000000001E+00  0.291087393344549E-02
       0.940000000000001E+00  0.297565484727335E-02
       0.950000000000001E+00  0.304121012214408E-02
       0.960000000000001E+00  0.310754250261555E-02
       0.970000000000001E+00  0.317465477017477E-02
       0.980000000000001E+00  0.324254974351157E-02
       0.990000000000001E+00  0.331123027879651E-02
       0.100000000000000E+01  0.338069926996314E-02
       0.101000000000000E+01  0.345095964899461E-02
       0.102000000000000E+01  0.352201438621461E-02
       0.103000000000000E+01  0.359386649058284E-02
       0.104000000000000E+01  0.366651900999491E-02
       0.105000000000000E+01  0.373997503158685E-02
       0.106000000000000E+01  0.381423768204420E-02
       0.107000000000000E+01  0.388931012791577E-02
       0.108000000000000E+01  0.396519557593217E-02
       0.109000000000000E+01  0.404189727332903E-02
       0.110000000000000E+01  0.411941850817519E-02
       0.111000000000000E+01  0.419776260970566E-02
       0.112000000000000E+01  0.427693294865963E-02
       0.113000000000000E+01  0.435693293762353E-02
       0.114000000000000E+01  0.443776603137906E-02
       0.115000000000000E+01  0.451943572725655E-02
       0.116000000000000E+01  0.460194556549333E-02
       0.117000000000000E+01  0.468529912959762E-02
       0.118000000000000E+01  0.476950004671758E-02
       0.119000000000000E+01  0.485455198801594E-02
       0.120000000000000E+01  0.494045866905000E-02
       0.121000000000000E+01  0.502722385015727E-02
       0.122000000000000E+01  0.511485133684677E-02
       0.123000000000000E+01  0.520334498019601E-02
       0.124000000000000E+01  0.529270867725376E-02
       0.125000000000000E+01  0.538294637144870E-02
       0.126000000000000E+01  0.547406205300402E-02
       0.127000000000000E+01  0.556605975935811E-02
       0.128000000000000E+01  0.565894357559121E-02
       0.129000000000000E+01  0.575271763485842E-02
       0.130000000000000E+01  0.584738611882888E-02
       0.131000000000000E+01  0.594295325813135E-02
       0.132000000000000E+01  0.603942333280626E-02
       0.133000000000000E+01  0.613680067276425E-02
       0.134000000000000E+01  0.623508965825137E-02
       0.135000000000000E+01  0.633429472032101E-02
       0.136000000000000E+01  0.643442034131263E-02
       0.137000000000000E+01  0.653547105533744E-02
       0.138000000000000E+01  0.663745144877096E-02
       0.139000000000000E+01  0.674036616075284E-02
       0.140000000000000E+01  0.684421988369389E-02
       0.141000000000000E+01  0.694901736379023E-02
       0.142000000000000E+01  0.705476340154503E-02
       0.143000000000000E+01  0.716146285229771E-02
       0.144000000000000E+01  0.726912062676080E-02
       0.145000000000000E+01  0.737774169156441E-02
       0.146000000000000E+01  0.748733106980883E-02
       0.147000000000000E+01  0.759789384162469E-02
       0.148000000000000E+01  0.770943514474151E-02
       0.149000000000000E+01  0.782196017506441E-02
       0.150000000000000E+01  0.793547418725887E-02
       0.151000000000000E+01  0.804998249534437E-02
       0.152000000000000E+01  0.816549047329614E-02
       0.153000000000000E+01  0.828200355565593E-02
       0.154000000000000E+01  0.839952723815137E-02
       0.155000000000000E+01  0.851806707832441E-02
       0.156000000000000E+01  0.863762869616880E-02
       0.157000000000000E+01  0.875821777477677E-02
       0.158000000000000E+01  0.887984006099505E-02
       0.159000000000000E+01  0.900250136609049E-02
       0.160000000000000E+01  0.912620756642510E-02
       0.161000000000000E+01  0.925096460414104E-02
       0.162000000000000E+01  0.937677848785558E-02
       0.163000000000000E+01  0.950365529336604E-02
       0.164000000000000E+01  0.963160116436483E-02
       0.165000000000000E+01  0.976062231316524E-02
       0.166000000000000E+01  0.989072502143748E-02
       0.167000000000000E+01  0.100219156409555E-01
       0.168000000000000E+01  0.101542005943548E-01
       0.169000000000000E+01  0.102875863759012E-01
       0.170000000000000E+01  0.104220795522706E-01
       0.171000000000000E+01  0.105576867633407E-01
       0.172000000000000E+01  0.106944147229937E-01
       0.173000000000000E+01  0.108322702199313E-01
       0.174000000000000E+01  0.109712601185008E-01
       0.175000000000000E+01  0.111113913595345E-01
       0.176000000000000E+01  0.112526709612002E-01
       0.177000000000000E+01  0.113951060198653E-01
       0.178000000000000E+01  0.115387037109726E-01
       0.179000000000000E+01  0.116834712899298E-01
       0.180000000000000E+01  0.118294160930119E-01
       0.181000000000000E+01  0.119765455382764E-01
       0.182000000000000E+01  0.121248671264930E-01
       0.183000000000000E+01  0.122743884420860E-01
       0.184000000000000E+01  0.124251171540919E-01
       0.185000000000000E+01  0.125770610171297E-01
       0.186000000000000E+01  0.127302278723871E-01
       0.187000000000000E+01  0.128846256486202E-01
       0.188000000000000E+01  0.130402623631693E-01
       0.189000000000000E+01  0.131971461229884E-01
       0.190000000000000E+01  0.133552851256912E-01
       0.191000000000000E+01  0.135146876606128E-01
       0.192000000000000E+01  0.136753621098862E-01
       0.193000000000000E+01  0.138373169495362E-01
       0.194000000000000E+01  0.140005607505892E-01
       0.195000000000000E+01  0.141651021801995E-01
       0.196000000000000E+01  0.143309500027930E-01
       0.197000000000000E+01  0.144981130812281E-01
       0.198000000000000E+01  0.146666003779741E-01
       0.199000000000000E+01  0.148364209563069E-01
       0.200000000000000E+01  0.150075839815241E-01
       0.201000000000000E+01  0.151800987221774E-01
       0.202000000000000E+01  0.153539745513244E-01
       0.203000000000000E+01  0.155292209477991E-01
       0.204000000000000E+01  0.157058474975023E-01
       0.205000000000000E+01  0.158838638947113E-01
       0.206000000000000E+01  0.160632799434096E-01
       0.207000000000000E+01  0.162441055586380E-01
       0.208000000000000E+01  0.164263507678646E-01
       0.209000000000000E+01  0.166100257123782E-01
       0.210000000000000E+01  0.167951406487015E-01
       0.211000000000000E+01  0.169817059500267E-01
       0.212000000000000E+01  0.171697321076734E-01
       0.213000000000000E+01  0.173592297325694E-01
       0.214000000000000E+01  0.175502095567538E-01
       0.215000000000000E+01  0.177426824349043E-01
       0.216000000000000E+01  0.179366593458876E-01
       0.217000000000000E+01  0.181321513943349E-01
       0.218000000000000E+01  0.183291698122414E-01
       0.219000000000000E+01  0.185277259605908E-01
       0.220000000000000E+01  0.187278313310064E-01
       0.221000000000000E+01  0.189294975474267E-01
       0.222000000000000E+01  0.191327363678090E-01
       0.223000000000000E+01  0.193375596858586E-01
       0.224000000000000E+01  0.195439795327864E-01
       0.225000000000000E+01  0.197520080790939E-01
       0.226000000000000E+01  0.199616576363866E-01
       0.227000000000000E+01  0.201729406592170E-01
       0.228000000000000E+01  0.203858697469559E-01
       0.229000000000000E+01  0.206004576456945E-01
       0.229999999999999E+01  0.208167172501771E-01
       0.230999999999999E+01  0.210346616057640E-01
       0.231999999999999E+01  0.212543039104274E-01
       0.232999999999999E+01  0.214756575167778E-01
       0.233999999999999E+01  0.216987359341250E-01
       0.234999999999999E+01  0.219235528305711E-01
       0.235999999999999E+01  0.221501220351382E-01
       0.236999999999999E+01  0.223784575399307E-01
       0.237999999999999E+01  0.226085735023327E-01
       0.238999999999999E+01  0.228404842472413E-01
       0.239999999999999E+01  0.230742042693369E-01
       0.240999999999999E+01  0.233097482353903E-01
       0.241999999999999E+01  0.235471309866082E-01
       0.242999999999999E+01  0.237863675410167E-01
       0.243999999999999E+01  0.240274730958855E-01
       0.244999999999999E+01  0.242704630301906E-01
       0.245999999999999E+01  0.245153529071195E-01
       0.246999999999999E+01  0.247621584766168E-01
       0.247999999999999E+01  0.250108956779733E-01
       0.248999999999999E+01  0.252615806424576E-01
       0.249999999999999E+01  0.255142296959922E-01
       0.250999999999999E+01  0.257688593618745E-01
       0.251999999999999E+01  0.260254863635437E-01
       0.252999999999999E+01  0.262841276273940E-01
       0.253999999999999E+01  0.265448002856359E-01
       0.254999999999999E+01  0.268075216792059E-01
       0.255999999999999E+01  0.270723093607248E-01
       0.256999999999999E+01  0.273391810975080E-01
       0.257999999999999E+01  0.276081548746257E-01
       0.258999999999999E+01  0.278792488980161E-01
       0.259999999999999E+01  0.281524815976521E-01
       0.260999999999999E+01  0.284278716307625E-01
       0.261999999999999E+01  0.287054378851078E-01
       0.262999999999999E+01  0.289851994823141E-01
       0.263999999999999E+01  0.292671757812636E-01
       0.264999999999999E+01  0.295513863815440E-01
       0.265999999999999E+01  0.298378511269591E-01
       0.266999999999999E+01  0.301265901090988E-01
       0.267999999999999E+01  0.304176236709731E-01
       0.268999999999999E+01  0.307109724107091E-01
       0.269999999999999E+01  0.310066571853129E-01
       0.270999999999999E+01  0.313046991144982E-01
       0.271999999999999E+01  0.316051195845822E-01
       0.272999999999999E+01  0.319079402524506E-01
       0.273999999999999E+01  0.322131830495927E-01
       0.274999999999999E+01  0.325208701862089E-01
       0.275999999999999E+01  0.328310241553907E-01
       0.276999999999998E+01  0.331436677373764E-01
       0.277999999999998E+01  0.334588240038819E-01
       0.278999999999998E+01  0.337765163225107E-01
       0.279999999999998E+01  0.340967683612424E-01
       0.280999999999998E+01  0.344196040930021E-01
       0.281999999999998E+01  0.347450478003141E-01
       0.282999999999998E+01  0.350731240800384E-01
       0.283999999999998E+01  0.354038578481941E-01
       0.284999999999998E+01  0.357372743448711E-01
       0.285999999999998E+01  0.360733991392317E-01
       0.286999999999998E+01  0.364122581346032E-01
       0.287999999999998E+01  0.367538775736653E-01
       0.288999999999998E+01  0.370982840437324E-01
       0.289999999999998E+01  0.374455044821340E-01
       0.290999999999998E+01  0.377955661816948E-01
       0.291999999999998E+01  0.381484967963167E-01
       0.292999999999998E+01  0.385043243466648E-01
       0.293999999999998E+01  0.388630772259598E-01
       0.294999999999998E+01  0.392247842058790E-01
       0.295999999999998E+01  0.395894744425681E-01
       0.296999999999998E+01  0.399571774827666E-01
       0.297999999999998E+01  0.403279232700486E-01
       0.298999999999998E+01  0.407017421511823E-01
       0.299999999999998E+01  0.410786648826097E-01
       0.300999999999998E+01  0.414587226370501E-01
       0.301999999999998E+01  0.418419470102306E-01
       0.302999999999998E+01  0.422283700277442E-01
       0.303999999999998E+01  0.426180241520403E-01
       0.304999999999998E+01  0.430109422895498E-01
       0.305999999999998E+01  0.434071577979489E-01
       0.306999999999998E+01  0.438067044935610E-01
       0.307999999999998E+01  0.442096166589055E-01
       0.308999999999998E+01  0.446159290503921E-01
       0.309999999999998E+01  0.450256769061648E-01
       0.310999999999998E+01  0.454388959541015E-01
       0.311999999999998E+01  0.458556224199691E-01
       0.312999999999998E+01  0.462758930357404E-01
       0.313999999999998E+01  0.466997450480751E-01
       0.314999999999998E+01  0.471272162269677E-01
       0.315999999999998E+01  0.475583448745700E-01
       0.316999999999998E+01  0.479931698341865E-01
       0.317999999999998E+01  0.484317304994524E-01
       0.318999999999998E+01  0.488740668236931E-01
       0.319999999999998E+01  0.493202193294733E-01
       0.320999999999998E+01  0.497702291183396E-01
       0.321999999999998E+01  0.502241378807580E-01
       0.322999999999998E+01  0.506819879062547E-01
       0.323999999999997E+01  0.511438220937624E-01
       0.324999999999997E+01  0.516096839621791E-01
       0.325999999999997E+01  0.520796176611408E-01
       0.326999999999997E+01  0.525536679820176E-01
       0.327999999999997E+01  0.530318803691352E-01
       0.328999999999997E+01  0.535143009312284E-01
       0.329999999999997E+01  0.540009764531311E-01
       0.330999999999997E+01  0.544919544077117E-01
       0.331999999999997E+01  0.549872829680542E-01
       0.332999999999997E+01  0.554870110198962E-01
       0.333999999999997E+01  0.559911881743267E-01
       0.334999999999997E+01  0.564998647807520E-01
       0.335999999999997E+01  0.570130919401337E-01
       0.336999999999997E+01  0.575309215185089E-01
       0.337999999999997E+01  0.580534061607955E-01
       0.338999999999997E+01  0.585805993048933E-01
       0.339999999999997E+01  0.591125551960858E-01
       0.340999999999997E+01  0.596493289017497E-01
       0.341999999999997E+01  0.601909763263821E-01
       0.342999999999997E+01  0.607375542269522E-01
       0.343999999999997E+01  0.612891202285826E-01
       0.344999999999997E+01  0.618457328405740E-01
       0.345999999999997E+01  0.624074514727776E-01
       0.346999999999997E+01  0.629743364523247E-01
       0.347999999999997E+01  0.635464490407245E-01
       0.348999999999997E+01  0.641238514513357E-01
       0.349999999999997E+01  0.647066068672256E-01
       0.350999999999997E+01  0.652947794594239E-01
       0.351999999999997E+01  0.658884344055800E-01
       0.352999999999997E+01  0.664876379090396E-01
       0.353999999999997E+01  0.670924572183438E-01
       0.354999999999997E+01  0.677029606471686E-01
       0.355999999999997E+01  0.683192175947100E-01
       0.356999999999997E+01  0.689412985665325E-01
       0.357999999999997E+01  0.695692751958874E-01
       0.358999999999997E+01  0.702032202655165E-01
       0.359999999999997E+01  0.708432077299525E-01
       0.360999999999997E+01  0.714893127383306E-01
       0.361999999999997E+01  0.721416116577221E-01
       0.362999999999997E+01  0.728001820970067E-01
       0.363999999999997E+01  0.734651029312975E-01
       0.364999999999997E+01  0.741364543269285E-01
       0.365999999999997E+01  0.748143177670290E-01
       0.366999999999997E+01  0.754987760776907E-01
       0.367999999999997E+01  0.761899134547503E-01
       0.368999999999997E+01  0.768878154912013E-01
       0.369999999999997E+01  0.775925692052523E-01
       0.370999999999996E+01  0.783042630690501E-01
       0.371999999999996E+01  0.790229870380852E-01
       0.372999999999996E+01  0.797488325812970E-01
       0.373999999999996E+01  0.804818927119038E-01
       0.374999999999996E+01  0.812222620189656E-01
       0.375999999999996E+01  0.819700366997174E-01
       0.376999999999996E+01  0.827253145926747E-01
       0.377999999999996E+01  0.834881952115494E-01
       0.378999999999996E+01  0.842587797799890E-01
       0.379999999999996E+01  0.850371712671660E-01
       0.380999999999996E+01  0.858234744242401E-01
       0.381999999999996E+01  0.866177958217185E-01
       0.382999999999996E+01  0.874202438877408E-01
       0.383999999999996E+01  0.882309289473111E-01
       0.384999999999996E+01  0.890499632625096E-01
       0.385999999999996E+01  0.898774610737089E-01
       0.386999999999996E+01  0.907135386418227E-01
       0.387999999999996E+01  0.915583142916189E-01
       0.388999999999996E+01  0.924119084561288E-01
       0.389999999999996E+01  0.932744437221822E-01
       0.390999999999996E+01  0.941460448770998E-01
       0.391999999999996E+01  0.950268389565838E-01
       0.392999999999996E+01  0.959169552938330E-01
       0.393999999999996E+01  0.968165255699263E-01
       0.394999999999996E+01  0.977256838655060E-01
       0.395999999999996E+01  0.986445667138073E-01
       0.396999999999996E+01  0.995733131550624E-01
       0.397999999999996E+01  0.100512064792336E+00
       0.398999999999996E+01  0.101460965848823E+00
       0.399999999999996E+01  0.102420163226655E+00
       0.400999999999996E+01  0.103389806567266E+00
       0.401999999999996E+01  0.104370048313368E+00
       0.402999999999996E+01  0.105361043772565E+00
       0.403999999999996E+01  0.106362951182689E+00
       0.404999999999996E+01  0.107375931778878E+00
       0.405999999999996E+01  0.108400149862478E+00
       0.406999999999996E+01  0.109435772871804E+00
       0.407999999999996E+01  0.110482971454833E+00
       0.408999999999996E+01  0.111541919543877E+00
       0.409999999999996E+01  0.112612794432319E+00
       0.410999999999996E+01  0.113695776853449E+00
       0.411999999999996E+01  0.114791051061492E+00
       0.412999999999996E+01  0.115898804914881E+00
       0.413999999999996E+01  0.117019229961865E+00
       0.414999999999996E+01  0.118152521528500E+00
       0.415999999999996E+01  0.119298878809128E+00
       0.416999999999996E+01  0.120458504959415E+00
       0.417999999999996E+01  0.121631607192019E+00
       0.418999999999996E+01  0.122818396874997E+00
       0.419999999999995E+01  0.124019089633016E+00
       0.420999999999995E+01  0.125233905451493E+00
       0.421999999999995E+01  0.126463068783718E+00
       0.422999999999995E+01  0.127706808661110E+00
       0.423999999999995E+01  0.128965358806661E+00
       0.424999999999995E+01  0.130238957751719E+00
       0.425999999999995E+01  0.131527848956190E+00
       0.426999999999995E+01  0.132832280932293E+00
       0.427999999999995E+01  0.134152507371990E+00
       0.428999999999995E+01  0.135488787278202E+00
       0.429999999999995E+01  0.136841385099957E+00
       0.430999999999995E+01  0.138210570871601E+00
       0.431999999999995E+01  0.139596620356212E+00
       0.432999999999995E+01  0.140999815193361E+00
       0.433999999999995E+01  0.142420443051381E+00
       0.434999999999995E+01  0.143858797784292E+00
       0.435999999999995E+01  0.145315179593565E+00
       0.436999999999995E+01  0.146789895194867E+00
       0.437999999999995E+01  0.148283257990000E+00
       0.438999999999995E+01  0.149795588244198E+00
       0.439999999999995E+01  0.151327213268978E+00
       0.440999999999995E+01  0.152878467610758E+00
       0.441999999999995E+01  0.154449693245440E+00
       0.442999999999995E+01  0.156041239779183E+00
       0.443999999999995E+01  0.157653464655587E+00
       0.444999999999995E+01  0.159286733369548E+00
       0.445999999999995E+01  0.160941419687992E+00
       0.446999999999995E+01  0.162617905877787E+00
       0.447999999999995E+01  0.164316582941074E+00
       0.448999999999995E+01  0.166037850858318E+00
       0.449999999999995E+01  0.167782118839347E+00
       0.450999999999995E+01  0.169549805582718E+00
       0.451999999999995E+01  0.171341339543694E+00
       0.452999999999995E+01  0.173157159211194E+00
       0.453999999999995E+01  0.174997713394039E+00
       0.454999999999995E+01  0.176863461516885E+00
       0.455999999999995E+01  0.178754873926191E+00
       0.456999999999995E+01  0.180672432206642E+00
       0.457999999999995E+01  0.182616629508428E+00
       0.458999999999995E+01  0.184587970885826E+00
       0.459999999999995E+01  0.186586973647515E+00
       0.460999999999995E+01  0.188614167719122E+00
       0.461999999999995E+01  0.190670096018474E+00
       0.462999999999995E+01  0.192755314844087E+00
       0.463999999999995E+01  0.194870394277434E+00
       0.464999999999995E+01  0.197015918599545E+00
       0.465999999999995E+01  0.199192486722558E+00
       0.466999999999994E+01  0.201400712636816E+00
       0.467999999999994E+01  0.203641225874183E+00
       0.468999999999994E+01  0.205914671988262E+00
       0.469999999999994E+01  0.208221713052206E+00
       0.470999999999994E+01  0.210563028174913E+00
       0.471999999999994E+01  0.212939314036357E+00
       0.472999999999994E+01  0.215351285442903E+00
       0.473999999999994E+01  0.217799675903461E+00
       0.474999999999994E+01  0.220285238227392E+00
       0.475999999999994E+01  0.222808745145127E+00
       0.476999999999994E+01  0.225370989952488E+00
       0.477999999999994E+01  0.227972787179770E+00
       0.478999999999994E+01  0.230614973286688E+00
       0.479999999999994E+01  0.233298407384356E+00
       0.480999999999994E+01  0.236023971985487E+00
       0.481999999999994E+01  0.238792573784136E+00
       0.482999999999994E+01  0.241605144466290E+00
       0.483999999999994E+01  0.244462641552735E+00
       0.484999999999994E+01  0.247366049275674E+00
       0.485999999999994E+01  0.250316379490651E+00
       0.486999999999994E+01  0.253314672625405E+00
       0.487999999999994E+01  0.256361998667358E+00
       0.488999999999994E+01  0.259459458191559E+00
       0.489999999999994E+01  0.262608183430891E+00
       0.490999999999994E+01  0.265809339390578E+00
       0.491999999999994E+01  0.269064125008979E+00
       0.492999999999994E+01  0.272373774366837E+00
       0.493999999999994E+01  0.275739557947185E+00
       0.494999999999994E+01  0.279162783948251E+00
       0.495999999999994E+01  0.282644799651717E+00
       0.496999999999994E+01  0.286186992848857E+00
       0.497999999999994E+01  0.289790793327091E+00
       0.498999999999994E+01  0.293457674419599E+00
       0.499999999999994E+01  0.297189154620729E+00
       0.500999999999994E+01  0.300986799269963E+00
       0.501999999999994E+01  0.304852222307347E+00
       0.502999999999994E+01  0.308787088103332E+00
       0.503999999999994E+01  0.312793113366094E+00
       0.504999999999994E+01  0.316872069129608E+00
       0.505999999999994E+01  0.321025782825917E+00
       0.506999999999994E+01  0.325256140445431E+00
       0.507999999999994E+01  0.329565088789575E+00
       0.508999999999994E+01  0.333954637820832E+00
       0.509999999999994E+01  0.338426863116317E+00
       0.510999999999994E+01  0.342983908432408E+00
       0.511999999999994E+01  0.347627988389937E+00
       0.512999999999994E+01  0.352361391291883E+00
       0.513999999999993E+01  0.357186482088543E+00
       0.514999999999993E+01  0.362105705508598E+00
       0.515999999999993E+01  0.367121589378121E+00
       0.516999999999993E+01  0.372236748152989E+00
       0.517999999999993E+01  0.377453886692537E+00
       0.518999999999993E+01  0.382775804302947E+00
       0.519999999999993E+01  0.388205399076735E+00
       0.520999999999993E+01  0.393745672549047E+00
       0.521999999999993E+01  0.399399734682119E+00
       0.522999999999993E+01  0.405170809176587E+00
       0.523999999999993E+01  0.411062239094255E+00
       0.524999999999993E+01  0.417077492764075E+00
       0.525999999999993E+01  0.423220169934533E+00
       0.526999999999993E+01  0.429494008135164E+00
       0.527999999999993E+01  0.435902889218333E+00
       0.528999999999993E+01  0.442450846070361E+00
       0.529999999999993E+01  0.449142069505151E+00
       0.530999999999993E+01  0.455980915379584E+00
       0.531999999999993E+01  0.462971911993108E+00
       0.532999999999993E+01  0.470119767849899E+00
       0.533999999999993E+01  0.477429379869055E+00
       0.534999999999993E+01  0.484905842126390E+00
       0.535999999999993E+01  0.492554455203373E+00
       0.536999999999993E+01  0.500380736206954E+00
       0.537999999999993E+01  0.508390429512591E+00
       0.538999999999993E+01  0.516589518273312E+00
       0.539999999999993E+01  0.524984236732036E+00
       0.540999999999993E+01  0.533581083372604E+00
       0.541999999999993E+01  0.542386834946868E+00
       0.542999999999993E+01  0.551408561419969E+00
       0.543999999999993E+01  0.560653641882411E+00
       0.544999999999993E+01  0.570129781485550E+00
       0.545999999999993E+01  0.579845029465430E+00
       0.546999999999993E+01  0.589807798328643E+00
       0.547999999999993E+01  0.600026884282689E+00
       0.548999999999993E+01  0.610511489002157E+00
       0.549999999999993E+01  0.621271242830946E+00
       0.550999999999993E+01  0.632316229529944E+00
       0.551999999999993E+01  0.643657012688980E+00
       0.552999999999993E+01  0.655304663931783E+00
       0.553999999999993E+01  0.667270793053107E+00
       0.554999999999993E+01  0.679567580238167E+00
       0.555999999999993E+01  0.692207810526375E+00
       0.556999999999993E+01  0.705204910693752E+00
       0.557999999999993E+01  0.718572988741755E+00
       0.558999999999993E+01  0.732326876194052E+00
       0.559999999999993E+01  0.746482173417793E+00
       0.560999999999992E+01  0.761055298201014E+00
       0.561999999999992E+01  0.776063537833810E+00
       0.562999999999992E+01  0.791525104957180E+00
       0.563999999999992E+01  0.807459197459518E+00
       0.564999999999992E+01  0.823886062717146E+00
       0.565999999999992E+01  0.840827066490146E+00
       0.566999999999992E+01  0.858304766799349E+00
       0.567999999999992E+01  0.876342993121728E+00
       0.568999999999992E+01  0.894966931250788E+00
       0.569999999999992E+01  0.914203214172299E+00
       0.570999999999992E+01  0.934080019304018E+00
       0.571999999999992E+01  0.954627172437266E+00
       0.572999999999992E+01  0.975876258695902E+00
       0.573999999999992E+01  0.997860740791153E+00
       0.574999999999992E+01  0.102061608479344E+01
       0.575999999999992E+01  0.104417989355998E+01
       0.576999999999992E+01  0.106859204784145E+01
       0.577999999999992E+01  0.109389485493446E+01
       0.578999999999992E+01  0.112013320453651E+01
       0.579999999999992E+01  0.114735473118330E+01
       0.580999999999992E+01  0.117560998228786E+01
       0.581999999999992E+01  0.120495259033342E+01
       0.582999999999992E+01  0.123543944717361E+01
       0.583999999999992E+01  0.126713087763041E+01
       0.584999999999992E+01  0.130009080861556E+01
       0.585999999999992E+01  0.133438692878965E+01
       0.586999999999992E+01  0.137009083226553E+01
       0.587999999999992E+01  0.140727813800368E+01
       0.588999999999992E+01  0.144602857428203E+01
       0.589999999999992E+01  0.148642601489642E+01
       0.590999999999992E+01  0.152855845052247E+01
       0.591999999999992E+01  0.157251787491778E+01
       0.592999999999992E+01  0.161840006138418E+01
       0.593999999999992E+01  0.166630420020656E+01
       0.594999999999992E+01  0.171633236279451E+01
       0.595999999999992E+01  0.176858875325546E+01
       0.596999999999992E+01  0.182317870358836E+01
       0.597999999999992E+01  0.188020736533340E+01
       0.598999999999992E+01  0.193977804942042E+01
       0.599999999999992E+01  0.200199016864452E+01
       0.600999999999992E+01  0.206693674570362E+01
       0.601999999999992E+01  0.213470146665113E+01
       0.602999999999992E+01  0.220535528803024E+01
       0.603999999999992E+01  0.227895264919179E+01
       0.604999999999992E+01  0.235552740242783E+01
       0.605999999999992E+01  0.243508865451443E+01
       0.606999999999992E+01  0.251761681352937E+01
       0.607999999999991E+01  0.260306024965007E+01
       0.608999999999991E+01  0.269133309707352E+01
       0.609999999999991E+01  0.278231482727257E+01
       0.610999999999991E+01  0.287585228393299E+01
       0.611999999999991E+01  0.297176485258562E+01
       0.612999999999991E+01  0.306985330701229E+01
       0.613999999999991E+01  0.316991260176780E+01
       0.614999999999991E+01  0.327174845848064E+01
       0.615999999999991E+01  0.337519705039820E+01
       0.616999999999991E+01  0.348014649527659E+01
       0.617999999999991E+01  0.358655833109215E+01
       0.618999999999991E+01  0.369448680194272E+01
       0.619999999999991E+01  0.380409373786445E+01
       0.620999999999991E+01  0.391565713195575E+01
       0.621999999999991E+01  0.402957217569229E+01
       0.622999999999991E+01  0.414634439298846E+01
       0.623999999999991E+01  0.426657543654021E+01
       0.624999999999991E+01  0.439094288523680E+01
       0.625999999999991E+01  0.452017586171098E+01
       0.626999999999991E+01  0.465502841003976E+01
       0.627999999999991E+01  0.479625236285178E+01
       0.628999999999991E+01  0.494457098404523E+01
       0.629999999999991E+01  0.510065413201872E+01
       0.630999999999991E+01  0.526509517955973E+01
       0.631999999999991E+01  0.543838955146930E+01
       0.632999999999991E+01  0.562091456050876E+01
       0.633999999999991E+01  0.581291025927943E+01
       0.634999999999991E+01  0.601446127395449E+01
       0.635999999999991E+01  0.622548001863761E+01
       0.636999999999991E+01  0.644569226337188E+01
       0.637999999999991E+01  0.667462668323785E+01
       0.638999999999991E+01  0.691161066504026E+01
       0.639999999999991E+01  0.715577517551888E+01
       0.640999999999991E+01  0.740607175256110E+01
       0.641999999999991E+01  0.766130449969291E+01
       0.642999999999991E+01  0.792017918427377E+01
       0.643999999999991E+01  0.818137006012633E+01
       0.644999999999991E+01  0.844360287589981E+01
       0.645999999999991E+01  0.870574988973124E+01
       0.646999999999991E+01  0.896692998812199E+01
       0.647999999999991E+01  0.922660476154593E+01
       0.648999999999991E+01  0.948466022170909E+01
       0.649999999999991E+01  0.974146422050679E+01
       0.650999999999991E+01  0.999789169860276E+01
       0.651999999999991E+01  0.102553133819639E+02
       0.652999999999991E+01  0.105155477965849E+02
       0.653999999999991E+01  0.107807806052560E+02
       0.654999999999990E+01  0.110534584438912E+02
       0.655999999999990E+01  0.113361660875011E+02
       0.656999999999990E+01  0.116314957628052E+02
       0.657999999999990E+01  0.119419160079967E+02
       0.658999999999990E+01  0.122696451991858E+02
       0.659999999999990E+01  0.126165323507688E+02
       0.660999999999990E+01  0.129839456189210E+02
       0.661999999999990E+01  0.133726674944198E+02
       0.662999999999990E+01  0.137827951742979E+02
       0.663999999999990E+01  0.142136450996864E+02
       0.664999999999990E+01  0.146636620709294E+02
       0.665999999999990E+01  0.151303355528967E+02
       0.666999999999990E+01  0.156101285499792E+02
       0.667999999999990E+01  0.160984274684287E+02
       0.668999999999990E+01  0.165895242879507E+02
       0.669999999999990E+01  0.170766445847380E+02
       0.670999999999990E+01  0.175520357872590E+02
       0.671999999999990E+01  0.180071287201543E+02
       0.672999999999990E+01  0.184327812820445E+02
       0.673999999999990E+01  0.188196056062006E+02
       0.674999999999990E+01  0.191583694857321E+02
       0.675999999999990E+01  0.194404503071685E+02
       0.676999999999990E+01  0.196583072840952E+02
       0.677999999999990E+01  0.198059281727809E+02
       0.678999999999990E+01  0.198792027135669E+02
       0.679999999999990E+01  0.198761787970401E+02
       0.680999999999990E+01  0.197971691869676E+02
       0.681999999999990E+01  0.196446948783126E+02
       0.682999999999990E+01  0.194232723823677E+02
       0.683999999999990E+01  0.191390721079455E+02
       0.684999999999990E+01  0.187994896360228E+02
       0.685999999999990E+01  0.184126786340899E+02
       0.686999999999990E+01  0.179870929952064E+02
       0.687999999999990E+01  0.175310779103006E+02
       0.688999999999990E+01  0.170525375170987E+02
       0.689999999999990E+01  0.165586933094551E+02
       0.690999999999990E+01  0.160559349946367E+02
       0.691999999999990E+01  0.155497555064362E+02
       0.692999999999990E+01  0.150447551319722E+02
       0.693999999999990E+01  0.145446962394430E+02
       0.694999999999990E+01  0.140525895301976E+02
       0.695999999999990E+01  0.135707944864071E+02
       0.696999999999990E+01  0.131011200521084E+02
       0.697999999999990E+01  0.126449158460738E+02
       0.698999999999990E+01  0.122031486546608E+02
       0.699999999999990E+01  0.117764629670509E+02
       0.700999999999989E+01  0.113652274207894E+02
       0.701999999999989E+01  0.109695709566371E+02
       0.702999999999989E+01  0.105894131977631E+02
       0.703999999999989E+01  0.102244932237128E+02
       0.704999999999989E+01  0.987439979053683E+01
       0.705999999999989E+01  0.953860450056296E+01
       0.706999999999989E+01  0.921649779348387E+01
       0.707999999999989E+01  0.890742621824714E+01
       0.708999999999989E+01  0.861072848767659E+01
       0.709999999999989E+01  0.832576745890426E+01
       0.710999999999989E+01  0.805195545540759E+01
       0.711999999999989E+01  0.778877116203700E+01
       0.712999999999989E+01  0.753576748479901E+01
       0.713999999999989E+01  0.729257100653478E+01
       0.714999999999989E+01  0.705887471905104E+01
       0.715999999999989E+01  0.683442636728980E+01
       0.716999999999989E+01  0.661901490905900E+01
       0.717999999999989E+01  0.641245730521191E+01
       0.718999999999989E+01  0.621458723926864E+01
       0.719999999999989E+01  0.602524660296988E+01
       0.720999999999989E+01  0.584427985505005E+01
       0.721999999999989E+01  0.567153080221851E+01
       0.722999999999989E+01  0.550684103646855E+01
       0.723999999999989E+01  0.535004919584867E+01
       0.724999999999989E+01  0.520099034645087E+01
       0.725999999999989E+01  0.505949502991256E+01
       0.726999999999989E+01  0.492538779624283E+01
       0.727999999999989E+01  0.479848527586588E+01
       0.728999999999989E+01  0.467859399613993E+01
       0.729999999999989E+01  0.456550820588302E+01
       0.730999999999989E+01  0.445900795038421E+01
       0.731999999999989E+01  0.435885756612139E+01
       0.732999999999989E+01  0.426480466922936E+01
       0.733999999999989E+01  0.417657962144335E+01
       0.734999999999989E+01  0.409389539224760E+01
       0.735999999999989E+01  0.401644771011708E+01
       0.736999999999989E+01  0.394391541622053E+01
       0.737999999999989E+01  0.387596100020021E+01
       0.738999999999989E+01  0.381223139926900E+01
       0.739999999999989E+01  0.375235925701785E+01
       0.740999999999989E+01  0.369596493473731E+01
       0.741999999999989E+01  0.364265960836570E+01
       0.742999999999989E+01  0.359204973567437E+01
       0.743999999999989E+01  0.354374302493056E+01
       0.744999999999989E+01  0.349735578920202E+01
       0.745999999999989E+01  0.345252127261578E+01
       0.746999999999989E+01  0.340889825586717E+01
       0.747999999999988E+01  0.336617906844257E+01
       0.748999999999988E+01  0.332409612145531E+01
       0.749999999999988E+01  0.328242625653966E+01
       0.750999999999988E+01  0.324099255721714E+01
       0.751999999999988E+01  0.319966371016828E+01
       0.752999999999988E+01  0.315835142238049E+01
       0.753999999999988E+01  0.311700668499867E+01
       0.754999999999988E+01  0.307561575205439E+01
       0.755999999999988E+01  0.303419655950434E+01
       0.756999999999988E+01  0.299279599871423E+01
       0.757999999999988E+01  0.295148807593807E+01
       0.758999999999988E+01  0.291037264635250E+01
       0.759999999999988E+01  0.286957419828250E+01
       0.760999999999988E+01  0.282924012570587E+01
       0.761999999999988E+01  0.278953805654775E+01
       0.762999999999988E+01  0.275065204726447E+01
       0.763999999999988E+01  0.271277773354026E+01
       0.764999999999988E+01  0.267611676694493E+01
       0.765999999999988E+01  0.264087101497005E+01
       0.766999999999988E+01  0.260723703674186E+01
       0.767999999999988E+01  0.257540128020441E+01
       0.768999999999988E+01  0.254553631133524E+01
       0.769999999999988E+01  0.251779822233814E+01
       0.770999999999988E+01  0.249232520979132E+01
       0.771999999999988E+01  0.246923718993371E+01
       0.772999999999988E+01  0.244863623775139E+01
       0.773999999999988E+01  0.243060759909290E+01
       0.774999999999988E+01  0.241522102328522E+01
       0.775999999999988E+01  0.240253218722375E+01
       0.776999999999988E+01  0.239258402047023E+01
       0.777999999999988E+01  0.238540778644378E+01
       0.778999999999988E+01  0.238102382205445E+01
       0.779999999999988E+01  0.237944188445437E+01
       0.780999999999988E+01  0.238066109824160E+01
       0.781999999999988E+01  0.238466953973231E+01
       0.782999999999988E+01  0.239144353713084E+01
       0.783999999999988E+01  0.240094680596366E+01
       0.784999999999988E+01  0.241312957566246E+01
       0.785999999999988E+01  0.242792789108548E+01
       0.786999999999988E+01  0.244526328520582E+01
       0.787999999999988E+01  0.246504300788493E+01
       0.788999999999988E+01  0.248716095274060E+01
       0.789999999999988E+01  0.251149934513298E+01
       0.790999999999988E+01  0.253793114162399E+01
       0.791999999999988E+01  0.256632295717006E+01
       0.792999999999988E+01  0.259653820376385E+01
       0.793999999999988E+01  0.262844002411936E+01
       0.794999999999987E+01  0.266189356790905E+01
       0.795999999999987E+01  0.269676720806613E+01
       0.796999999999987E+01  0.273293243309339E+01
       0.797999999999987E+01  0.277026235521345E+01
       0.798999999999987E+01  0.280862899810110E+01
       0.799999999999987E+01  0.284789971591359E+01
       0.800999999999987E+01  0.288793319909022E+01
       0.801999999999987E+01  0.292857551917080E+01
       0.802999999999987E+01  0.296965656782992E+01
       0.803999999999987E+01  0.301098710107368E+01
       0.804999999999987E+01  0.305235647222853E+01
       0.805999999999987E+01  0.309353108351824E+01
       0.806999999999987E+01  0.313425362954973E+01
       0.807999999999987E+01  0.317424332367507E+01
       0.808999999999987E+01  0.321319742396778E+01
       0.809999999999987E+01  0.325079442510293E+01
       0.810999999999987E+01  0.328669918991670E+01
       0.811999999999987E+01  0.332057004712089E+01
       0.812999999999987E+01  0.335206753622127E+01
       0.813999999999987E+01  0.338086415058748E+01
       0.814999999999987E+01  0.340665424463076E+01
       0.815999999999987E+01  0.342916332251656E+01
       0.816999999999987E+01  0.344815622016628E+01
       0.817999999999987E+01  0.346344413481483E+01
       0.818999999999987E+01  0.347489087744429E+01
       0.819999999999987E+01  0.348241894054171E+01
       0.820999999999987E+01  0.348601586628744E+01
       0.821999999999987E+01  0.348574096580021E+01
       0.822999999999987E+01  0.348173180533286E+01
       0.823999999999987E+01  0.347420925678195E+01
       0.824999999999987E+01  0.346347953633758E+01
       0.825999999999987E+01  0.344993168379136E+01
       0.826999999999987E+01  0.343402939471041E+01
       0.827999999999987E+01  0.341629690093719E+01
       0.828999999999987E+01  0.339729950057420E+01
       0.829999999999987E+01  0.337762014480461E+01
       0.830999999999987E+01  0.335783402489981E+01
       0.831999999999987E+01  0.333848329341186E+01
       0.832999999999987E+01  0.332005392373349E+01
       0.833999999999987E+01  0.330295635777502E+01
       0.834999999999987E+01  0.328751113407908E+01
       0.835999999999987E+01  0.327394023335474E+01
       0.836999999999987E+01  0.326236448701061E+01
       0.837999999999987E+01  0.325280707824864E+01
       0.838999999999987E+01  0.324520289545698E+01
       0.839999999999987E+01  0.323941322495503E+01
       0.840999999999987E+01  0.323524495094098E+01
       0.841999999999986E+01  0.323247305001812E+01
       0.842999999999986E+01  0.323086475548839E+01
       0.843999999999986E+01  0.323020339821949E+01
       0.844999999999986E+01  0.323030971197181E+01
       0.845999999999986E+01  0.323105842578095E+01
       0.846999999999986E+01  0.323238831808800E+01
       0.847999999999986E+01  0.323430456845572E+01
       0.848999999999986E+01  0.323687312268796E+01
       0.849999999999986E+01  0.324020773329920E+01
       0.850999999999986E+01  0.324445117754085E+01
       0.851999999999986E+01  0.324975274830830E+01
       0.852999999999986E+01  0.325624438561025E+01
       0.853999999999986E+01  0.326401777240451E+01
       0.854999999999986E+01  0.327310442459861E+01
       0.855999999999986E+01  0.328346035590560E+01
       0.856999999999986E+01  0.329495638461984E+01
       0.857999999999986E+01  0.330737463572002E+01
       0.858999999999986E+01  0.332041131144058E+01
       0.859999999999986E+01  0.333368536799120E+01
       0.860999999999986E+01  0.334675235063781E+01
       0.861999999999986E+01  0.335912231684124E+01
       0.862999999999986E+01  0.337028054377491E+01
       0.863999999999986E+01  0.337970960587738E+01
       0.864999999999986E+01  0.338691144574184E+01
       0.865999999999986E+01  0.339142824699629E+01
       0.866999999999986E+01  0.339286121219155E+01
       0.867999999999986E+01  0.339088667815426E+01
       0.868999999999986E+01  0.338526927701750E+01
       0.869999999999986E+01  0.337587200198704E+01
       0.870999999999986E+01  0.336266304007528E+01
       0.871999999999986E+01  0.334571912951738E+01
       0.872999999999986E+01  0.332522507840065E+01
       0.873999999999986E+01  0.330146905018814E+01
       0.874999999999986E+01  0.327483335993074E+01
       0.875999999999986E+01  0.324578084802291E+01
       0.876999999999986E+01  0.321483735055458E+01
       0.877999999999986E+01  0.318257125869868E+01
       0.878999999999986E+01  0.314957153330760E+01
       0.879999999999986E+01  0.311642572292946E+01
       0.880999999999986E+01  0.308369948806425E+01
       0.881999999999986E+01  0.305191888688997E+01
       0.882999999999986E+01  0.302155629782108E+01
       0.883999999999986E+01  0.299302042932554E+01
       0.884999999999986E+01  0.296665047516944E+01
       0.885999999999986E+01  0.294271416439670E+01
       0.886999999999986E+01  0.292140924819223E+01
       0.887999999999986E+01  0.290286785114422E+01
       0.888999999999985E+01  0.288716306668967E+01
       0.889999999999985E+01  0.287431716618798E+01
       0.890999999999985E+01  0.286431079538560E+01
       0.891999999999985E+01  0.285709254142771E+01
       0.892999999999985E+01  0.285258827261461E+01
       0.893999999999985E+01  0.285070969603760E+01
       0.894999999999985E+01  0.285136166046740E+01
       0.895999999999985E+01  0.285444786041610E+01
       0.896999999999985E+01  0.285987476413266E+01
       0.897999999999985E+01  0.286755377008776E+01
       0.898999999999985E+01  0.287740176162176E+01
       0.899999999999985E+01  0.288934034961987E+01
       0.900999999999985E+01  0.290329415467124E+01
       0.901999999999985E+01  0.291918848929597E+01
       0.902999999999985E+01  0.293694678008227E+01
       0.903999999999985E+01  0.295648804746242E+01
       0.904999999999985E+01  0.297772475873935E+01
       0.905999999999985E+01  0.300056139197121E+01
       0.906999999999985E+01  0.302489407796300E+01
       0.907999999999985E+01  0.305061169226154E+01
       0.908999999999985E+01  0.307759871064955E+01
       0.909999999999985E+01  0.310573999091266E+01
       0.910999999999985E+01  0.313492739407885E+01
       0.911999999999985E+01  0.316506783568131E+01
       0.912999999999985E+01  0.319609202085497E+01
       0.913999999999985E+01  0.322796284778978E+01
       0.914999999999985E+01  0.326068234472112E+01
       0.915999999999985E+01  0.329429609265137E+01
       0.916999999999985E+01  0.332889438702320E+01
       0.917999999999985E+01  0.336460985729113E+01
       0.918999999999985E+01  0.340161179901045E+01
       0.919999999999985E+01  0.344009796644322E+01
       0.920999999999985E+01  0.348028492840337E+01
       0.921999999999985E+01  0.352239825087585E+01
       0.922999999999985E+01  0.356666373080054E+01
       0.923999999999985E+01  0.361330069994537E+01
       0.924999999999985E+01  0.366251809956286E+01
       0.925999999999985E+01  0.371451364956913E+01
       0.926999999999985E+01  0.376947604365462E+01
       0.927999999999985E+01  0.382758972616828E+01
       0.928999999999985E+01  0.388904147517794E+01
       0.929999999999985E+01  0.395402775823290E+01
       0.930999999999985E+01  0.402276167560753E+01
       0.931999999999985E+01  0.409547828912090E+01
       0.932999999999985E+01  0.417243726653589E+01
       0.933999999999985E+01  0.425392204000527E+01
       0.934999999999985E+01  0.434023504232667E+01
       0.935999999999984E+01  0.443168898810129E+01
       0.936999999999984E+01  0.452859454667751E+01
       0.937999999999984E+01  0.463124506253745E+01
       0.938999999999984E+01  0.473989919351545E+01
       0.939999999999984E+01  0.485476245942003E+01
       0.940999999999984E+01  0.497596874063238E+01
       0.941999999999984E+01  0.510356275870798E+01
       0.942999999999984E+01  0.523748452177478E+01
       0.943999999999984E+01  0.537755662594021E+01
       0.944999999999984E+01  0.552347515665798E+01
       0.945999999999984E+01  0.567480471202127E+01
       0.946999999999984E+01  0.583097775981365E+01
       0.947999999999984E+01  0.599129814733100E+01
       0.948999999999984E+01  0.615494814351077E+01
       0.949999999999984E+01  0.632099797898639E+01
       0.950999999999984E+01  0.648841656481939E+01
       0.951999999999984E+01  0.665608203129288E+01
       0.952999999999984E+01  0.682279103250299E+01
       0.953999999999984E+01  0.698726645202972E+01
       0.954999999999984E+01  0.714816416813064E+01
       0.955999999999984E+01  0.730408072782626E+01
       0.956999999999984E+01  0.745356486364379E+01
       0.957999999999984E+01  0.759513642340492E+01
       0.958999999999984E+01  0.772731614143593E+01
       0.959999999999984E+01  0.784866854055241E+01
       0.960999999999984E+01  0.795785811426898E+01
       0.961999999999984E+01  0.805371607533755E+01
       0.962999999999984E+01  0.813531192325809E+01
       0.963999999999984E+01  0.820202160900167E+01
       0.964999999999984E+01  0.825358287859522E+01
       0.965999999999984E+01  0.829012894265625E+01
       0.966999999999984E+01  0.831219401271834E+01
       0.967999999999984E+01  0.832068805177942E+01
       0.968999999999984E+01  0.831684250462142E+01
       0.969999999999984E+01  0.830213284626924E+01
       0.970999999999984E+01  0.827818668195090E+01
       0.971999999999984E+01  0.824668736433725E+01
       0.972999999999984E+01  0.820928261782459E+01
       0.973999999999984E+01  0.816750581349410E+01
       0.974999999999984E+01  0.812271489021623E+01
       0.975999999999984E+01  0.807605108437474E+01
       0.976999999999984E+01  0.802841713474244E+01
       0.977999999999984E+01  0.798047281611804E+01
       0.978999999999984E+01  0.793264467338367E+01
       0.979999999999984E+01  0.788514664124202E+01
       0.980999999999984E+01  0.783800865865075E+01
       0.981999999999984E+01  0.779111113218225E+01
       0.982999999999983E+01  0.774422384004483E+01
       0.983999999999983E+01  0.769704830721395E+01
       0.984999999999983E+01  0.764926264991959E+01
       0.985999999999983E+01  0.760056738950103E+01
       0.986999999999983E+01  0.755072996165652E+01
       0.987999999999983E+01  0.749962491851295E+01
       0.988999999999983E+01  0.744726648264051E+01
       0.989999999999983E+01  0.739383040787407E+01
       0.990999999999983E+01  0.733966307865118E+01
       0.991999999999983E+01  0.728527726207058E+01
       0.992999999999983E+01  0.723133557416789E+01
       0.993999999999983E+01  0.717862414553191E+01
       0.994999999999983E+01  0.712801986455822E+01
       0.995999999999983E+01  0.708045480294052E+01
       0.996999999999983E+01  0.703688103926026E+01
       0.997999999999983E+01  0.699823828400169E+01
       0.998999999999983E+01  0.696542571938352E+01
       0.999999999999983E+01  0.693927852108363E+01
       0.100099999999998E+02  0.692054877288393E+01
