#          \hbar \omega(eV)    Oscillator strength
       0.000000000000000E+00  -.000000000000000E+00
       0.100000000000000E-01  0.435744880164425E-06
       0.200000000000000E-01  0.174299642014170E-05
       0.300000000000000E-01  0.392180531988045E-05
       0.400000000000000E-01  0.697225608428407E-05
       0.500000000000000E-01  0.108944670306952E-04
       0.600000000000000E-01  0.156885902993751E-04
       0.700000000000000E-01  0.213548118669811E-04
       0.800000000000000E-01  0.278933515630419E-04
       0.900000000000000E-01  0.353044630894355E-04
       0.100000000000000E+00  0.435884340428718E-04
       0.110000000000000E+00  0.527455859403834E-04
       0.120000000000000E+00  0.627762742478283E-04
       0.130000000000000E+00  0.736808884114105E-04
       0.140000000000000E+00  0.854598518922215E-04
       0.150000000000000E+00  0.981136222038095E-04
       0.160000000000000E+00  0.111642690952780E-03
       0.170000000000000E+00  0.126047583882441E-03
       0.180000000000000E+00  0.141328860919487E-03
       0.190000000000000E+00  0.157487116223742E-03
       0.200000000000000E+00  0.174522978240963E-03
       0.210000000000000E+00  0.192437109758717E-03
       0.220000000000000E+00  0.211230207965325E-03
       0.230000000000000E+00  0.230903004511908E-03
       0.240000000000000E+00  0.251456265577524E-03
       0.250000000000000E+00  0.272890791937411E-03
       0.260000000000000E+00  0.295207419034359E-03
       0.270000000000000E+00  0.318407017053193E-03
       0.280000000000000E+00  0.342490490998424E-03
       0.290000000000000E+00  0.367458780775028E-03
       0.300000000000000E+00  0.393312861272414E-03
       0.310000000000000E+00  0.420053742451558E-03
       0.320000000000000E+00  0.447682469435338E-03
       0.330000000000000E+00  0.476200122602075E-03
       0.340000000000000E+00  0.505607817682298E-03
       0.350000000000000E+00  0.535906705858752E-03
       0.360000000000000E+00  0.567097973869649E-03
       0.370000000000000E+00  0.599182844115211E-03
       0.380000000000000E+00  0.632162574767479E-03
       0.390000000000000E+00  0.666038459883441E-03
       0.400000000000000E+00  0.700811829521482E-03
       0.410000000000000E+00  0.736484049861176E-03
       0.420000000000000E+00  0.773056523326436E-03
       0.430000000000000E+00  0.810530688712052E-03
       0.440000000000000E+00  0.848908021313630E-03
       0.450000000000000E+00  0.888190033060945E-03
       0.460000000000000E+00  0.928378272654757E-03
       0.470000000000000E+00  0.969474325707070E-03
       0.480000000000000E+00  0.101147981488489E-02
       0.490000000000000E+00  0.105439640005753E-02
       0.500000000000000E+00  0.109822577844736E-02
       0.510000000000000E+00  0.114296968478422E-02
       0.520000000000000E+00  0.118862989146338E-02
       0.530000000000000E+00  0.123520820870707E-02
       0.540000000000000E+00  0.128270648472970E-02
       0.550000000000000E+00  0.133112660590675E-02
       0.560000000000000E+00  0.138047049694729E-02
       0.570000000000000E+00  0.143074012107029E-02
       0.580000000000000E+00  0.148193748018465E-02
       0.590000000000000E+00  0.153406461507298E-02
       0.600000000000000E+00  0.158712360557926E-02
       0.610000000000000E+00  0.164111657080025E-02
       0.620000000000000E+00  0.169604566928085E-02
       0.630000000000000E+00  0.175191309921334E-02
       0.640000000000000E+00  0.180872109864050E-02
       0.650000000000000E+00  0.186647194566281E-02
       0.660000000000000E+00  0.192516795864953E-02
       0.670000000000000E+00  0.198481149645395E-02
       0.680000000000000E+00  0.204540495863257E-02
       0.690000000000000E+00  0.210695078566854E-02
       0.700000000000000E+00  0.216945145919914E-02
       0.710000000000000E+00  0.223290950224747E-02
       0.720000000000000E+00  0.229732747945844E-02
       0.730000000000000E+00  0.236270799733888E-02
       0.740000000000000E+00  0.242905370450214E-02
       0.750000000000000E+00  0.249636729191687E-02
       0.760000000000000E+00  0.256465149316028E-02
       0.770000000000000E+00  0.263390908467578E-02
       0.780000000000000E+00  0.270414288603522E-02
       0.790000000000000E+00  0.277535576020543E-02
       0.800000000000000E+00  0.284755061381956E-02
       0.810000000000000E+00  0.292073039745286E-02
       0.820000000000001E+00  0.299489810590319E-02
       0.830000000000001E+00  0.307005677847627E-02
       0.840000000000001E+00  0.314620949927560E-02
       0.850000000000001E+00  0.322335939749725E-02
       0.860000000000001E+00  0.330150964772949E-02
       0.870000000000001E+00  0.338066347025733E-02
       0.880000000000001E+00  0.346082413137202E-02
       0.890000000000001E+00  0.354199494368554E-02
       0.900000000000001E+00  0.362417926645023E-02
       0.910000000000001E+00  0.370738050588341E-02
       0.920000000000001E+00  0.379160211549739E-02
       0.930000000000001E+00  0.387684759643451E-02
       0.940000000000001E+00  0.396312049780758E-02
       0.950000000000001E+00  0.405042441704570E-02
       0.960000000000001E+00  0.413876300024546E-02
       0.970000000000001E+00  0.422813994252758E-02
       0.980000000000001E+00  0.431855898839919E-02
       0.990000000000001E+00  0.441002393212166E-02
       0.100000000000000E+01  0.450253861808413E-02
       0.101000000000000E+01  0.459610694118271E-02
       0.102000000000000E+01  0.469073284720561E-02
       0.103000000000000E+01  0.478642033322406E-02
       0.104000000000000E+01  0.488317344798919E-02
       0.105000000000000E+01  0.498099629233498E-02
       0.106000000000000E+01  0.507989301958718E-02
       0.107000000000000E+01  0.517986783597861E-02
       0.108000000000000E+01  0.528092500107048E-02
       0.109000000000000E+01  0.538306882818012E-02
       0.110000000000000E+01  0.548630368481518E-02
       0.111000000000000E+01  0.559063399311421E-02
       0.112000000000000E+01  0.569606423029376E-02
       0.113000000000000E+01  0.580259892910230E-02
       0.114000000000000E+01  0.591024267828065E-02
       0.115000000000000E+01  0.601900012302941E-02
       0.116000000000000E+01  0.612887596548310E-02
       0.117000000000000E+01  0.623987496519145E-02
       0.118000000000000E+01  0.635200193960769E-02
       0.119000000000000E+01  0.646526176458399E-02
       0.120000000000000E+01  0.657965937487416E-02
       0.121000000000000E+01  0.669519976464378E-02
       0.122000000000000E+01  0.681188798798768E-02
       0.123000000000000E+01  0.692972915945501E-02
       0.124000000000000E+01  0.704872845458201E-02
       0.125000000000000E+01  0.716889111043239E-02
       0.126000000000000E+01  0.729022242614576E-02
       0.127000000000000E+01  0.741272776349382E-02
       0.128000000000000E+01  0.753641254744470E-02
       0.129000000000000E+01  0.766128226673561E-02
       0.130000000000000E+01  0.778734247445347E-02
       0.131000000000000E+01  0.791459878862417E-02
       0.132000000000000E+01  0.804305689281036E-02
       0.133000000000000E+01  0.817272253671768E-02
       0.134000000000000E+01  0.830360153680989E-02
       0.135000000000000E+01  0.843569977693289E-02
       0.136000000000000E+01  0.856902320894749E-02
       0.137000000000000E+01  0.870357785337171E-02
       0.138000000000000E+01  0.883936980003187E-02
       0.139000000000000E+01  0.897640520872340E-02
       0.140000000000000E+01  0.911469030988100E-02
       0.141000000000000E+01  0.925423140525841E-02
       0.142000000000000E+01  0.939503486861807E-02
       0.143000000000000E+01  0.953710714643065E-02
       0.144000000000000E+01  0.968045475858455E-02
       0.145000000000000E+01  0.982508429910571E-02
       0.146000000000000E+01  0.997100243688775E-02
       0.147000000000000E+01  0.101182159164326E-01
       0.148000000000000E+01  0.102667315586016E-01
       0.149000000000000E+01  0.104165562613779E-01
       0.150000000000000E+01  0.105676970006390E-01
       0.151000000000000E+01  0.107201608309415E-01
       0.152000000000000E+01  0.108739548863161E-01
       0.153000000000000E+01  0.110290863810743E-01
       0.154000000000000E+01  0.111855626106277E-01
       0.155000000000000E+01  0.113433909523171E-01
       0.156000000000000E+01  0.115025788662561E-01
       0.157000000000000E+01  0.116631338961844E-01
       0.158000000000000E+01  0.118250636703349E-01
       0.159000000000000E+01  0.119883759023130E-01
       0.160000000000000E+01  0.121530783919884E-01
       0.161000000000000E+01  0.123191790264001E-01
       0.162000000000000E+01  0.124866857806738E-01
       0.163000000000000E+01  0.126556067189538E-01
       0.164000000000000E+01  0.128259499953468E-01
       0.165000000000000E+01  0.129977238548809E-01
       0.166000000000000E+01  0.131709366344776E-01
       0.167000000000000E+01  0.133455967639379E-01
       0.168000000000000E+01  0.135217127669433E-01
       0.169000000000000E+01  0.136992932620709E-01
       0.170000000000000E+01  0.138783469638233E-01
       0.171000000000000E+01  0.140588826836735E-01
       0.172000000000000E+01  0.142409093311253E-01
       0.173000000000000E+01  0.144244359147890E-01
       0.174000000000000E+01  0.146094715434726E-01
       0.175000000000000E+01  0.147960254272891E-01
       0.176000000000000E+01  0.149841068787802E-01
       0.177000000000000E+01  0.151737253140566E-01
       0.178000000000000E+01  0.153648902539540E-01
       0.179000000000000E+01  0.155576113252075E-01
       0.180000000000000E+01  0.157518982616423E-01
       0.181000000000000E+01  0.159477609053822E-01
       0.182000000000000E+01  0.161452092080763E-01
       0.183000000000000E+01  0.163442532321427E-01
       0.184000000000000E+01  0.165449031520321E-01
       0.185000000000000E+01  0.167471692555088E-01
       0.186000000000000E+01  0.169510619449514E-01
       0.187000000000000E+01  0.171565917386725E-01
       0.188000000000000E+01  0.173637692722582E-01
       0.189000000000000E+01  0.175726052999274E-01
       0.190000000000000E+01  0.177831106959112E-01
       0.191000000000000E+01  0.179952964558532E-01
       0.192000000000000E+01  0.182091736982306E-01
       0.193000000000000E+01  0.184247536657963E-01
       0.194000000000000E+01  0.186420477270432E-01
       0.195000000000000E+01  0.188610673776898E-01
       0.196000000000000E+01  0.190818242421885E-01
       0.197000000000000E+01  0.193043300752567E-01
       0.198000000000000E+01  0.195285967634307E-01
       0.199000000000000E+01  0.197546363266430E-01
       0.200000000000000E+01  0.199824609198240E-01
       0.201000000000000E+01  0.202120828345275E-01
       0.202000000000000E+01  0.204435145005808E-01
       0.203000000000000E+01  0.206767684877602E-01
       0.204000000000000E+01  0.209118575074919E-01
       0.205000000000000E+01  0.211487944145786E-01
       0.206000000000000E+01  0.213875922089527E-01
       0.207000000000000E+01  0.216282640374566E-01
       0.208000000000000E+01  0.218708231956495E-01
       0.209000000000000E+01  0.221152831296430E-01
       0.210000000000000E+01  0.223616574379635E-01
       0.211000000000000E+01  0.226099598734454E-01
       0.212000000000000E+01  0.228602043451508E-01
       0.213000000000000E+01  0.231124049203216E-01
       0.214000000000000E+01  0.233665758263601E-01
       0.215000000000000E+01  0.236227314528407E-01
       0.216000000000000E+01  0.238808863535533E-01
       0.217000000000000E+01  0.241410552485781E-01
       0.218000000000000E+01  0.244032530263931E-01
       0.219000000000000E+01  0.246674947460145E-01
       0.220000000000000E+01  0.249337956391699E-01
       0.221000000000000E+01  0.252021711125071E-01
       0.222000000000000E+01  0.254726367498362E-01
       0.223000000000000E+01  0.257452083144080E-01
       0.224000000000000E+01  0.260199017512276E-01
       0.225000000000000E+01  0.262967331894053E-01
       0.226000000000000E+01  0.265757189445444E-01
       0.227000000000000E+01  0.268568755211670E-01
       0.228000000000000E+01  0.271402196151782E-01
       0.229000000000000E+01  0.274257681163702E-01
       0.229999999999999E+01  0.277135381109655E-01
       0.230999999999999E+01  0.280035468842017E-01
       0.231999999999999E+01  0.282958119229574E-01
       0.232999999999999E+01  0.285903509184199E-01
       0.233999999999999E+01  0.288871817687970E-01
       0.234999999999999E+01  0.291863225820713E-01
       0.235999999999999E+01  0.294877916787998E-01
       0.236999999999999E+01  0.297916075949590E-01
       0.237999999999999E+01  0.300977890848356E-01
       0.238999999999999E+01  0.304063551239649E-01
       0.239999999999999E+01  0.307173249121169E-01
       0.240999999999999E+01  0.310307178763309E-01
       0.241999999999999E+01  0.313465536740006E-01
       0.242999999999999E+01  0.316648521960091E-01
       0.243999999999999E+01  0.319856335699155E-01
       0.244999999999999E+01  0.323089181631957E-01
       0.245999999999999E+01  0.326347265865339E-01
       0.246999999999999E+01  0.329630796971711E-01
       0.247999999999999E+01  0.332939986023079E-01
       0.248999999999999E+01  0.336275046625650E-01
       0.249999999999999E+01  0.339636194954996E-01
       0.250999999999999E+01  0.343023649791830E-01
       0.251999999999999E+01  0.346437632558365E-01
       0.252999999999999E+01  0.349878367355279E-01
       0.253999999999999E+01  0.353346080999326E-01
       0.254999999999999E+01  0.356841003061555E-01
       0.255999999999999E+01  0.360363365906191E-01
       0.256999999999999E+01  0.363913404730171E-01
       0.257999999999999E+01  0.367491357603351E-01
       0.258999999999999E+01  0.371097465509398E-01
       0.259999999999999E+01  0.374731972387380E-01
       0.260999999999999E+01  0.378395125174068E-01
       0.261999999999999E+01  0.382087173846965E-01
       0.262999999999999E+01  0.385808371468067E-01
       0.263999999999999E+01  0.389558974228397E-01
       0.264999999999999E+01  0.393339241493276E-01
       0.265999999999999E+01  0.397149435848415E-01
       0.266999999999999E+01  0.400989823146777E-01
       0.267999999999999E+01  0.404860672556274E-01
       0.268999999999999E+01  0.408762256608284E-01
       0.269999999999999E+01  0.412694851247018E-01
       0.270999999999999E+01  0.416658735879764E-01
       0.271999999999999E+01  0.420654193427992E-01
       0.272999999999999E+01  0.424681510379381E-01
       0.273999999999999E+01  0.428740976840749E-01
       0.274999999999999E+01  0.432832886591928E-01
       0.275999999999999E+01  0.436957537140594E-01
       0.276999999999998E+01  0.441115229778066E-01
       0.277999999999998E+01  0.445306269636111E-01
       0.278999999999998E+01  0.449530965744752E-01
       0.279999999999998E+01  0.453789631091127E-01
       0.280999999999998E+01  0.458082582679387E-01
       0.281999999999998E+01  0.462410141591689E-01
       0.282999999999998E+01  0.466772633050286E-01
       0.283999999999998E+01  0.471170386480732E-01
       0.284999999999998E+01  0.475603735576252E-01
       0.285999999999998E+01  0.480073018363268E-01
       0.286999999999998E+01  0.484578577268124E-01
       0.287999999999998E+01  0.489120759185037E-01
       0.288999999999998E+01  0.493699915545294E-01
       0.289999999999998E+01  0.498316402387712E-01
       0.290999999999998E+01  0.502970580430408E-01
       0.291999999999998E+01  0.507662815143889E-01
       0.292999999999998E+01  0.512393476825504E-01
       0.293999999999998E+01  0.517162940675268E-01
       0.294999999999998E+01  0.521971586873114E-01
       0.295999999999998E+01  0.526819800657568E-01
       0.296999999999998E+01  0.531707972405925E-01
       0.297999999999998E+01  0.536636497715898E-01
       0.298999999999998E+01  0.541605777488847E-01
       0.299999999999998E+01  0.546616218014526E-01
       0.300999999999998E+01  0.551668231057489E-01
       0.301999999999998E+01  0.556762233945098E-01
       0.302999999999998E+01  0.561898649657228E-01
       0.303999999999998E+01  0.567077906917671E-01
       0.304999999999998E+01  0.572300440287302E-01
       0.305999999999998E+01  0.577566690259020E-01
       0.306999999999998E+01  0.582877103354538E-01
       0.307999999999998E+01  0.588232132223005E-01
       0.308999999999998E+01  0.593632235741584E-01
       0.309999999999998E+01  0.599077879117942E-01
       0.310999999999998E+01  0.604569533994762E-01
       0.311999999999998E+01  0.610107678556269E-01
       0.312999999999998E+01  0.615692797636873E-01
       0.313999999999998E+01  0.621325382831917E-01
       0.314999999999998E+01  0.627005932610624E-01
       0.315999999999998E+01  0.632734952431258E-01
       0.316999999999998E+01  0.638512954858576E-01
       0.317999999999998E+01  0.644340459683622E-01
       0.318999999999998E+01  0.650217994045870E-01
       0.319999999999998E+01  0.656146092557850E-01
       0.320999999999998E+01  0.662125297432241E-01
       0.321999999999998E+01  0.668156158611527E-01
       0.322999999999998E+01  0.674239233900263E-01
       0.323999999999997E+01  0.680375089100018E-01
       0.324999999999997E+01  0.686564298147042E-01
       0.325999999999997E+01  0.692807443252740E-01
       0.326999999999997E+01  0.699105115047006E-01
       0.327999999999997E+01  0.705457912724485E-01
       0.328999999999997E+01  0.711866444193835E-01
       0.329999999999997E+01  0.718331326230069E-01
       0.330999999999997E+01  0.724853184630008E-01
       0.331999999999997E+01  0.731432654370991E-01
       0.332999999999997E+01  0.738070379772855E-01
       0.333999999999997E+01  0.744767014663272E-01
       0.334999999999997E+01  0.751523222546584E-01
       0.335999999999997E+01  0.758339676776114E-01
       0.336999999999997E+01  0.765217060730145E-01
       0.337999999999997E+01  0.772156067991581E-01
       0.338999999999997E+01  0.779157402531405E-01
       0.339999999999997E+01  0.786221778896039E-01
       0.340999999999997E+01  0.793349922398678E-01
       0.341999999999997E+01  0.800542569314696E-01
       0.342999999999997E+01  0.807800467081258E-01
       0.343999999999997E+01  0.815124374501186E-01
       0.344999999999997E+01  0.822515061951232E-01
       0.345999999999997E+01  0.829973311594849E-01
       0.346999999999997E+01  0.837499917599554E-01
       0.347999999999997E+01  0.845095686359046E-01
       0.348999999999997E+01  0.852761436720118E-01
       0.349999999999997E+01  0.860498000214597E-01
       0.350999999999997E+01  0.868306221296303E-01
       0.351999999999997E+01  0.876186957583272E-01
       0.352999999999997E+01  0.884141080105306E-01
       0.353999999999997E+01  0.892169473557020E-01
       0.354999999999997E+01  0.900273036556493E-01
       0.355999999999997E+01  0.908452681909703E-01
       0.356999999999997E+01  0.916709336880867E-01
       0.357999999999997E+01  0.925043943468856E-01
       0.358999999999997E+01  0.933457458689824E-01
       0.359999999999997E+01  0.941950854866226E-01
       0.360999999999997E+01  0.950525119922384E-01
       0.361999999999997E+01  0.959181257686777E-01
       0.362999999999997E+01  0.967920288201226E-01
       0.363999999999997E+01  0.976743248037153E-01
       0.364999999999997E+01  0.985651190619101E-01
       0.365999999999997E+01  0.994645186555722E-01
       0.366999999999997E+01  0.100372632397840E+00
       0.367999999999997E+01  0.101289570888774E+00
       0.368999999999997E+01  0.102215446550814E+00
       0.369999999999997E+01  0.103150373665059E+00
       0.370999999999996E+01  0.104094468408403E+00
       0.371999999999996E+01  0.105047848891544E+00
       0.372999999999996E+01  0.106010635197884E+00
       0.373999999999996E+01  0.106982949423358E+00
       0.374999999999996E+01  0.107964915717203E+00
       0.375999999999996E+01  0.108956660323703E+00
       0.376999999999996E+01  0.109958311624931E+00
       0.377999999999996E+01  0.110970000184520E+00
       0.378999999999996E+01  0.111991858792483E+00
       0.379999999999996E+01  0.113024022511125E+00
       0.380999999999996E+01  0.114066628722060E+00
       0.381999999999996E+01  0.115119817174381E+00
       0.382999999999996E+01  0.116183730034004E+00
       0.383999999999996E+01  0.117258511934221E+00
       0.384999999999996E+01  0.118344310027500E+00
       0.385999999999996E+01  0.119441274038560E+00
       0.386999999999996E+01  0.120549556318773E+00
       0.387999999999996E+01  0.121669311901904E+00
       0.388999999999996E+01  0.122800698561257E+00
       0.389999999999996E+01  0.123943876868248E+00
       0.390999999999996E+01  0.125099010252448E+00
       0.391999999999996E+01  0.126266265063150E+00
       0.392999999999996E+01  0.127445810632491E+00
       0.393999999999996E+01  0.128637819340180E+00
       0.394999999999996E+01  0.129842466679884E+00
       0.395999999999996E+01  0.131059931327311E+00
       0.396999999999996E+01  0.132290395210040E+00
       0.397999999999996E+01  0.133534043579170E+00
       0.398999999999996E+01  0.134791065082811E+00
       0.399999999999996E+01  0.136061651841491E+00
       0.400999999999996E+01  0.137345999525541E+00
       0.401999999999996E+01  0.138644307434496E+00
       0.402999999999996E+01  0.139956778578603E+00
       0.403999999999996E+01  0.141283619762462E+00
       0.404999999999996E+01  0.142625041670907E+00
       0.405999999999996E+01  0.143981258957157E+00
       0.406999999999996E+01  0.145352490333339E+00
       0.407999999999996E+01  0.146738958663424E+00
       0.408999999999996E+01  0.148140891058688E+00
       0.409999999999996E+01  0.149558518975733E+00
       0.410999999999996E+01  0.150992078317192E+00
       0.411999999999996E+01  0.152441809535164E+00
       0.412999999999996E+01  0.153907957737490E+00
       0.413999999999996E+01  0.155390772796949E+00
       0.414999999999996E+01  0.156890509463472E+00
       0.415999999999996E+01  0.158407427479452E+00
       0.416999999999996E+01  0.159941791698282E+00
       0.417999999999996E+01  0.161493872206195E+00
       0.418999999999996E+01  0.163063944447523E+00
       0.419999999999995E+01  0.164652289353485E+00
       0.420999999999995E+01  0.166259193474624E+00
       0.421999999999995E+01  0.167884949117002E+00
       0.422999999999995E+01  0.169529854482281E+00
       0.423999999999995E+01  0.171194213811820E+00
       0.424999999999995E+01  0.172878337534913E+00
       0.425999999999995E+01  0.174582542421319E+00
       0.426999999999995E+01  0.176307151738208E+00
       0.427999999999995E+01  0.178052495411684E+00
       0.428999999999995E+01  0.179818910193046E+00
       0.429999999999995E+01  0.181606739829916E+00
       0.430999999999995E+01  0.183416335242436E+00
       0.431999999999995E+01  0.185248054704687E+00
       0.432999999999995E+01  0.187102264031499E+00
       0.433999999999995E+01  0.188979336770867E+00
       0.434999999999995E+01  0.190879654402133E+00
       0.435999999999995E+01  0.192803606540158E+00
       0.436999999999995E+01  0.194751591145681E+00
       0.437999999999995E+01  0.196724014742083E+00
       0.438999999999995E+01  0.198721292638780E+00
       0.439999999999995E+01  0.200743849161479E+00
       0.440999999999995E+01  0.202792117889557E+00
       0.441999999999995E+01  0.204866541900768E+00
       0.442999999999995E+01  0.206967574023609E+00
       0.443999999999995E+01  0.209095677097559E+00
       0.444999999999995E+01  0.211251324241509E+00
       0.445999999999995E+01  0.213434999130667E+00
       0.446999999999995E+01  0.215647196282262E+00
       0.447999999999995E+01  0.217888421350336E+00
       0.448999999999995E+01  0.220159191430001E+00
       0.449999999999995E+01  0.222460035371474E+00
       0.450999999999995E+01  0.224791494104279E+00
       0.451999999999995E+01  0.227154120971973E+00
       0.452999999999995E+01  0.229548482077815E+00
       0.453999999999995E+01  0.231975156641759E+00
       0.454999999999995E+01  0.234434737369236E+00
       0.455999999999995E+01  0.236927830832142E+00
       0.456999999999995E+01  0.239455057862511E+00
       0.457999999999995E+01  0.242017053959367E+00
       0.458999999999995E+01  0.244614469709248E+00
       0.459999999999995E+01  0.247247971220941E+00
       0.460999999999995E+01  0.249918240574986E+00
       0.461999999999995E+01  0.252625976288518E+00
       0.462999999999995E+01  0.255371893796050E+00
       0.463999999999995E+01  0.258156725946842E+00
       0.464999999999995E+01  0.260981223519490E+00
       0.465999999999995E+01  0.263846155754453E+00
       0.466999999999994E+01  0.266752310905205E+00
       0.467999999999994E+01  0.269700496808796E+00
       0.468999999999994E+01  0.272691541476577E+00
       0.469999999999994E+01  0.275726293705935E+00
       0.470999999999994E+01  0.278805623713886E+00
       0.471999999999994E+01  0.281930423793423E+00
       0.472999999999994E+01  0.285101608993562E+00
       0.473999999999994E+01  0.288320117824080E+00
       0.474999999999994E+01  0.291586912985948E+00
       0.475999999999994E+01  0.294902982128567E+00
       0.476999999999994E+01  0.298269338634916E+00
       0.477999999999994E+01  0.301687022435795E+00
       0.478999999999994E+01  0.305157100854410E+00
       0.479999999999994E+01  0.308680669482571E+00
       0.480999999999994E+01  0.312258853089886E+00
       0.481999999999994E+01  0.315892806567354E+00
       0.482999999999994E+01  0.319583715906851E+00
       0.483999999999994E+01  0.323332799218052E+00
       0.484999999999994E+01  0.327141307784444E+00
       0.485999999999994E+01  0.331010527160131E+00
       0.486999999999994E+01  0.334941778309199E+00
       0.487999999999994E+01  0.338936418789555E+00
       0.488999999999994E+01  0.342995843983194E+00
       0.489999999999994E+01  0.347121488374931E+00
       0.490999999999994E+01  0.351314826881807E+00
       0.491999999999994E+01  0.355577376235394E+00
       0.492999999999994E+01  0.359910696419409E+00
       0.493999999999994E+01  0.364316392165125E+00
       0.494999999999994E+01  0.368796114507197E+00
       0.495999999999994E+01  0.373351562402684E+00
       0.496999999999994E+01  0.377984484416169E+00
       0.497999999999994E+01  0.382696680474037E+00
       0.498999999999994E+01  0.387490003691153E+00
       0.499999999999994E+01  0.392366362273414E+00
       0.500999999999994E+01  0.397327721499753E+00
       0.501999999999994E+01  0.402376105787536E+00
       0.502999999999994E+01  0.407513600845480E+00
       0.503999999999994E+01  0.412742355918521E+00
       0.504999999999994E+01  0.418064586129462E+00
       0.505999999999994E+01  0.423482574922509E+00
       0.506999999999994E+01  0.428998676614310E+00
       0.507999999999994E+01  0.434615319058560E+00
       0.508999999999994E+01  0.440335006430726E+00
       0.509999999999994E+01  0.446160322140020E+00
       0.510999999999994E+01  0.452093931876376E+00
       0.511999999999994E+01  0.458138586800701E+00
       0.512999999999994E+01  0.464297126887320E+00
       0.513999999999993E+01  0.470572484428116E+00
       0.514999999999993E+01  0.476967687708208E+00
       0.515999999999993E+01  0.483485864863487E+00
       0.516999999999993E+01  0.490130247930439E+00
       0.517999999999993E+01  0.496904177098707E+00
       0.518999999999993E+01  0.503811105176661E+00
       0.519999999999993E+01  0.510854602279877E+00
       0.520999999999993E+01  0.518038360751945E+00
       0.521999999999993E+01  0.525366200326553E+00
       0.522999999999993E+01  0.532842073539346E+00
       0.523999999999993E+01  0.540470071398026E+00
       0.524999999999993E+01  0.548254429319331E+00
       0.525999999999993E+01  0.556199533342382E+00
       0.526999999999993E+01  0.564309926629323E+00
       0.527999999999993E+01  0.572590316266124E+00
       0.528999999999993E+01  0.581045580378986E+00
       0.529999999999993E+01  0.589680775584656E+00
       0.530999999999993E+01  0.598501144796075E+00
       0.531999999999993E+01  0.607512125407607E+00
       0.532999999999993E+01  0.616719357887073E+00
       0.533999999999993E+01  0.626128694803906E+00
       0.534999999999993E+01  0.635746210324766E+00
       0.535999999999993E+01  0.645578210209305E+00
       0.536999999999993E+01  0.655631242339749E+00
       0.537999999999993E+01  0.665912107818860E+00
       0.538999999999993E+01  0.676427872671401E+00
       0.539999999999993E+01  0.687185880184946E+00
       0.540999999999993E+01  0.698193763926847E+00
       0.541999999999993E+01  0.709459461475015E+00
       0.542999999999993E+01  0.720991228901818E+00
       0.543999999999993E+01  0.732797656051752E+00
       0.544999999999993E+01  0.744887682655632E+00
       0.545999999999993E+01  0.757270615325974E+00
       0.546999999999993E+01  0.769956145480751E+00
       0.547999999999993E+01  0.782954368244661E+00
       0.548999999999993E+01  0.796275802379871E+00
       0.549999999999993E+01  0.809931411300199E+00
       0.550999999999993E+01  0.823932625225100E+00
       0.551999999999993E+01  0.838291364531881E+00
       0.552999999999993E+01  0.853020064366312E+00
       0.553999999999993E+01  0.868131700573236E+00
       0.554999999999993E+01  0.883639817009978E+00
       0.555999999999993E+01  0.899558554305465E+00
       0.556999999999993E+01  0.915902680127946E+00
       0.557999999999993E+01  0.932687621022987E+00
       0.558999999999993E+01  0.949929495880961E+00
       0.559999999999993E+01  0.967645151089856E+00
       0.560999999999992E+01  0.985852197423806E+00
       0.561999999999992E+01  0.100456904871050E+01
       0.562999999999992E+01  0.102381496231097E+01
       0.563999999999992E+01  0.104361008143272E+01
       0.564999999999992E+01  0.106397547928083E+01
       0.565999999999992E+01  0.108493320503177E+01
       0.566999999999992E+01  0.110650633158916E+01
       0.567999999999992E+01  0.112871900504979E+01
       0.568999999999992E+01  0.115159649577007E+01
       0.569999999999992E+01  0.117516525087690E+01
       0.570999999999992E+01  0.119945294801128E+01
       0.571999999999992E+01  0.122448855002575E+01
       0.572999999999992E+01  0.125030236027709E+01
       0.573999999999992E+01  0.127692607806064E+01
       0.574999999999992E+01  0.130439285362073E+01
       0.575999999999992E+01  0.133273734203996E+01
       0.576999999999992E+01  0.136199575515660E+01
       0.577999999999992E+01  0.139220591048122E+01
       0.578999999999992E+01  0.142340727587815E+01
       0.579999999999992E+01  0.145564100854284E+01
       0.580999999999992E+01  0.148894998654000E+01
       0.581999999999992E+01  0.152337883086892E+01
       0.582999999999992E+01  0.155897391569232E+01
       0.583999999999992E+01  0.159578336400398E+01
       0.584999999999992E+01  0.163385702562563E+01
       0.585999999999992E+01  0.167324643402087E+01
       0.586999999999992E+01  0.171400473800950E+01
       0.587999999999992E+01  0.175618660407770E+01
       0.588999999999992E+01  0.179984808463805E+01
       0.589999999999992E+01  0.184504644733667E+01
       0.590999999999992E+01  0.189183996038450E+01
       0.591999999999992E+01  0.194028762897188E+01
       0.592999999999992E+01  0.199044887819413E+01
       0.593999999999992E+01  0.204238317866864E+01
       0.594999999999992E+01  0.209614961228090E+01
       0.595999999999992E+01  0.215180637738967E+01
       0.596999999999992E+01  0.220941023548967E+01
       0.597999999999992E+01  0.226901590491591E+01
       0.598999999999992E+01  0.233067541179616E+01
       0.599999999999992E+01  0.239443741419578E+01
       0.600999999999992E+01  0.246034652225343E+01
       0.601999999999992E+01  0.252844264496100E+01
       0.602999999999992E+01  0.259876040281182E+01
       0.603999999999992E+01  0.267132865432720E+01
       0.604999999999992E+01  0.274617019270725E+01
       0.605999999999992E+01  0.282330167548554E+01
       0.606999999999992E+01  0.290273385376626E+01
       0.607999999999991E+01  0.298447216684149E+01
       0.608999999999991E+01  0.306851776110127E+01
       0.609999999999991E+01  0.315486897768291E+01
       0.610999999999991E+01  0.324352333022530E+01
       0.611999999999991E+01  0.333447996216176E+01
       0.612999999999991E+01  0.342774253311735E+01
       0.613999999999991E+01  0.352332243848751E+01
       0.614999999999991E+01  0.362124221897230E+01
       0.615999999999991E+01  0.372153897279870E+01
       0.616999999999991E+01  0.382426754841303E+01
       0.617999999999991E+01  0.392950327529724E+01
       0.618999999999991E+01  0.403734398988304E+01
       0.619999999999991E+01  0.414791113482084E+01
       0.620999999999991E+01  0.426134975277626E+01
       0.621999999999991E+01  0.437782725709007E+01
       0.622999999999991E+01  0.449753093497739E+01
       0.623999999999991E+01  0.462066421671358E+01
       0.624999999999991E+01  0.474744181838687E+01
       0.625999999999991E+01  0.487808392936828E+01
       0.626999999999991E+01  0.501280966403389E+01
       0.627999999999991E+01  0.515183002882049E+01
       0.628999999999991E+01  0.529534067167662E+01
       0.629999999999991E+01  0.544351468499144E+01
       0.630999999999991E+01  0.559649572999553E+01
       0.631999999999991E+01  0.575439174531758E+01
       0.632999999999991E+01  0.591726949858087E+01
       0.633999999999991E+01  0.608515023930049E+01
       0.634999999999991E+01  0.625800671293654E+01
       0.635999999999991E+01  0.643576179604600E+01
       0.636999999999991E+01  0.661828900486917E+01
       0.637999999999991E+01  0.680541510641929E+01
       0.638999999999991E+01  0.699692501361540E+01
       0.639999999999991E+01  0.719256906644190E+01
       0.640999999999991E+01  0.739207268434640E+01
       0.641999999999991E+01  0.759514822037229E+01
       0.642999999999991E+01  0.780150866015703E+01
       0.643999999999991E+01  0.801088260129500E+01
       0.644999999999991E+01  0.822302973997623E+01
       0.645999999999991E+01  0.843775590708545E+01
       0.646999999999991E+01  0.865492656227693E+01
       0.647999999999991E+01  0.887447759724238E+01
       0.648999999999991E+01  0.909642233701185E+01
       0.649999999999991E+01  0.932085376805702E+01
       0.650999999999991E+01  0.954794125781412E+01
       0.651999999999991E+01  0.977792134167238E+01
       0.652999999999991E+01  0.100110825091127E+02
       0.653999999999991E+01  0.102477442834198E+02
       0.654999999999990E+01  0.104882312230806E+02
       0.655999999999990E+01  0.107328427488511E+02
       0.656999999999990E+01  0.109818199018737E+02
       0.657999999999990E+01  0.112353102625220E+02
       0.658999999999990E+01  0.114933323171261E+02
       0.659999999999990E+01  0.117557405698979E+02
       0.660999999999990E+01  0.120221926836730E+02
       0.661999999999990E+01  0.122921199171795E+02
       0.662999999999990E+01  0.125647021232867E+02
       0.663999999999990E+01  0.128388485863909E+02
       0.664999999999990E+01  0.131131859996946E+02
       0.665999999999990E+01  0.133860548940609E+02
       0.666999999999990E+01  0.136555157983002E+02
       0.667999999999990E+01  0.139193662981822E+02
       0.668999999999990E+01  0.141751699288462E+02
       0.669999999999990E+01  0.144202974489611E+02
       0.670999999999990E+01  0.146519804852569E+02
       0.671999999999990E+01  0.148673768054696E+02
       0.672999999999990E+01  0.150636456082409E+02
       0.673999999999990E+01  0.152380302751246E+02
       0.674999999999990E+01  0.153879451090625E+02
       0.675999999999990E+01  0.155110618048997E+02
       0.676999999999990E+01  0.156053908870427E+02
       0.677999999999990E+01  0.156693532191706E+02
       0.678999999999990E+01  0.157018370150251E+02
       0.679999999999990E+01  0.157022365740378E+02
       0.680999999999990E+01  0.156704701783467E+02
       0.681999999999990E+01  0.156069760992165E+02
       0.682999999999990E+01  0.155126873007553E+02
       0.683999999999990E+01  0.153889870034502E+02
       0.684999999999990E+01  0.152376485951096E+02
       0.685999999999990E+01  0.150607643081953E+02
       0.686999999999990E+01  0.148606675381777E+02
       0.687999999999990E+01  0.146398536461395E+02
       0.688999999999990E+01  0.144009036248251E+02
       0.689999999999990E+01  0.141464142146891E+02
       0.690999999999990E+01  0.138789370666426E+02
       0.691999999999990E+01  0.136009284967098E+02
       0.692999999999990E+01  0.133147103849406E+02
       0.693999999999990E+01  0.130224419281595E+02
       0.694999999999990E+01  0.127261013196440E+02
       0.695999999999990E+01  0.124274760194112E+02
       0.696999999999990E+01  0.121281600862879E+02
       0.697999999999990E+01  0.118295570340047E+02
       0.698999999999990E+01  0.115328868006147E+02
       0.699999999999990E+01  0.112391956308052E+02
       0.700999999999989E+01  0.109493679140963E+02
       0.701999999999989E+01  0.106641392571620E+02
       0.702999999999989E+01  0.103841102666871E+02
       0.703999999999989E+01  0.101097606651426E+02
       0.704999999999989E+01  0.984146345332078E+01
       0.705999999999989E+01  0.957949887840427E+01
       0.706999999999989E+01  0.932406797935479E+01
       0.707999999999989E+01  0.907530547979708E+01
       0.708999999999989E+01  0.883329179856400E+01
       0.709999999999989E+01  0.859806396194415E+01
       0.710999999999989E+01  0.836962523596148E+01
       0.711999999999989E+01  0.814795335199743E+01
       0.712999999999989E+01  0.793300726955240E+01
       0.713999999999989E+01  0.772473249697901E+01
       0.714999999999989E+01  0.752306506420632E+01
       0.715999999999989E+01  0.732793430129931E+01
       0.716999999999989E+01  0.713926461642706E+01
       0.717999999999989E+01  0.695697648357222E+01
       0.718999999999989E+01  0.678098684524251E+01
       0.719999999999989E+01  0.661120911296786E+01
       0.720999999999989E+01  0.644755291490373E+01
       0.721999999999989E+01  0.628992370234678E+01
       0.722999999999989E+01  0.613822229148205E+01
       0.723999999999989E+01  0.599234438753346E+01
       0.724999999999989E+01  0.585218011783871E+01
       0.725999999999989E+01  0.571761358832145E+01
       0.726999999999989E+01  0.558852247297909E+01
       0.727999999999989E+01  0.546477764607369E+01
       0.728999999999989E+01  0.534624286929971E+01
       0.729999999999989E+01  0.523277454926887E+01
       0.730999999999989E+01  0.512422158286072E+01
       0.731999999999989E+01  0.502042530876579E+01
       0.732999999999989E+01  0.492121958295385E+01
       0.733999999999989E+01  0.482643099431255E+01
       0.734999999999989E+01  0.473587923489353E+01
       0.735999999999989E+01  0.464937763751593E+01
       0.736999999999989E+01  0.456673389200700E+01
       0.737999999999989E+01  0.448775094978962E+01
       0.738999999999989E+01  0.441222812416177E+01
       0.739999999999989E+01  0.433996238954649E+01
       0.740999999999989E+01  0.427074987636355E+01
       0.741999999999989E+01  0.420438754848293E+01
       0.742999999999989E+01  0.414067503761112E+01
       0.743999999999989E+01  0.407941659439064E+01
       0.744999999999989E+01  0.402042310124036E+01
       0.745999999999989E+01  0.396351407937696E+01
       0.746999999999989E+01  0.390851961452137E+01
       0.747999999999988E+01  0.385528212454654E+01
       0.748999999999988E+01  0.380365789880472E+01
       0.749999999999988E+01  0.375351835273351E+01
       0.750999999999988E+01  0.370475096077207E+01
       0.751999999999988E+01  0.365725985265229E+01
       0.752999999999988E+01  0.361096607925584E+01
       0.753999999999988E+01  0.356580757120168E+01
       0.754999999999988E+01  0.352173882391428E+01
       0.755999999999988E+01  0.347873034640951E+01
       0.756999999999988E+01  0.343676790832756E+01
       0.757999999999988E+01  0.339585161305530E+01
       0.758999999999988E+01  0.335599481699116E+01
       0.759999999999988E+01  0.331722290888342E+01
       0.760999999999988E+01  0.327957196068832E+01
       0.761999999999988E+01  0.324308726329548E+01
       0.762999999999988E+01  0.320782176620590E+01
       0.763999999999988E+01  0.317383444824357E+01
       0.764999999999988E+01  0.314118865451858E+01
       0.765999999999988E+01  0.310995044104635E+01
       0.766999999999988E+01  0.308018697108665E+01
       0.767999999999988E+01  0.305196500562411E+01
       0.768999999999988E+01  0.302534952457573E+01
       0.769999999999988E+01  0.300040250612581E+01
       0.770999999999988E+01  0.297718188038497E+01
       0.771999999999988E+01  0.295574066184444E+01
       0.772999999999988E+01  0.293612625424244E+01
       0.773999999999988E+01  0.291837991257294E+01
       0.774999999999988E+01  0.290253634073588E+01
       0.775999999999988E+01  0.288862340004005E+01
       0.776999999999988E+01  0.287666190334849E+01
       0.777999999999988E+01  0.286666547175553E+01
       0.778999999999988E+01  0.285864043477540E+01
       0.779999999999988E+01  0.285258576047116E+01
       0.780999999999988E+01  0.284849300808279E+01
       0.781999999999988E+01  0.284634630183915E+01
       0.782999999999988E+01  0.284612233009970E+01
       0.783999999999988E+01  0.284779037815165E+01
       0.784999999999988E+01  0.285131240535420E+01
       0.785999999999988E+01  0.285664317746800E+01
       0.786999999999988E+01  0.286373046272118E+01
       0.787999999999988E+01  0.287251529549446E+01
       0.788999999999988E+01  0.288293230482937E+01
       0.789999999999988E+01  0.289491009700605E+01
       0.790999999999988E+01  0.290837167325694E+01
       0.791999999999988E+01  0.292323485657234E+01
       0.792999999999988E+01  0.293941269685185E+01
       0.793999999999988E+01  0.295681382252794E+01
       0.794999999999987E+01  0.297534270996121E+01
       0.795999999999987E+01  0.299489984948428E+01
       0.796999999999987E+01  0.301538179832732E+01
       0.797999999999987E+01  0.303668112451528E+01
       0.798999999999987E+01  0.305868626047456E+01
       0.799999999999987E+01  0.308128129871700E+01
       0.800999999999987E+01  0.310434577304805E+01
       0.801999999999987E+01  0.312775447627736E+01
       0.802999999999987E+01  0.315137736906189E+01
       0.803999999999987E+01  0.317507963450268E+01
       0.804999999999987E+01  0.319872192997375E+01
       0.805999999999987E+01  0.322216088189063E+01
       0.806999999999987E+01  0.324524986097628E+01
       0.807999999999987E+01  0.326784006499405E+01
       0.808999999999987E+01  0.328978192268016E+01
       0.809999999999987E+01  0.331092681671413E+01
       0.810999999999987E+01  0.333112910553290E+01
       0.811999999999987E+01  0.335024840486920E+01
       0.812999999999987E+01  0.336815207192795E+01
       0.813999999999987E+01  0.338471782013072E+01
       0.814999999999987E+01  0.339983638193629E+01
       0.815999999999987E+01  0.341341413192922E+01
       0.816999999999987E+01  0.342537558139135E+01
       0.817999999999987E+01  0.343566565706006E+01
       0.818999999999987E+01  0.344425167843287E+01
       0.819999999999987E+01  0.345112494806271E+01
       0.820999999999987E+01  0.345630186752364E+01
       0.821999999999987E+01  0.345982448979917E+01
       0.822999999999987E+01  0.346176042019626E+01
       0.823999999999987E+01  0.346220198684949E+01
       0.824999999999987E+01  0.346126462232095E+01
       0.825999999999987E+01  0.345908443176520E+01
       0.826999999999987E+01  0.345581496986849E+01
       0.827999999999987E+01  0.345162330450926E+01
       0.828999999999987E+01  0.344668550361446E+01
       0.829999999999987E+01  0.344118173555673E+01
       0.830999999999987E+01  0.343529121544685E+01
       0.831999999999987E+01  0.342918725420038E+01
       0.832999999999987E+01  0.342303267107877E+01
       0.833999999999987E+01  0.341697581298756E+01
       0.834999999999987E+01  0.341114738695683E+01
       0.835999999999987E+01  0.340565825943321E+01
       0.836999999999987E+01  0.340059831173255E+01
       0.837999999999987E+01  0.339603637003392E+01
       0.838999999999987E+01  0.339202115545130E+01
       0.839999999999987E+01  0.338858312970947E+01
       0.840999999999987E+01  0.338573704945869E+01
       0.841999999999986E+01  0.338348499194298E+01
       0.842999999999986E+01  0.338181958108171E+01
       0.843999999999986E+01  0.338072712995800E+01
       0.844999999999986E+01  0.338019042594238E+01
       0.845999999999986E+01  0.338019091902829E+01
       0.846999999999986E+01  0.338071013071576E+01
       0.847999999999986E+01  0.338173017552726E+01
       0.848999999999986E+01  0.338323337308678E+01
       0.849999999999986E+01  0.338520101706843E+01
       0.850999999999986E+01  0.338761144915039E+01
       0.851999999999986E+01  0.339043765309849E+01
       0.852999999999986E+01  0.339364462989749E+01
       0.853999999999986E+01  0.339718683577162E+01
       0.854999999999986E+01  0.340100596025048E+01
       0.855999999999986E+01  0.340502929310898E+01
       0.856999999999986E+01  0.340916888111988E+01
       0.857999999999986E+01  0.341332161357128E+01
       0.858999999999986E+01  0.341737030551601E+01
       0.859999999999986E+01  0.342118577583703E+01
       0.860999999999986E+01  0.342462984904031E+01
       0.861999999999986E+01  0.342755914996409E+01
       0.862999999999986E+01  0.342982951290627E+01
       0.863999999999986E+01  0.343130079324876E+01
       0.864999999999986E+01  0.343184185126983E+01
       0.865999999999986E+01  0.343133547385334E+01
       0.866999999999986E+01  0.342968300845147E+01
       0.867999999999986E+01  0.342680850245832E+01
       0.868999999999986E+01  0.342266216748615E+01
       0.869999999999986E+01  0.341722301967711E+01
       0.870999999999986E+01  0.341050058264168E+01
       0.871999999999986E+01  0.340253557818826E+01
       0.872999999999986E+01  0.339339957147550E+01
       0.873999999999986E+01  0.338319358133186E+01
       0.874999999999986E+01  0.337204571238487E+01
       0.875999999999986E+01  0.336010791147255E+01
       0.876999999999986E+01  0.334755199367106E+01
       0.877999999999986E+01  0.333456511957278E+01
       0.878999999999986E+01  0.332134493154937E+01
       0.879999999999986E+01  0.330809456971581E+01
       0.880999999999986E+01  0.329501778662369E+01
       0.881999999999986E+01  0.328231436350873E+01
       0.882999999999986E+01  0.327017600204483E+01
       0.883999999999986E+01  0.325878282716116E+01
       0.884999999999986E+01  0.324830059245053E+01
       0.885999999999986E+01  0.323887863402456E+01
       0.886999999999986E+01  0.323064857492744E+01
       0.887999999999986E+01  0.322372374323064E+01
       0.888999999999985E+01  0.321819923465006E+01
       0.889999999999985E+01  0.321415252609497E+01
       0.890999999999985E+01  0.321164453044984E+01
       0.891999999999985E+01  0.321072097507776E+01
       0.892999999999985E+01  0.321141398661478E+01
       0.893999999999985E+01  0.321374377187637E+01
       0.894999999999985E+01  0.321772029809598E+01
       0.895999999999985E+01  0.322334489393386E+01
       0.896999999999985E+01  0.323061171414167E+01
       0.897999999999985E+01  0.323950903368568E+01
       0.898999999999985E+01  0.325002035975237E+01
       0.899999999999985E+01  0.326212537077235E+01
       0.900999999999985E+01  0.327580070910308E+01
       0.901999999999985E+01  0.329102066738170E+01
       0.902999999999985E+01  0.330775781722975E+01
       0.903999999999985E+01  0.332598363266142E+01
       0.904999999999985E+01  0.334566915908034E+01
       0.905999999999985E+01  0.336678577210735E+01
       0.906999999999985E+01  0.338930605876494E+01
       0.907999999999985E+01  0.341320483712233E+01
       0.908999999999985E+01  0.343846031022381E+01
       0.909999999999985E+01  0.346505532748897E+01
       0.910999999999985E+01  0.349297870402516E+01
       0.911999999999985E+01  0.352222652828085E+01
       0.912999999999985E+01  0.355280337430896E+01
       0.913999999999985E+01  0.358472332943068E+01
       0.914999999999985E+01  0.361801075321909E+01
       0.915999999999985E+01  0.365270069992084E+01
       0.916999999999985E+01  0.368883896239198E+01
       0.917999999999985E+01  0.372648172829459E+01
       0.918999999999985E+01  0.376569487431110E+01
       0.919999999999985E+01  0.380655295650534E+01
       0.920999999999985E+01  0.384913797995681E+01
       0.921999999999985E+01  0.389353804472182E+01
       0.922999999999985E+01  0.393984596595555E+01
       0.923999999999985E+01  0.398815795347112E+01
       0.924999999999985E+01  0.403857241174236E+01
       0.925999999999985E+01  0.409118888851945E+01
       0.926999999999985E+01  0.414610716298116E+01
       0.927999999999985E+01  0.420342642734334E+01
       0.928999999999985E+01  0.426324448365661E+01
       0.929999999999985E+01  0.432565685415852E+01
       0.930999999999985E+01  0.439075569200561E+01
       0.931999999999985E+01  0.445862838116604E+01
       0.932999999999985E+01  0.452935572986823E+01
       0.933999999999985E+01  0.460300968991791E+01
       0.934999999999985E+01  0.467965057172711E+01
       0.935999999999984E+01  0.475932376839954E+01
       0.936999999999984E+01  0.484205604755234E+01
       0.937999999999984E+01  0.492785151260729E+01
       0.938999999999984E+01  0.501668737239137E+01
       0.939999999999984E+01  0.510850968614206E+01
       0.940999999999984E+01  0.520322926842920E+01
       0.941999999999984E+01  0.530071794406205E+01
       0.942999999999984E+01  0.540080533667180E+01
       0.943999999999984E+01  0.550327635717895E+01
       0.944999999999984E+01  0.560786953152630E+01
       0.945999999999984E+01  0.571427627353405E+01
       0.946999999999984E+01  0.582214117201731E+01
       0.947999999999984E+01  0.593106332556625E+01
       0.948999999999984E+01  0.604059872803091E+01
       0.949999999999984E+01  0.615026368675908E+01
       0.950999999999984E+01  0.625953924667871E+01
       0.951999999999984E+01  0.636787659678063E+01
       0.952999999999984E+01  0.647470344874310E+01
       0.953999999999984E+01  0.657943139419218E+01
       0.954999999999984E+01  0.668146425819067E+01
       0.955999999999984E+01  0.678020746099063E+01
       0.956999999999984E+01  0.687507836729319E+01
       0.957999999999984E+01  0.696551753483733E+01
       0.958999999999984E+01  0.705100067077132E+01
       0.959999999999984E+01  0.713105097179016E+01
       0.960999999999984E+01  0.720525137818530E+01
       0.961999999999984E+01  0.727325613599654E+01
       0.962999999999984E+01  0.733480096266750E+01
       0.963999999999984E+01  0.738971107611647E+01
       0.964999999999984E+01  0.743790639411631E+01
       0.965999999999984E+01  0.747940334746509E+01
       0.966999999999984E+01  0.751431296880156E+01
       0.967999999999984E+01  0.754283519652668E+01
       0.968999999999984E+01  0.756524963630012E+01
       0.969999999999984E+01  0.758190331197098E+01
       0.970999999999984E+01  0.759319617653793E+01
       0.971999999999984E+01  0.759956531338690E+01
       0.972999999999984E+01  0.760146882331831E+01
       0.973999999999984E+01  0.759937036311970E+01
       0.974999999999984E+01  0.759372518923365E+01
       0.975999999999984E+01  0.758496838736134E+01
       0.976999999999984E+01  0.757350576191353E+01
       0.977999999999984E+01  0.755970764367985E+01
       0.978999999999984E+01  0.754390567086682E+01
       0.979999999999984E+01  0.752639242176281E+01
       0.980999999999984E+01  0.750742363333461E+01
       0.981999999999984E+01  0.748722262953043E+01
       0.982999999999983E+01  0.746598650259577E+01
       0.983999999999983E+01  0.744389353581042E+01
       0.984999999999983E+01  0.742111132339827E+01
       0.985999999999983E+01  0.739780503211635E+01
       0.986999999999983E+01  0.737414526086826E+01
       0.987999999999983E+01  0.735031499258531E+01
       0.988999999999983E+01  0.732651519885356E+01
       0.989999999999983E+01  0.730296875186629E+01
       0.990999999999983E+01  0.727992241560958E+01
       0.991999999999983E+01  0.725764681974500E+01
       0.992999999999983E+01  0.723643445316950E+01
       0.993999999999983E+01  0.721659583632318E+01
       0.994999999999983E+01  0.719845413003667E+01
       0.995999999999983E+01  0.718233850578268E+01
       0.996999999999983E+01  0.716857663440353E+01
       0.997999999999983E+01  0.715748664971446E+01
       0.998999999999983E+01  0.714936891619648E+01
       0.999999999999983E+01  0.714449788537930E+01
       0.100099999999998E+02  0.714311427348760E+01
