#          \hbar \omega(eV)    Oscillator strength
       0.000000000000000E+00  -.000000000000000E+00
       0.100000000000000E-01  0.436782520830877E-07
       0.200000000000000E-01  0.174714710596211E-06
       0.300000000000000E-01  0.393114482482802E-06
       0.400000000000000E-01  0.698886079821453E-06
       0.500000000000000E-01  0.109204142058531E-05
       0.600000000000000E-01  0.157259582970535E-05
       0.700000000000000E-01  0.214056804043788E-05
       0.800000000000000E-01  0.279598019603612E-05
       0.900000000000000E-01  0.353885785172662E-05
       0.100000000000000E+00  0.436922997699034E-05
       0.110000000000000E+00  0.528712895814916E-05
       0.120000000000000E+00  0.629259060125788E-05
       0.130000000000000E+00  0.738565413530257E-05
       0.140000000000000E+00  0.856636221570520E-05
       0.150000000000000E+00  0.983476092813589E-05
       0.160000000000000E+00  0.111908997926325E-04
       0.170000000000000E+00  0.126348317680291E-04
       0.180000000000000E+00  0.141666132566931E-04
       0.190000000000000E+00  0.157863041095730E-04
       0.200000000000000E+00  0.174939676315558E-04
       0.210000000000000E+00  0.192896705871370E-04
       0.220000000000000E+00  0.211734832064026E-04
       0.230000000000000E+00  0.231454791913244E-04
       0.240000000000000E+00  0.252057357223699E-04
       0.250000000000000E+00  0.273543334654277E-04
       0.260000000000000E+00  0.295913565790492E-04
       0.270000000000000E+00  0.319168927220087E-04
       0.280000000000000E+00  0.343310330611816E-04
       0.290000000000000E+00  0.368338722797432E-04
       0.300000000000000E+00  0.394255085856894E-04
       0.310000000000000E+00  0.421060437206795E-04
       0.320000000000000E+00  0.448755829692039E-04
       0.330000000000000E+00  0.477342351680772E-04
       0.340000000000000E+00  0.506821127162594E-04
       0.350000000000000E+00  0.537193315850041E-04
       0.360000000000000E+00  0.568460113283404E-04
       0.370000000000000E+00  0.600622750938827E-04
       0.380000000000000E+00  0.633682496339791E-04
       0.390000000000000E+00  0.667640653171914E-04
       0.400000000000000E+00  0.702498561401161E-04
       0.410000000000000E+00  0.738257597395421E-04
       0.420000000000000E+00  0.774919174049523E-04
       0.430000000000000E+00  0.812484740913660E-04
       0.440000000000000E+00  0.850955784325302E-04
       0.450000000000000E+00  0.890333827544560E-04
       0.460000000000000E+00  0.930620430893059E-04
       0.470000000000000E+00  0.971817191896326E-04
       0.480000000000000E+00  0.101392574542974E-03
       0.490000000000000E+00  0.105694776386804E-03
       0.500000000000000E+00  0.110088495723841E-03
       0.510000000000000E+00  0.114573907337722E-03
       0.520000000000000E+00  0.119151189809038E-03
       0.530000000000000E+00  0.123820525531737E-03
       0.540000000000000E+00  0.128582100729900E-03
       0.550000000000000E+00  0.133436105474884E-03
       0.560000000000000E+00  0.138382733702841E-03
       0.570000000000000E+00  0.143422183232624E-03
       0.580000000000000E+00  0.148554655784060E-03
       0.590000000000000E+00  0.153780356996623E-03
       0.600000000000000E+00  0.159099496448478E-03
       0.610000000000000E+00  0.164512287675929E-03
       0.620000000000000E+00  0.170018948193250E-03
       0.630000000000000E+00  0.175619699512925E-03
       0.640000000000000E+00  0.181314767166278E-03
       0.650000000000000E+00  0.187104380724511E-03
       0.660000000000000E+00  0.192988773820145E-03
       0.670000000000000E+00  0.198968184168885E-03
       0.680000000000000E+00  0.205042853591881E-03
       0.690000000000000E+00  0.211213028038424E-03
       0.700000000000000E+00  0.217478957609053E-03
       0.710000000000000E+00  0.223840896579093E-03
       0.720000000000000E+00  0.230299103422623E-03
       0.730000000000000E+00  0.236853840836880E-03
       0.740000000000000E+00  0.243505375767094E-03
       0.750000000000000E+00  0.250253979431773E-03
       0.760000000000000E+00  0.257099927348436E-03
       0.770000000000000E+00  0.264043499359785E-03
       0.780000000000000E+00  0.271084979660351E-03
       0.790000000000000E+00  0.278224656823584E-03
       0.800000000000000E+00  0.285462823829418E-03
       0.810000000000000E+00  0.292799778092300E-03
       0.820000000000001E+00  0.300235821489704E-03
       0.830000000000001E+00  0.307771260391101E-03
       0.840000000000001E+00  0.315406405687446E-03
       0.850000000000001E+00  0.323141572821130E-03
       0.860000000000001E+00  0.330977081816431E-03
       0.870000000000001E+00  0.338913257310480E-03
       0.880000000000001E+00  0.346950428584709E-03
       0.890000000000001E+00  0.355088929596834E-03
       0.900000000000001E+00  0.363329099013338E-03
       0.910000000000001E+00  0.371671280242478E-03
       0.920000000000001E+00  0.380115821467839E-03
       0.930000000000001E+00  0.388663075682389E-03
       0.940000000000001E+00  0.397313400723109E-03
       0.950000000000001E+00  0.406067159306142E-03
       0.960000000000001E+00  0.414924719062517E-03
       0.970000000000001E+00  0.423886452574410E-03
       0.980000000000001E+00  0.432952737411994E-03
       0.990000000000001E+00  0.442123956170838E-03
       0.100000000000000E+01  0.451400496509906E-03
       0.101000000000000E+01  0.460782751190129E-03
       0.102000000000000E+01  0.470271118113570E-03
       0.103000000000000E+01  0.479866000363195E-03
       0.104000000000000E+01  0.489567806243250E-03
       0.105000000000000E+01  0.499376949320247E-03
       0.106000000000000E+01  0.509293848464581E-03
       0.107000000000000E+01  0.519318927892764E-03
       0.108000000000000E+01  0.529452617210313E-03
       0.109000000000000E+01  0.539695351455268E-03
       0.110000000000000E+01  0.550047571142374E-03
       0.111000000000000E+01  0.560509722307917E-03
       0.112000000000000E+01  0.571082256555237E-03
       0.113000000000000E+01  0.581765631100911E-03
       0.114000000000000E+01  0.592560308821636E-03
       0.115000000000000E+01  0.603466758301793E-03
       0.116000000000000E+01  0.614485453881723E-03
       0.117000000000000E+01  0.625616875706720E-03
       0.118000000000000E+01  0.636861509776741E-03
       0.119000000000000E+01  0.648219847996856E-03
       0.120000000000000E+01  0.659692388228425E-03
       0.121000000000000E+01  0.671279634341051E-03
       0.122000000000000E+01  0.682982096265271E-03
       0.123000000000000E+01  0.694800290046037E-03
       0.124000000000000E+01  0.706734737896962E-03
       0.125000000000000E+01  0.718785968255378E-03
       0.126000000000000E+01  0.730954515838189E-03
       0.127000000000000E+01  0.743240921698521E-03
       0.128000000000000E+01  0.755645733283235E-03
       0.129000000000000E+01  0.768169504491237E-03
       0.130000000000000E+01  0.780812795732669E-03
       0.131000000000000E+01  0.793576173988935E-03
       0.132000000000000E+01  0.806460212873609E-03
       0.133000000000000E+01  0.819465492694227E-03
       0.134000000000000E+01  0.832592600514975E-03
       0.135000000000000E+01  0.845842130220284E-03
       0.136000000000000E+01  0.859214682579339E-03
       0.137000000000000E+01  0.872710865311538E-03
       0.138000000000000E+01  0.886331293152881E-03
       0.139000000000000E+01  0.900076587923329E-03
       0.140000000000000E+01  0.913947378595138E-03
       0.141000000000000E+01  0.927944301362177E-03
       0.142000000000000E+01  0.942067999710237E-03
       0.143000000000000E+01  0.956319124488394E-03
       0.144000000000000E+01  0.970698333981350E-03
       0.145000000000000E+01  0.985206293982869E-03
       0.146000000000000E+01  0.999843677870237E-03
       0.147000000000000E+01  0.101461116667982E-02
       0.148000000000000E+01  0.102950944918372E-02
       0.149000000000000E+01  0.104453922196750E-02
       0.150000000000000E+01  0.105970118950908E-02
       0.151000000000000E+01  0.107499606425876E-02
       0.152000000000000E+01  0.109042456672039E-02
       0.153000000000000E+01  0.110598742553370E-02
       0.154000000000000E+01  0.112168537755788E-02
       0.155000000000000E+01  0.113751916795630E-02
       0.156000000000000E+01  0.115348955028253E-02
       0.157000000000000E+01  0.116959728656753E-02
       0.158000000000000E+01  0.118584314740816E-02
       0.159000000000000E+01  0.120222791205697E-02
       0.160000000000000E+01  0.121875236851327E-02
       0.161000000000000E+01  0.123541731361556E-02
       0.162000000000000E+01  0.125222355313522E-02
       0.163000000000000E+01  0.126917190187171E-02
       0.164000000000000E+01  0.128626318374903E-02
       0.165000000000000E+01  0.130349823191361E-02
       0.166000000000000E+01  0.132087788883369E-02
       0.167000000000000E+01  0.133840300640009E-02
       0.168000000000000E+01  0.135607444602844E-02
       0.169000000000000E+01  0.137389307876301E-02
       0.170000000000000E+01  0.139185978538192E-02
       0.171000000000000E+01  0.140997545650398E-02
       0.172000000000000E+01  0.142824099269711E-02
       0.173000000000000E+01  0.144665730458826E-02
       0.174000000000000E+01  0.146522531297508E-02
       0.175000000000000E+01  0.148394594893909E-02
       0.176000000000000E+01  0.150282015396062E-02
       0.177000000000000E+01  0.152184888003543E-02
       0.178000000000000E+01  0.154103308979301E-02
       0.179000000000000E+01  0.156037375661666E-02
       0.180000000000000E+01  0.157987186476537E-02
       0.181000000000000E+01  0.159952840949743E-02
       0.182000000000000E+01  0.161934439719598E-02
       0.183000000000000E+01  0.163932084549632E-02
       0.184000000000000E+01  0.165945878341523E-02
       0.185000000000000E+01  0.167975925148209E-02
       0.186000000000000E+01  0.170022330187205E-02
       0.187000000000000E+01  0.172085199854117E-02
       0.188000000000000E+01  0.174164641736354E-02
       0.189000000000000E+01  0.176260764627052E-02
       0.190000000000000E+01  0.178373678539203E-02
       0.191000000000000E+01  0.180503494719994E-02
       0.192000000000000E+01  0.182650325665369E-02
       0.193000000000000E+01  0.184814285134806E-02
       0.194000000000000E+01  0.186995488166314E-02
       0.195000000000000E+01  0.189194051091663E-02
       0.196000000000000E+01  0.191410091551841E-02
       0.197000000000000E+01  0.193643728512749E-02
       0.198000000000000E+01  0.195895082281128E-02
       0.199000000000000E+01  0.198164274520733E-02
       0.200000000000000E+01  0.200451428268757E-02
       0.201000000000000E+01  0.202756667952495E-02
       0.202000000000000E+01  0.205080119406276E-02
       0.203000000000000E+01  0.207421909888640E-02
       0.204000000000000E+01  0.209782168099797E-02
       0.205000000000000E+01  0.212161024199334E-02
       0.206000000000000E+01  0.214558609824209E-02
       0.207000000000000E+01  0.216975058107019E-02
       0.208000000000000E+01  0.219410503694546E-02
       0.209000000000000E+01  0.221865082766599E-02
       0.210000000000000E+01  0.224338933055135E-02
       0.211000000000000E+01  0.226832193863693E-02
       0.212000000000000E+01  0.229345006087117E-02
       0.213000000000000E+01  0.231877512231596E-02
       0.214000000000000E+01  0.234429856435010E-02
       0.215000000000000E+01  0.237002184487597E-02
       0.216000000000000E+01  0.239594643852951E-02
       0.217000000000000E+01  0.242207383689338E-02
       0.218000000000000E+01  0.244840554871352E-02
       0.219000000000000E+01  0.247494310011923E-02
       0.220000000000000E+01  0.250168803484654E-02
       0.221000000000000E+01  0.252864191446527E-02
       0.222000000000000E+01  0.255580631860966E-02
       0.223000000000000E+01  0.258318284521257E-02
       0.224000000000000E+01  0.261077311074357E-02
       0.225000000000000E+01  0.263857875045073E-02
       0.226000000000000E+01  0.266660141860625E-02
       0.227000000000000E+01  0.269484278875614E-02
       0.228000000000000E+01  0.272330455397380E-02
       0.229000000000000E+01  0.275198842711778E-02
       0.229999999999999E+01  0.278089614109357E-02
       0.230999999999999E+01  0.281002944911976E-02
       0.231999999999999E+01  0.283939012499845E-02
       0.232999999999999E+01  0.286897996339000E-02
       0.233999999999999E+01  0.289880078009232E-02
       0.234999999999999E+01  0.292885441232471E-02
       0.235999999999999E+01  0.295914271901628E-02
       0.236999999999999E+01  0.298966758109917E-02
       0.237999999999999E+01  0.302043090180652E-02
       0.238999999999999E+01  0.305143460697536E-02
       0.239999999999999E+01  0.308268064535447E-02
       0.240999999999999E+01  0.311417098891741E-02
       0.241999999999999E+01  0.314590763318056E-02
       0.242999999999999E+01  0.317789259752670E-02
       0.243999999999999E+01  0.321012792553365E-02
       0.244999999999999E+01  0.324261568530868E-02
       0.245999999999999E+01  0.327535796982829E-02
       0.246999999999999E+01  0.330835689728383E-02
       0.247999999999999E+01  0.334161461143281E-02
       0.248999999999999E+01  0.337513328195619E-02
       0.249999999999999E+01  0.340891510482165E-02
       0.250999999999999E+01  0.344296230265301E-02
       0.251999999999999E+01  0.347727712510596E-02
       0.252999999999999E+01  0.351186184924999E-02
       0.253999999999999E+01  0.354671877995714E-02
       0.254999999999999E+01  0.358185025029701E-02
       0.255999999999999E+01  0.361725862193878E-02
       0.256999999999999E+01  0.365294628556005E-02
       0.257999999999999E+01  0.368891566126263E-02
       0.258999999999999E+01  0.372516919899559E-02
       0.259999999999999E+01  0.376170937898559E-02
       0.260999999999999E+01  0.379853871217459E-02
       0.261999999999999E+01  0.383565974066523E-02
       0.262999999999999E+01  0.387307503817391E-02
       0.263999999999999E+01  0.391078721049178E-02
       0.264999999999999E+01  0.394879889595376E-02
       0.265999999999999E+01  0.398711276591582E-02
       0.266999999999999E+01  0.402573152524064E-02
       0.267999999999999E+01  0.406465791279173E-02
       0.268999999999999E+01  0.410389470193635E-02
       0.269999999999999E+01  0.414344470105738E-02
       0.270999999999999E+01  0.418331075407408E-02
       0.271999999999999E+01  0.422349574097234E-02
       0.272999999999999E+01  0.426400257834417E-02
       0.273999999999999E+01  0.430483421993697E-02
       0.274999999999999E+01  0.434599365721263E-02
       0.275999999999999E+01  0.438748391991654E-02
       0.276999999999998E+01  0.442930807665707E-02
       0.277999999999998E+01  0.447146923549527E-02
       0.278999999999998E+01  0.451397054454543E-02
       0.279999999999998E+01  0.455681519258643E-02
       0.280999999999998E+01  0.460000640968429E-02
       0.281999999999998E+01  0.464354746782600E-02
       0.282999999999998E+01  0.468744168156500E-02
       0.283999999999998E+01  0.473169240867846E-02
       0.284999999999998E+01  0.477630305083670E-02
       0.285999999999998E+01  0.482127705428488E-02
       0.286999999999998E+01  0.486661791053730E-02
       0.287999999999998E+01  0.491232915708471E-02
       0.288999999999998E+01  0.495841437811449E-02
       0.289999999999998E+01  0.500487720524451E-02
       0.290999999999998E+01  0.505172131827063E-02
       0.291999999999998E+01  0.509895044592802E-02
       0.292999999999998E+01  0.514656836666714E-02
       0.293999999999998E+01  0.519457890944398E-02
       0.294999999999998E+01  0.524298595452549E-02
       0.295999999999998E+01  0.529179343431008E-02
       0.296999999999998E+01  0.534100533416382E-02
       0.297999999999998E+01  0.539062569327252E-02
       0.298999999999998E+01  0.544065860551011E-02
       0.299999999999998E+01  0.549110822032364E-02
       0.300999999999998E+01  0.554197874363521E-02
       0.301999999999998E+01  0.559327443876147E-02
       0.302999999999998E+01  0.564499962735058E-02
       0.303999999999998E+01  0.569715869033760E-02
       0.304999999999998E+01  0.574975606891832E-02
       0.305999999999998E+01  0.580279626554192E-02
       0.306999999999998E+01  0.585628384492342E-02
       0.307999999999998E+01  0.591022343507540E-02
       0.308999999999998E+01  0.596461972836057E-02
       0.309999999999998E+01  0.601947748256461E-02
       0.310999999999998E+01  0.607480152199053E-02
       0.311999999999998E+01  0.613059673857452E-02
       0.312999999999998E+01  0.618686809302414E-02
       0.313999999999998E+01  0.624362061597903E-02
       0.314999999999998E+01  0.630085940919494E-02
       0.315999999999998E+01  0.635858964675147E-02
       0.316999999999998E+01  0.641681657628418E-02
       0.317999999999998E+01  0.647554552024136E-02
       0.318999999999998E+01  0.653478187716636E-02
       0.319999999999998E+01  0.659453112300604E-02
       0.320999999999998E+01  0.665479881244556E-02
       0.321999999999998E+01  0.671559058027071E-02
       0.322999999999998E+01  0.677691214275798E-02
       0.323999999999997E+01  0.683876929909325E-02
       0.324999999999997E+01  0.690116793281954E-02
       0.325999999999997E+01  0.696411401331496E-02
       0.326999999999997E+01  0.702761359730102E-02
       0.327999999999997E+01  0.709167283038252E-02
       0.328999999999997E+01  0.715629794861925E-02
       0.329999999999997E+01  0.722149528013098E-02
       0.330999999999997E+01  0.728727124673573E-02
       0.331999999999997E+01  0.735363236562282E-02
       0.332999999999997E+01  0.742058525106103E-02
       0.333999999999997E+01  0.748813661614310E-02
       0.334999999999997E+01  0.755629327456718E-02
       0.335999999999997E+01  0.762506214245626E-02
       0.336999999999997E+01  0.769445024021667E-02
       0.337999999999997E+01  0.776446469443617E-02
       0.338999999999997E+01  0.783511273982311E-02
       0.339999999999997E+01  0.790640172118727E-02
       0.340999999999997E+01  0.797833909546385E-02
       0.341999999999997E+01  0.805093243378109E-02
       0.342999999999997E+01  0.812418942357329E-02
       0.343999999999997E+01  0.819811787073977E-02
       0.344999999999997E+01  0.827272570185144E-02
       0.345999999999997E+01  0.834802096640570E-02
       0.346999999999997E+01  0.842401183913132E-02
       0.347999999999997E+01  0.850070662234419E-02
       0.348999999999997E+01  0.857811374835578E-02
       0.349999999999997E+01  0.865624178193482E-02
       0.350999999999997E+01  0.873509942282457E-02
       0.351999999999997E+01  0.881469550831622E-02
       0.352999999999997E+01  0.889503901588054E-02
       0.353999999999997E+01  0.897613906585875E-02
       0.354999999999997E+01  0.905800492421475E-02
       0.355999999999997E+01  0.914064600534956E-02
       0.356999999999997E+01  0.922407187498055E-02
       0.357999999999997E+01  0.930829225308600E-02
       0.358999999999997E+01  0.939331701691804E-02
       0.359999999999997E+01  0.947915620408462E-02
       0.360999999999997E+01  0.956582001570293E-02
       0.361999999999997E+01  0.965331881962627E-02
       0.362999999999997E+01  0.974166315374594E-02
       0.363999999999997E+01  0.983086372937041E-02
       0.364999999999997E+01  0.992093143468389E-02
       0.365999999999997E+01  0.100118773382864E-01
       0.366999999999997E+01  0.101037126928172E-01
       0.367999999999997E+01  0.101964489386650E-01
       0.368999999999997E+01  0.102900977077655E-01
       0.369999999999997E+01  0.103846708274903E-01
       0.370999999999996E+01  0.104801803246292E-01
       0.371999999999996E+01  0.105766384294676E-01
       0.372999999999996E+01  0.106740575799634E-01
       0.373999999999996E+01  0.107724504260244E-01
       0.374999999999996E+01  0.108718298338901E-01
       0.375999999999996E+01  0.109722088906205E-01
       0.376999999999996E+01  0.110736009086949E-01
       0.377999999999996E+01  0.111760194307237E-01
       0.378999999999996E+01  0.112794782342772E-01
       0.379999999999996E+01  0.113839913368330E-01
       0.380999999999996E+01  0.114895730008476E-01
       0.381999999999996E+01  0.115962377389537E-01
       0.382999999999996E+01  0.117040003192890E-01
       0.383999999999996E+01  0.118128757709577E-01
       0.384999999999996E+01  0.119228793896309E-01
       0.385999999999996E+01  0.120340267432887E-01
       0.386999999999996E+01  0.121463336781087E-01
       0.387999999999996E+01  0.122598163245047E-01
       0.388999999999996E+01  0.123744911033200E-01
       0.389999999999996E+01  0.124903747321815E-01
       0.390999999999996E+01  0.126074842320162E-01
       0.391999999999996E+01  0.127258369337386E-01
       0.392999999999996E+01  0.128454504851110E-01
       0.393999999999996E+01  0.129663428577845E-01
       0.394999999999996E+01  0.130885323545237E-01
       0.395999999999996E+01  0.132120376166228E-01
       0.396999999999996E+01  0.133368776315182E-01
       0.397999999999996E+01  0.134630717406022E-01
       0.398999999999996E+01  0.135906396472472E-01
       0.399999999999996E+01  0.137196014250431E-01
       0.400999999999996E+01  0.138499775262576E-01
       0.401999999999996E+01  0.139817887905247E-01
       0.402999999999996E+01  0.141150564537691E-01
       0.403999999999996E+01  0.142498021573736E-01
       0.404999999999996E+01  0.143860479575974E-01
       0.405999999999996E+01  0.145238163352530E-01
       0.406999999999996E+01  0.146631302056509E-01
       0.407999999999996E+01  0.148040129288188E-01
       0.408999999999996E+01  0.149464883200058E-01
       0.409999999999996E+01  0.150905806604802E-01
       0.410999999999996E+01  0.152363147086301E-01
       0.411999999999996E+01  0.153837157113772E-01
       0.412999999999996E+01  0.155328094159133E-01
       0.413999999999996E+01  0.156836220817712E-01
       0.414999999999996E+01  0.158361804932399E-01
       0.415999999999996E+01  0.159905119721360E-01
       0.416999999999996E+01  0.161466443909433E-01
       0.417999999999996E+01  0.163046061863326E-01
       0.418999999999996E+01  0.164644263730746E-01
       0.419999999999995E+01  0.166261345583591E-01
       0.420999999999995E+01  0.167897609565343E-01
       0.421999999999995E+01  0.169553364042806E-01
       0.422999999999995E+01  0.171228923762336E-01
       0.423999999999995E+01  0.172924610010717E-01
       0.424999999999995E+01  0.174640750780847E-01
       0.425999999999995E+01  0.176377680942394E-01
       0.426999999999995E+01  0.178135742417603E-01
       0.427999999999995E+01  0.179915284362433E-01
       0.428999999999995E+01  0.181716663353200E-01
       0.429999999999995E+01  0.183540243578946E-01
       0.430999999999995E+01  0.185386397039704E-01
       0.431999999999995E+01  0.187255503750905E-01
       0.432999999999995E+01  0.189147951954112E-01
       0.433999999999995E+01  0.191064138334349E-01
       0.434999999999995E+01  0.193004468244223E-01
       0.435999999999995E+01  0.194969355935118E-01
       0.436999999999995E+01  0.196959224795707E-01
       0.437999999999995E+01  0.198974507598048E-01
       0.438999999999995E+01  0.201015646751560E-01
       0.439999999999995E+01  0.203083094565156E-01
       0.440999999999995E+01  0.205177313517843E-01
       0.441999999999995E+01  0.207298776538118E-01
       0.442999999999995E+01  0.209447967292480E-01
       0.443999999999995E+01  0.211625380483410E-01
       0.444999999999995E+01  0.213831522157179E-01
       0.445999999999995E+01  0.216066910021871E-01
       0.446999999999995E+01  0.218332073776003E-01
       0.447999999999995E+01  0.220627555448164E-01
       0.448999999999995E+01  0.222953909748100E-01
       0.449999999999995E+01  0.225311704429697E-01
       0.450999999999995E+01  0.227701520666339E-01
       0.451999999999995E+01  0.230123953439119E-01
       0.452999999999995E+01  0.232579611938433E-01
       0.453999999999995E+01  0.235069119979491E-01
       0.454999999999995E+01  0.237593116432311E-01
       0.455999999999995E+01  0.240152255666784E-01
       0.456999999999995E+01  0.242747208013436E-01
       0.457999999999995E+01  0.245378660240523E-01
       0.458999999999995E+01  0.248047316048165E-01
       0.459999999999995E+01  0.250753896580198E-01
       0.460999999999995E+01  0.253499140954527E-01
       0.461999999999995E+01  0.256283806812736E-01
       0.462999999999995E+01  0.259108670889806E-01
       0.463999999999995E+01  0.261974529604784E-01
       0.464999999999995E+01  0.264882199673332E-01
       0.465999999999995E+01  0.267832518743102E-01
       0.466999999999994E+01  0.270826346052955E-01
       0.467999999999994E+01  0.273864563117068E-01
       0.468999999999994E+01  0.276948074435066E-01
       0.469999999999994E+01  0.280077808229339E-01
       0.470999999999994E+01  0.283254717210798E-01
       0.471999999999994E+01  0.286479779374375E-01
       0.472999999999994E+01  0.289753998825648E-01
       0.473999999999994E+01  0.293078406640071E-01
       0.474999999999994E+01  0.296454061756333E-01
       0.475999999999994E+01  0.299882051905527E-01
       0.476999999999994E+01  0.303363494577832E-01
       0.477999999999994E+01  0.306899538028584E-01
       0.478999999999994E+01  0.310491362325713E-01
       0.479999999999994E+01  0.314140180440631E-01
       0.480999999999994E+01  0.317847239384837E-01
       0.481999999999994E+01  0.321613821394625E-01
       0.482999999999994E+01  0.325441245166506E-01
       0.483999999999994E+01  0.329330867146101E-01
       0.484999999999994E+01  0.333284082873546E-01
       0.485999999999994E+01  0.337302328388630E-01
       0.486999999999994E+01  0.341387081699275E-01
       0.487999999999994E+01  0.345539864317234E-01
       0.488999999999994E+01  0.349762242865300E-01
       0.489999999999994E+01  0.354055830760817E-01
       0.490999999999994E+01  0.358422289980829E-01
       0.491999999999994E+01  0.362863332914887E-01
       0.492999999999994E+01  0.367380724312372E-01
       0.493999999999994E+01  0.371976283332249E-01
       0.494999999999994E+01  0.376651885704475E-01
       0.495999999999994E+01  0.381409466013897E-01
       0.496999999999994E+01  0.386251020119737E-01
       0.497999999999994E+01  0.391178607726434E-01
       0.498999999999994E+01  0.396194355125420E-01
       0.499999999999994E+01  0.401300458132383E-01
       0.500999999999994E+01  0.406499185251237E-01
       0.501999999999994E+01  0.411792881105523E-01
       0.502999999999994E+01  0.417183970190770E-01
       0.503999999999994E+01  0.422674961019942E-01
       0.504999999999994E+01  0.428268450760467E-01
       0.505999999999994E+01  0.433967130499925E-01
       0.506999999999994E+01  0.439773791334720E-01
       0.507999999999994E+01  0.445691331561898E-01
       0.508999999999994E+01  0.451722765386264E-01
       0.509999999999994E+01  0.457871233760312E-01
       0.510999999999994E+01  0.464140018301612E-01
       0.511999999999994E+01  0.470532559763286E-01
       0.512999999999994E+01  0.477052483414845E-01
       0.513999999999993E+01  0.483703635188571E-01
       0.514999999999993E+01  0.490490135054154E-01
       0.515999999999993E+01  0.497416458736173E-01
       0.516999999999993E+01  0.504487567388365E-01
       0.517999999999993E+01  0.511709120682038E-01
       0.518999999999993E+01  0.519087838600729E-01
       0.519999999999993E+01  0.526632132516170E-01
       0.520999999999993E+01  0.534353219403181E-01
       0.521999999999993E+01  0.542267032593781E-01
       0.522999999999993E+01  0.550396986278557E-01
       0.523999999999993E+01  0.558774905688763E-01
       0.524999999999993E+01  0.567423642018346E-01
       0.525999999999993E+01  0.576275528405254E-01
       0.526999999999993E+01  0.585090684861819E-01
       0.527999999999993E+01  0.593760751267112E-01
       0.528999999999993E+01  0.602524370785443E-01
       0.529999999999993E+01  0.611565168141719E-01
       0.530999999999993E+01  0.620908726135710E-01
       0.531999999999993E+01  0.630535893757537E-01
       0.532999999999993E+01  0.640430445524369E-01
       0.533999999999993E+01  0.650584888196415E-01
       0.534999999999993E+01  0.660998059156230E-01
       0.535999999999993E+01  0.671672730597846E-01
       0.536999999999993E+01  0.682614122620904E-01
       0.537999999999993E+01  0.693829064218525E-01
       0.538999999999993E+01  0.705325529209988E-01
       0.539999999999993E+01  0.717112380488261E-01
       0.540999999999993E+01  0.729199230831718E-01
       0.541999999999993E+01  0.741596370660357E-01
       0.542999999999993E+01  0.754314735653809E-01
       0.543999999999993E+01  0.767365899179717E-01
       0.544999999999993E+01  0.780762081008002E-01
       0.545999999999993E+01  0.794516167411027E-01
       0.546999999999993E+01  0.808641739819064E-01
       0.547999999999993E+01  0.823153110416886E-01
       0.548999999999993E+01  0.838065363808496E-01
       0.549999999999993E+01  0.853394404345565E-01
       0.550999999999993E+01  0.869157009027924E-01
       0.551999999999993E+01  0.885370886106020E-01
       0.552999999999993E+01  0.902054739685749E-01
       0.553999999999993E+01  0.919228340779891E-01
       0.554999999999993E+01  0.936912605384381E-01
       0.555999999999993E+01  0.955129680295577E-01
       0.556999999999993E+01  0.973903037540230E-01
       0.557999999999993E+01  0.993257578481683E-01
       0.558999999999993E+01  0.101321974892378E+00
       0.559999999999993E+01  0.103381766691009E+00
       0.560999999999992E+01  0.105508126549720E+00
       0.561999999999992E+01  0.107704245366103E+00
       0.562999999999992E+01  0.109973529945269E+00
       0.563999999999992E+01  0.112319623797130E+00
       0.564999999999992E+01  0.114746428742346E+00
       0.565999999999992E+01  0.117258115842662E+00
       0.566999999999992E+01  0.119859093349206E+00
       0.567999999999992E+01  0.122553978222786E+00
       0.568999999999992E+01  0.125347846081958E+00
       0.569999999999992E+01  0.128246420393763E+00
       0.570999999999992E+01  0.131255827958305E+00
       0.571999999999992E+01  0.134382574018972E+00
       0.572999999999992E+01  0.137633677047285E+00
       0.573999999999992E+01  0.141016764313590E+00
       0.574999999999992E+01  0.144540146750319E+00
       0.575999999999992E+01  0.148212898631230E+00
       0.576999999999992E+01  0.152044949888164E+00
       0.577999999999992E+01  0.156047194180793E+00
       0.578999999999992E+01  0.160231615639615E+00
       0.579999999999992E+01  0.164611438042625E+00
       0.580999999999992E+01  0.169201301438561E+00
       0.581999999999992E+01  0.174017472975206E+00
       0.582999999999992E+01  0.179078101257444E+00
       0.583999999999992E+01  0.184403527555148E+00
       0.584999999999992E+01  0.190016673728679E+00
       0.585999999999992E+01  0.195943537905444E+00
       0.586999999999992E+01  0.202213848214649E+00
       0.587999999999992E+01  0.208861956031398E+00
       0.588999999999992E+01  0.215928083614147E+00
       0.589999999999992E+01  0.223459968529948E+00
       0.590999999999992E+01  0.231514135008486E+00
       0.591999999999992E+01  0.240151964791229E+00
       0.592999999999992E+01  0.249417487974019E+00
       0.593999999999992E+01  0.259317581770391E+00
       0.594999999999992E+01  0.269914352627565E+00
       0.595999999999992E+01  0.281384714915572E+00
       0.596999999999992E+01  0.293909178039118E+00
       0.597999999999992E+01  0.307651752799619E+00
       0.598999999999992E+01  0.322799936162447E+00
       0.599999999999992E+01  0.339588191904170E+00
       0.600999999999992E+01  0.358313664228347E+00
       0.601999999999992E+01  0.379355100379885E+00
       0.602999999999992E+01  0.403199701218178E+00
       0.603999999999992E+01  0.430481966443372E+00
       0.604999999999992E+01  0.462040479139714E+00
       0.605999999999992E+01  0.499002221790645E+00
       0.606999999999992E+01  0.542910263827029E+00
       0.607999999999991E+01  0.595921538027003E+00
       0.608999999999991E+01  0.661120860824216E+00
       0.609999999999991E+01  0.743032943351840E+00
       0.610999999999991E+01  0.848480601183115E+00
       0.611999999999991E+01  0.988062489514215E+00
       0.612999999999991E+01  0.117875422070789E+01
       0.613999999999991E+01  0.144851650701529E+01
       0.614999999999991E+01  0.184413976315198E+01
       0.615999999999991E+01  0.244208820753324E+01
       0.616999999999991E+01  0.334877266637327E+01
       0.617999999999991E+01  0.461400648293354E+01
       0.618999999999991E+01  0.587622738175855E+01
       0.619999999999991E+01  0.614178545399471E+01
       0.620999999999991E+01  0.514727293181278E+01
       0.621999999999991E+01  0.386129047852009E+01
       0.622999999999991E+01  0.288385033893074E+01
       0.623999999999991E+01  0.224727793511783E+01
       0.624999999999991E+01  0.184721811596642E+01
       0.625999999999991E+01  0.159702805057962E+01
       0.626999999999991E+01  0.144234193176358E+01
       0.627999999999991E+01  0.135098822955895E+01
       0.628999999999991E+01  0.130405229066521E+01
       0.629999999999991E+01  0.129043669564385E+01
       0.630999999999991E+01  0.130381093732598E+01
       0.631999999999991E+01  0.134094449904570E+01
       0.632999999999991E+01  0.140083073765398E+01
       0.633999999999991E+01  0.148429016422167E+01
       0.634999999999991E+01  0.159390604707057E+01
       0.635999999999991E+01  0.173424683575114E+01
       0.636999999999991E+01  0.191240825611188E+01
       0.637999999999991E+01  0.213899307942847E+01
       0.638999999999991E+01  0.242977079497018E+01
       0.639999999999991E+01  0.280847200829137E+01
       0.640999999999991E+01  0.331156165029333E+01
       0.641999999999991E+01  0.399656044882532E+01
       0.642999999999991E+01  0.495678747067333E+01
       0.643999999999991E+01  0.634734089544272E+01
       0.644999999999991E+01  0.842758787081863E+01
       0.645999999999991E+01  0.116086909025339E+02
       0.646999999999991E+01  0.163817218308802E+02
       0.647999999999991E+01  0.225757505343038E+02
       0.648999999999991E+01  0.273337431425716E+02
       0.649999999999991E+01  0.261903117833867E+02
       0.650999999999991E+01  0.205081434757238E+02
       0.651999999999991E+01  0.148666007951825E+02
       0.652999999999991E+01  0.108841741015631E+02
       0.653999999999991E+01  0.832303637371506E+01
       0.654999999999990E+01  0.669831118635944E+01
       0.655999999999990E+01  0.566370208619010E+01
       0.656999999999990E+01  0.500876850028639E+01
       0.657999999999990E+01  0.460963997972080E+01
       0.658999999999990E+01  0.439357074508449E+01
       0.659999999999990E+01  0.431828477639865E+01
       0.660999999999990E+01  0.436057468525818E+01
       0.661999999999990E+01  0.451021751789274E+01
       0.662999999999990E+01  0.476703403084208E+01
       0.663999999999990E+01  0.514003795452064E+01
       0.664999999999990E+01  0.564832027527756E+01
       0.665999999999990E+01  0.632382924756519E+01
       0.666999999999990E+01  0.721660007656999E+01
       0.667999999999990E+01  0.840266009424599E+01
       0.668999999999990E+01  0.999015047728849E+01
       0.669999999999990E+01  0.120991008544528E+02
       0.670999999999990E+01  0.147809605653740E+02
       0.671999999999990E+01  0.180878943695191E+02
       0.672999999999990E+01  0.225505773221416E+02
       0.673999999999990E+01  0.292426375874805E+02
       0.674999999999990E+01  0.396368084817819E+02
       0.675999999999990E+01  0.558403143233218E+02
       0.676999999999990E+01  0.800298665072461E+02
       0.677999999999990E+01  0.109752893275536E+03
       0.678999999999990E+01  0.128117183580908E+03
       0.679999999999990E+01  0.116451824484917E+03
       0.680999999999990E+01  0.874139366959002E+02
       0.681999999999990E+01  0.612785507343960E+02
       0.682999999999990E+01  0.432047313314311E+02
       0.683999999999990E+01  0.314565252891803E+02
       0.684999999999990E+01  0.237855341322972E+02
       0.685999999999990E+01  0.186680486805493E+02
       0.686999999999990E+01  0.151905022895616E+02
       0.687999999999990E+01  0.128218341155549E+02
       0.688999999999990E+01  0.112642008704561E+02
       0.689999999999990E+01  0.103743264135839E+02
       0.690999999999990E+01  0.101312613260241E+02
       0.691999999999990E+01  0.106254381265099E+02
       0.692999999999990E+01  0.119918960175381E+02
       0.693999999999990E+01  0.140141149577384E+02
       0.694999999999990E+01  0.152527995607416E+02
       0.695999999999990E+01  0.139744471193538E+02
       0.696999999999990E+01  0.111430688987149E+02
       0.697999999999990E+01  0.857113083362565E+01
       0.698999999999990E+01  0.675909064161793E+01
       0.699999999999990E+01  0.556317898842795E+01
       0.700999999999989E+01  0.478531750425226E+01
       0.701999999999989E+01  0.429552812622260E+01
       0.702999999999989E+01  0.402635813687536E+01
       0.703999999999989E+01  0.395712954864063E+01
       0.704999999999989E+01  0.410884559971458E+01
       0.705999999999989E+01  0.454870086885576E+01
       0.706999999999989E+01  0.538681514197103E+01
       0.707999999999989E+01  0.667848155552856E+01
       0.708999999999989E+01  0.802111316627920E+01
       0.709999999999989E+01  0.826267557375634E+01
       0.710999999999989E+01  0.701887832479358E+01
       0.711999999999989E+01  0.539304833308633E+01
       0.712999999999989E+01  0.412849942844259E+01
       0.713999999999989E+01  0.328342631067995E+01
       0.714999999999989E+01  0.273936783918740E+01
       0.715999999999989E+01  0.239817087327394E+01
       0.716999999999989E+01  0.220489384912351E+01
       0.717999999999989E+01  0.213883239760959E+01
       0.718999999999989E+01  0.220169705113969E+01
       0.719999999999989E+01  0.238414243914325E+01
       0.720999999999989E+01  0.256628978898118E+01
       0.721999999999989E+01  0.249468116339436E+01
       0.722999999999989E+01  0.214964264252357E+01
       0.723999999999989E+01  0.177360169265443E+01
       0.724999999999989E+01  0.148826534478790E+01
       0.725999999999989E+01  0.129116759294263E+01
       0.726999999999989E+01  0.115538259514913E+01
       0.727999999999989E+01  0.106016227131447E+01
       0.728999999999989E+01  0.992855101373545E+00
       0.729999999999989E+01  0.946407717125269E+00
       0.730999999999989E+01  0.917474341238125E+00
       0.731999999999989E+01  0.905547897402246E+00
       0.732999999999989E+01  0.912940253199278E+00
       0.733999999999989E+01  0.945397743180229E+00
       0.734999999999989E+01  0.101228152106838E+01
       0.735999999999989E+01  0.112043951709310E+01
       0.736999999999989E+01  0.124516741254487E+01
       0.737999999999989E+01  0.129923953695045E+01
       0.738999999999989E+01  0.124051027377985E+01
       0.739999999999989E+01  0.115627765483466E+01
       0.740999999999989E+01  0.111886969263353E+01
       0.741999999999989E+01  0.114593736337532E+01
       0.742999999999989E+01  0.124432412947999E+01
       0.743999999999989E+01  0.143197202778724E+01
       0.744999999999989E+01  0.174633484153065E+01
       0.745999999999989E+01  0.224355682150430E+01
       0.746999999999989E+01  0.293945129058606E+01
       0.747999999999988E+01  0.360136506927228E+01
       0.748999999999988E+01  0.368872770882981E+01
       0.749999999999988E+01  0.312371353543373E+01
       0.750999999999988E+01  0.244019343652747E+01
       0.751999999999988E+01  0.195100050886394E+01
       0.752999999999988E+01  0.167820835709298E+01
       0.753999999999988E+01  0.158218281611047E+01
       0.754999999999988E+01  0.164344191022425E+01
       0.755999999999988E+01  0.186139601391392E+01
       0.756999999999988E+01  0.219587170886977E+01
       0.757999999999988E+01  0.247949178586020E+01
       0.758999999999988E+01  0.255369059926084E+01
       0.759999999999988E+01  0.239593178726309E+01
       0.760999999999988E+01  0.200717755832116E+01
       0.761999999999988E+01  0.156197295033953E+01
       0.762999999999988E+01  0.121316174193296E+01
       0.763999999999988E+01  0.974416496521822E+00
       0.764999999999988E+01  0.814048141733741E+00
       0.765999999999988E+01  0.703971262850224E+00
       0.766999999999988E+01  0.626024807810439E+00
       0.767999999999988E+01  0.569154925556299E+00
       0.768999999999988E+01  0.526600198754489E+00
       0.769999999999988E+01  0.494138831618840E+00
       0.770999999999988E+01  0.469064660111499E+00
       0.771999999999988E+01  0.449588447053282E+00
       0.772999999999988E+01  0.434501608899398E+00
       0.773999999999988E+01  0.422979598360954E+00
       0.774999999999988E+01  0.414461422121120E+00
       0.775999999999988E+01  0.408575064711553E+00
       0.776999999999988E+01  0.405091790182375E+00
       0.777999999999988E+01  0.403899974653992E+00
       0.778999999999988E+01  0.404992404888618E+00
       0.779999999999988E+01  0.408462887125856E+00
       0.780999999999988E+01  0.414510647538620E+00
       0.781999999999988E+01  0.423470662733459E+00
       0.782999999999988E+01  0.435881764441455E+00
       0.783999999999988E+01  0.452549235670120E+00
       0.784999999999988E+01  0.474648992371458E+00
       0.785999999999988E+01  0.503936835081480E+00
       0.786999999999988E+01  0.543102093187720E+00
       0.787999999999988E+01  0.596370335403343E+00
       0.788999999999988E+01  0.670526491079475E+00
       0.789999999999988E+01  0.776481855214012E+00
       0.790999999999988E+01  0.930759928869425E+00
       0.791999999999988E+01  0.115384554911943E+01
       0.792999999999988E+01  0.146258001169757E+01
       0.793999999999988E+01  0.184480146180037E+01
       0.794999999999987E+01  0.215578712352350E+01
       0.795999999999987E+01  0.216847869518664E+01
       0.796999999999987E+01  0.197105739331819E+01
       0.797999999999987E+01  0.178154927817402E+01
       0.798999999999987E+01  0.163679774505499E+01
       0.799999999999987E+01  0.155547831695980E+01
       0.800999999999987E+01  0.158950876311992E+01
       0.801999999999987E+01  0.177436211993940E+01
       0.802999999999987E+01  0.214239091390004E+01
       0.803999999999987E+01  0.269184656053247E+01
       0.804999999999987E+01  0.322237655082665E+01
       0.805999999999987E+01  0.330805375611930E+01
       0.806999999999987E+01  0.294218952576127E+01
       0.807999999999987E+01  0.256273098405487E+01
       0.808999999999987E+01  0.239762435935024E+01
       0.809999999999987E+01  0.247713392594649E+01
       0.810999999999987E+01  0.282176402295223E+01
       0.811999999999987E+01  0.349982540419758E+01
       0.812999999999987E+01  0.458255738178024E+01
       0.813999999999987E+01  0.589455809308111E+01
       0.814999999999987E+01  0.660671626063268E+01
       0.815999999999987E+01  0.603010356867000E+01
       0.816999999999987E+01  0.488470829715721E+01
       0.817999999999987E+01  0.400999175247772E+01
       0.818999999999987E+01  0.360634093712242E+01
       0.819999999999987E+01  0.365384659924449E+01
       0.820999999999987E+01  0.416270918092033E+01
       0.821999999999987E+01  0.518522256713740E+01
       0.822999999999987E+01  0.661116058330523E+01
       0.823999999999987E+01  0.767503651562952E+01
       0.824999999999987E+01  0.726857223755016E+01
       0.825999999999987E+01  0.577906029770109E+01
       0.826999999999987E+01  0.435237752379308E+01
       0.827999999999987E+01  0.333775697831640E+01
       0.828999999999987E+01  0.261366409663183E+01
       0.829999999999987E+01  0.208195541181157E+01
       0.830999999999987E+01  0.170954657244603E+01
       0.831999999999987E+01  0.145863378977147E+01
       0.832999999999987E+01  0.129334337063544E+01
       0.833999999999987E+01  0.118923957862427E+01
       0.834999999999987E+01  0.113205805269689E+01
       0.835999999999987E+01  0.111457455556113E+01
       0.836999999999987E+01  0.113472591811699E+01
       0.837999999999987E+01  0.119656593962984E+01
       0.838999999999987E+01  0.131235813404762E+01
       0.839999999999987E+01  0.150449879842148E+01
       0.840999999999987E+01  0.181156727822750E+01
       0.841999999999986E+01  0.229836203224155E+01
       0.842999999999986E+01  0.305952312387201E+01
       0.843999999999986E+01  0.415921954563709E+01
       0.844999999999986E+01  0.534418232384403E+01
       0.845999999999986E+01  0.574298606572809E+01
       0.846999999999986E+01  0.492895208298271E+01
       0.847999999999986E+01  0.372610816771913E+01
       0.848999999999986E+01  0.277890106386704E+01
       0.849999999999986E+01  0.215588513084236E+01
       0.850999999999986E+01  0.175708129695038E+01
       0.851999999999986E+01  0.150174978203908E+01
       0.852999999999986E+01  0.134657303913623E+01
       0.853999999999986E+01  0.126586013512277E+01
       0.854999999999986E+01  0.124520878994499E+01
       0.855999999999986E+01  0.128023547446308E+01
       0.856999999999986E+01  0.137622099662791E+01
       0.857999999999986E+01  0.154962286596976E+01
       0.858999999999986E+01  0.183104228290348E+01
       0.859999999999986E+01  0.226280716891908E+01
       0.860999999999986E+01  0.286430115748771E+01
       0.861999999999986E+01  0.355733959787741E+01
       0.862999999999986E+01  0.426512679047789E+01
       0.863999999999986E+01  0.506399981871848E+01
       0.864999999999986E+01  0.570926703969757E+01
       0.865999999999986E+01  0.563634795877560E+01
       0.866999999999986E+01  0.501544874570138E+01
       0.867999999999986E+01  0.456506135304964E+01
       0.868999999999986E+01  0.460936017193499E+01
       0.869999999999986E+01  0.503767126392688E+01
       0.870999999999986E+01  0.548658266836890E+01
       0.871999999999986E+01  0.585944842574691E+01
       0.872999999999986E+01  0.622994292951630E+01
       0.873999999999986E+01  0.603568508475052E+01
       0.874999999999986E+01  0.499742257228510E+01
       0.875999999999986E+01  0.379384454747075E+01
       0.876999999999986E+01  0.287175801190286E+01
       0.877999999999986E+01  0.222260428123562E+01
       0.878999999999986E+01  0.176068927696752E+01
       0.879999999999986E+01  0.143687607190506E+01
       0.880999999999986E+01  0.121199588886697E+01
       0.881999999999986E+01  0.105469071008154E+01
       0.882999999999986E+01  0.943909380563501E+00
       0.883999999999986E+01  0.866643508047652E+00
       0.884999999999986E+01  0.815266575203382E+00
       0.885999999999986E+01  0.785817483387867E+00
       0.886999999999986E+01  0.777051211935560E+00
       0.887999999999986E+01  0.790079913239951E+00
       0.888999999999985E+01  0.828938887308478E+00
       0.889999999999985E+01  0.901650873176327E+00
       0.890999999999985E+01  0.102227324410585E+01
       0.891999999999985E+01  0.121422211029007E+01
       0.892999999999985E+01  0.149240717776233E+01
       0.893999999999985E+01  0.177962631198525E+01
       0.894999999999985E+01  0.185575233874211E+01
       0.895999999999985E+01  0.166069029647765E+01
       0.896999999999985E+01  0.141528065960297E+01
       0.897999999999985E+01  0.126590831246473E+01
       0.898999999999985E+01  0.123538830377475E+01
       0.899999999999985E+01  0.131656133724204E+01
       0.900999999999985E+01  0.148054942451804E+01
       0.901999999999985E+01  0.161967129409951E+01
       0.902999999999985E+01  0.161590708584630E+01
       0.903999999999985E+01  0.154889491378012E+01
       0.904999999999985E+01  0.154196587958574E+01
       0.905999999999985E+01  0.156694035676558E+01
       0.906999999999985E+01  0.152363266418892E+01
       0.907999999999985E+01  0.144286793219314E+01
       0.908999999999985E+01  0.142751996008445E+01
       0.909999999999985E+01  0.152850566676879E+01
       0.910999999999985E+01  0.177744069813030E+01
       0.911999999999985E+01  0.222263282178721E+01
       0.912999999999985E+01  0.290410402380401E+01
       0.913999999999985E+01  0.368414732561909E+01
       0.914999999999985E+01  0.402243628812656E+01
       0.915999999999985E+01  0.357233283235408E+01
       0.916999999999985E+01  0.282781185157996E+01
       0.917999999999985E+01  0.224778326889024E+01
       0.918999999999985E+01  0.190648262563747E+01
       0.919999999999985E+01  0.173958126957182E+01
       0.920999999999985E+01  0.165120651986706E+01
       0.921999999999985E+01  0.158925188078133E+01
       0.922999999999985E+01  0.157895349274047E+01
       0.923999999999985E+01  0.160780616605201E+01
       0.924999999999985E+01  0.161181584238791E+01
       0.925999999999985E+01  0.160591661498483E+01
       0.926999999999985E+01  0.167686002879411E+01
       0.927999999999985E+01  0.188847392664166E+01
       0.928999999999985E+01  0.227800189502179E+01
       0.929999999999985E+01  0.281335637377945E+01
       0.930999999999985E+01  0.325391447900740E+01
       0.931999999999985E+01  0.327791591035531E+01
       0.932999999999985E+01  0.294146688778273E+01
       0.933999999999985E+01  0.255919107949918E+01
       0.934999999999985E+01  0.227418135086982E+01
       0.935999999999984E+01  0.208809844746097E+01
       0.936999999999984E+01  0.197591444746511E+01
       0.937999999999984E+01  0.185658475147451E+01
       0.938999999999984E+01  0.171622214085822E+01
       0.939999999999984E+01  0.161742723161437E+01
       0.940999999999984E+01  0.158782415505760E+01
       0.941999999999984E+01  0.162432265742189E+01
       0.942999999999984E+01  0.172287604076845E+01
       0.943999999999984E+01  0.188807541351487E+01
       0.944999999999984E+01  0.213598268545451E+01
       0.945999999999984E+01  0.249738129087611E+01
       0.946999999999984E+01  0.302007776377463E+01
       0.947999999999984E+01  0.375959799975829E+01
       0.948999999999984E+01  0.475488965007542E+01
       0.949999999999984E+01  0.599228207238920E+01
       0.950999999999984E+01  0.728997498962155E+01
       0.951999999999984E+01  0.841256575004154E+01
       0.952999999999984E+01  0.928674167905912E+01
       0.953999999999984E+01  0.973766967917886E+01
       0.954999999999984E+01  0.983906451885727E+01
       0.955999999999984E+01  0.965041707037951E+01
       0.956999999999984E+01  0.900668628870632E+01
       0.957999999999984E+01  0.842841587381045E+01
       0.958999999999984E+01  0.853083334078194E+01
       0.959999999999984E+01  0.958233809857304E+01
       0.960999999999984E+01  0.118315282766228E+02
       0.961999999999984E+01  0.156563391083016E+02
       0.962999999999984E+01  0.211827348997306E+02
       0.963999999999984E+01  0.269627939061763E+02
       0.964999999999984E+01  0.293391749090309E+02
       0.965999999999984E+01  0.261950037284713E+02
       0.966999999999984E+01  0.202393769303857E+02
       0.967999999999984E+01  0.149691241850125E+02
       0.968999999999984E+01  0.113357811681289E+02
       0.969999999999984E+01  0.897338566100725E+01
       0.970999999999984E+01  0.752230635199032E+01
       0.971999999999984E+01  0.675168472718102E+01
       0.972999999999984E+01  0.636725274257800E+01
       0.973999999999984E+01  0.605288184046438E+01
       0.974999999999984E+01  0.584536248007214E+01
       0.975999999999984E+01  0.602250870998637E+01
       0.976999999999984E+01  0.674859476090074E+01
       0.977999999999984E+01  0.792359716081932E+01
       0.978999999999984E+01  0.881346974906372E+01
       0.979999999999984E+01  0.849744105436987E+01
       0.980999999999984E+01  0.743327966783936E+01
       0.981999999999984E+01  0.660712247666501E+01
       0.982999999999983E+01  0.636288607874403E+01
       0.983999999999983E+01  0.665492729767660E+01
       0.984999999999983E+01  0.747582701152973E+01
       0.985999999999983E+01  0.906694855823287E+01
       0.986999999999983E+01  0.115597108652437E+02
       0.987999999999983E+01  0.141144550300318E+02
       0.988999999999983E+01  0.146111785851784E+02
       0.989999999999983E+01  0.124278119962732E+02
       0.990999999999983E+01  0.954112859809983E+01
       0.991999999999983E+01  0.738206101927126E+01
       0.992999999999983E+01  0.611842480174802E+01
       0.993999999999983E+01  0.549440327696608E+01
       0.994999999999983E+01  0.515588840006636E+01
       0.995999999999983E+01  0.486146210180040E+01
       0.996999999999983E+01  0.452643412533570E+01
       0.997999999999983E+01  0.409814581645709E+01
       0.998999999999983E+01  0.369598620986810E+01
       0.999999999999983E+01  0.337431849062056E+01
       0.100099999999998E+02  0.312625253463156E+01
