#          \hbar \omega(eV)    Oscillator strength
       0.000000000000000E+00  -.000000000000000E+00
       0.100000000000000E-01  0.218265278165316E-06
       0.200000000000000E-01  0.873069609003447E-06
       0.300000000000000E-01  0.196443848229754E-05
       0.400000000000000E-01  0.349241438354163E-05
       0.500000000000000E-01  0.545705679772422E-05
       0.600000000000000E-01  0.785844221462621E-05
       0.700000000000000E-01  0.106966641356338E-04
       0.800000000000000E-01  0.139718330820677E-04
       0.900000000000000E-01  0.176840766050298E-04
       0.100000000000000E+00  0.218335392967692E-04
       0.110000000000000E+00  0.264203828035684E-04
       0.120000000000000E+00  0.314447858401530E-04
       0.130000000000000E+00  0.369069442056266E-04
       0.140000000000000E+00  0.428070708009330E-04
       0.150000000000000E+00  0.491453956478492E-04
       0.160000000000000E+00  0.559221659095121E-04
       0.170000000000000E+00  0.631376459124809E-04
       0.180000000000000E+00  0.707921171703414E-04
       0.190000000000000E+00  0.788858784088529E-04
       0.200000000000000E+00  0.874192455926436E-04
       0.210000000000000E+00  0.963925519534581E-04
       0.220000000000000E+00  0.105806148019962E-03
       0.230000000000000E+00  0.115660401649108E-03
       0.240000000000000E+00  0.125955698059066E-03
       0.250000000000000E+00  0.136692439863731E-03
       0.260000000000000E+00  0.147871047108800E-03
       0.270000000000000E+00  0.159491957309439E-03
       0.280000000000000E+00  0.171555625489534E-03
       0.290000000000000E+00  0.184062524222539E-03
       0.300000000000000E+00  0.197013143673931E-03
       0.310000000000000E+00  0.210407991645259E-03
       0.320000000000000E+00  0.224247593619827E-03
       0.330000000000000E+00  0.238532492809985E-03
       0.340000000000000E+00  0.253263250206060E-03
       0.350000000000000E+00  0.268440444626921E-03
       0.360000000000000E+00  0.284064672772187E-03
       0.370000000000000E+00  0.300136549276101E-03
       0.380000000000000E+00  0.316656706763053E-03
       0.390000000000000E+00  0.333625795904792E-03
       0.400000000000000E+00  0.351044485479298E-03
       0.410000000000000E+00  0.368913462431369E-03
       0.420000000000000E+00  0.387233431934895E-03
       0.430000000000000E+00  0.406005117456840E-03
       0.440000000000000E+00  0.425229260822957E-03
       0.450000000000000E+00  0.444906622285227E-03
       0.460000000000000E+00  0.465037980591042E-03
       0.470000000000000E+00  0.485624133054145E-03
       0.480000000000000E+00  0.506665895627334E-03
       0.490000000000000E+00  0.528164102976940E-03
       0.500000000000000E+00  0.550119608559104E-03
       0.510000000000000E+00  0.572533284697846E-03
       0.520000000000000E+00  0.595406022664956E-03
       0.530000000000000E+00  0.618738732761709E-03
       0.540000000000000E+00  0.642532344402422E-03
       0.550000000000000E+00  0.666787806199869E-03
       0.560000000000000E+00  0.691506086052568E-03
       0.570000000000000E+00  0.716688171233933E-03
       0.580000000000000E+00  0.742335068483352E-03
       0.590000000000000E+00  0.768447804099161E-03
       0.600000000000000E+00  0.795027424033551E-03
       0.610000000000000E+00  0.822074993989406E-03
       0.620000000000000E+00  0.849591599519139E-03
       0.630000000000000E+00  0.877578346125455E-03
       0.640000000000000E+00  0.906036359364155E-03
       0.650000000000000E+00  0.934966784948911E-03
       0.660000000000000E+00  0.964370788858097E-03
       0.670000000000000E+00  0.994249557443653E-03
       0.680000000000000E+00  0.102460429754203E-02
       0.690000000000000E+00  0.105543623658717E-02
       0.700000000000000E+00  0.108674662272567E-02
       0.710000000000000E+00  0.111853672493399E-02
       0.720000000000000E+00  0.115080783313785E-02
       0.730000000000000E+00  0.118356125833375E-02
       0.740000000000000E+00  0.121679833271273E-02
       0.750000000000000E+00  0.125052040978626E-02
       0.760000000000000E+00  0.128472886451441E-02
       0.770000000000000E+00  0.131942509343627E-02
       0.780000000000000E+00  0.135461051480257E-02
       0.790000000000000E+00  0.139028656871068E-02
       0.800000000000000E+00  0.142645471724186E-02
       0.810000000000000E+00  0.146311644460090E-02
       0.820000000000001E+00  0.150027325725806E-02
       0.830000000000001E+00  0.153792668409346E-02
       0.840000000000001E+00  0.157607827654383E-02
       0.850000000000001E+00  0.161472960875174E-02
       0.860000000000001E+00  0.165388227771728E-02
       0.870000000000001E+00  0.169353790345219E-02
       0.880000000000001E+00  0.173369812913657E-02
       0.890000000000001E+00  0.177436462127810E-02
       0.900000000000001E+00  0.181553906987383E-02
       0.910000000000001E+00  0.185722318857457E-02
       0.920000000000001E+00  0.189941871485193E-02
       0.930000000000001E+00  0.194212741016801E-02
       0.940000000000001E+00  0.198535106014775E-02
       0.950000000000001E+00  0.202909147475404E-02
       0.960000000000001E+00  0.207335048846556E-02
       0.970000000000001E+00  0.211812996045741E-02
       0.980000000000001E+00  0.216343177478455E-02
       0.990000000000001E+00  0.220925784056807E-02
       0.100000000000000E+01  0.225561009218438E-02
       0.101000000000000E+01  0.230249048945730E-02
       0.102000000000000E+01  0.234990101785307E-02
       0.103000000000000E+01  0.239784368867838E-02
       0.104000000000000E+01  0.244632053928142E-02
       0.105000000000000E+01  0.249533363325595E-02
       0.106000000000000E+01  0.254488506064853E-02
       0.107000000000000E+01  0.259497693816880E-02
       0.108000000000000E+01  0.264561140940303E-02
       0.109000000000000E+01  0.269679064503075E-02
       0.110000000000000E+01  0.274851684304480E-02
       0.111000000000000E+01  0.280079222897448E-02
       0.112000000000000E+01  0.285361905611222E-02
       0.113000000000000E+01  0.290699960574347E-02
       0.114000000000000E+01  0.296093618738011E-02
       0.115000000000000E+01  0.301543113899723E-02
       0.116000000000000E+01  0.307048682727358E-02
       0.117000000000000E+01  0.312610564783530E-02
       0.118000000000000E+01  0.318229002550353E-02
       0.119000000000000E+01  0.323904241454552E-02
       0.120000000000000E+01  0.329636529892940E-02
       0.121000000000000E+01  0.335426119258276E-02
       0.122000000000000E+01  0.341273263965505E-02
       0.123000000000000E+01  0.347178221478370E-02
       0.124000000000000E+01  0.353141252336420E-02
       0.125000000000000E+01  0.359162620182419E-02
       0.126000000000000E+01  0.365242591790139E-02
       0.127000000000000E+01  0.371381437092571E-02
       0.128000000000000E+01  0.377579429210542E-02
       0.129000000000000E+01  0.383836844481746E-02
       0.130000000000000E+01  0.390153962490194E-02
       0.131000000000000E+01  0.396531066096107E-02
       0.132000000000000E+01  0.402968441466219E-02
       0.133000000000000E+01  0.409466378104541E-02
       0.134000000000000E+01  0.416025168883548E-02
       0.135000000000000E+01  0.422645110075841E-02
       0.136000000000000E+01  0.429326501386256E-02
       0.137000000000000E+01  0.436069645984425E-02
       0.138000000000000E+01  0.442874850537835E-02
       0.139000000000000E+01  0.449742425245336E-02
       0.140000000000000E+01  0.456672683871153E-02
       0.141000000000000E+01  0.463665943779385E-02
       0.142000000000000E+01  0.470722525968989E-02
       0.143000000000000E+01  0.477842755109290E-02
       0.144000000000000E+01  0.485026959575986E-02
       0.145000000000000E+01  0.492275471487683E-02
       0.146000000000000E+01  0.499588626742955E-02
       0.147000000000000E+01  0.506966765057934E-02
       0.148000000000000E+01  0.514410230004448E-02
       0.149000000000000E+01  0.521919369048711E-02
       0.150000000000000E+01  0.529494533590569E-02
       0.151000000000000E+01  0.537136079003302E-02
       0.152000000000000E+01  0.544844364674037E-02
       0.153000000000000E+01  0.552619754044692E-02
       0.154000000000000E+01  0.560462614653558E-02
       0.155000000000000E+01  0.568373318177461E-02
       0.156000000000000E+01  0.576352240474539E-02
       0.157000000000000E+01  0.584399761627633E-02
       0.158000000000000E+01  0.592516265988322E-02
       0.159000000000000E+01  0.600702142221571E-02
       0.160000000000000E+01  0.608957783351056E-02
       0.161000000000000E+01  0.617283586805123E-02
       0.162000000000000E+01  0.625679954463427E-02
       0.163000000000000E+01  0.634147292704242E-02
       0.164000000000000E+01  0.642686012452475E-02
       0.165000000000000E+01  0.651296529228351E-02
       0.166000000000000E+01  0.659979263196832E-02
       0.167000000000000E+01  0.668734639217748E-02
       0.168000000000000E+01  0.677563086896656E-02
       0.169000000000000E+01  0.686465040636449E-02
       0.170000000000000E+01  0.695440939689714E-02
       0.171000000000000E+01  0.704491228211853E-02
       0.172000000000000E+01  0.713616355315002E-02
       0.173000000000000E+01  0.722816775122709E-02
       0.174000000000000E+01  0.732092946825444E-02
       0.175000000000000E+01  0.741445334736905E-02
       0.176000000000000E+01  0.750874408351167E-02
       0.177000000000000E+01  0.760380642400659E-02
       0.178000000000000E+01  0.769964516915004E-02
       0.179000000000000E+01  0.779626517280737E-02
       0.180000000000000E+01  0.789367134301876E-02
       0.181000000000000E+01  0.799186864261425E-02
       0.182000000000000E+01  0.809086208983766E-02
       0.183000000000000E+01  0.819065675897976E-02
       0.184000000000000E+01  0.829125778102106E-02
       0.185000000000000E+01  0.839267034428389E-02
       0.186000000000000E+01  0.849489969509437E-02
       0.187000000000000E+01  0.859795113845423E-02
       0.188000000000000E+01  0.870183003872258E-02
       0.189000000000000E+01  0.880654182030798E-02
       0.190000000000000E+01  0.891209196837085E-02
       0.191000000000000E+01  0.901848602953633E-02
       0.192000000000000E+01  0.912572961261802E-02
       0.193000000000000E+01  0.923382838935249E-02
       0.194000000000000E+01  0.934278809514482E-02
       0.195000000000000E+01  0.945261452982561E-02
       0.196000000000000E+01  0.956331355841904E-02
       0.197000000000000E+01  0.967489111192303E-02
       0.198000000000000E+01  0.978735318810093E-02
       0.199000000000000E+01  0.990070585228524E-02
       0.200000000000000E+01  0.100149552381937E-01
       0.201000000000000E+01  0.101301075487577E-01
       0.202000000000000E+01  0.102461690569635E-01
       0.203000000000000E+01  0.103631461067060E-01
       0.204000000000000E+01  0.104810451136558E-01
       0.205000000000000E+01  0.105998725661398E-01
       0.206000000000000E+01  0.107196350260347E-01
       0.207000000000000E+01  0.108403391296749E-01
       0.208000000000000E+01  0.109619915887740E-01
       0.209000000000000E+01  0.110845991913610E-01
       0.210000000000000E+01  0.112081688027299E-01
       0.211000000000000E+01  0.113327073664058E-01
       0.212000000000000E+01  0.114582219051240E-01
       0.213000000000000E+01  0.115847195218262E-01
       0.214000000000000E+01  0.117122074006709E-01
       0.215000000000000E+01  0.118406928080600E-01
       0.216000000000000E+01  0.119701830936819E-01
       0.217000000000000E+01  0.121006856915702E-01
       0.218000000000000E+01  0.122322081211796E-01
       0.219000000000000E+01  0.123647579884786E-01
       0.220000000000000E+01  0.124983429870593E-01
       0.221000000000000E+01  0.126329708992649E-01
       0.222000000000000E+01  0.127686495973347E-01
       0.223000000000000E+01  0.129053870445682E-01
       0.224000000000000E+01  0.130431912965063E-01
       0.225000000000000E+01  0.131820705021324E-01
       0.226000000000000E+01  0.133220329050926E-01
       0.227000000000000E+01  0.134630868449346E-01
       0.228000000000000E+01  0.136052407583676E-01
       0.229000000000000E+01  0.137485031805414E-01
       0.229999999999999E+01  0.138928827463468E-01
       0.230999999999999E+01  0.140383881917365E-01
       0.231999999999999E+01  0.141850283550678E-01
       0.232999999999999E+01  0.143328121784666E-01
       0.233999999999999E+01  0.144817487092136E-01
       0.234999999999999E+01  0.146318471011538E-01
       0.235999999999999E+01  0.147831166161277E-01
       0.236999999999999E+01  0.149355666254265E-01
       0.237999999999999E+01  0.150892066112720E-01
       0.238999999999999E+01  0.152440461683187E-01
       0.239999999999999E+01  0.154000950051830E-01
       0.240999999999999E+01  0.155573629459955E-01
       0.241999999999999E+01  0.157158599319803E-01
       0.242999999999999E+01  0.158755960230602E-01
       0.243999999999999E+01  0.160365813994876E-01
       0.244999999999999E+01  0.161988263635040E-01
       0.245999999999999E+01  0.163623413410259E-01
       0.246999999999999E+01  0.165271368833596E-01
       0.247999999999999E+01  0.166932236689440E-01
       0.248999999999999E+01  0.168606125051237E-01
       0.249999999999999E+01  0.170293143299509E-01
       0.250999999999999E+01  0.171993402140178E-01
       0.251999999999999E+01  0.173707013623210E-01
       0.252999999999999E+01  0.175434091161556E-01
       0.253999999999999E+01  0.177174749550436E-01
       0.254999999999999E+01  0.178929104986932E-01
       0.255999999999999E+01  0.180697275089926E-01
       0.256999999999999E+01  0.182479378920377E-01
       0.257999999999999E+01  0.184275537001944E-01
       0.258999999999999E+01  0.186085871341960E-01
       0.259999999999999E+01  0.187910505452777E-01
       0.260999999999999E+01  0.189749564373467E-01
       0.261999999999999E+01  0.191603174691906E-01
       0.262999999999999E+01  0.193471464567240E-01
       0.263999999999999E+01  0.195354563752740E-01
       0.264999999999999E+01  0.197252603619055E-01
       0.265999999999999E+01  0.199165717177872E-01
       0.266999999999999E+01  0.201094039105992E-01
       0.267999999999999E+01  0.203037705769824E-01
       0.268999999999999E+01  0.204996855250314E-01
       0.269999999999999E+01  0.206971627368310E-01
       0.270999999999999E+01  0.208962163710385E-01
       0.271999999999999E+01  0.210968607655102E-01
       0.272999999999999E+01  0.212991104399757E-01
       0.273999999999999E+01  0.215029800987601E-01
       0.274999999999999E+01  0.217084846335538E-01
       0.275999999999999E+01  0.219156391262324E-01
       0.276999999999998E+01  0.221244588517277E-01
       0.277999999999998E+01  0.223349592809494E-01
       0.278999999999998E+01  0.225471560837604E-01
       0.279999999999998E+01  0.227610651320055E-01
       0.280999999999998E+01  0.229767025025950E-01
       0.281999999999998E+01  0.231940844806449E-01
       0.282999999999998E+01  0.234132275626733E-01
       0.283999999999998E+01  0.236341484598565E-01
       0.284999999999998E+01  0.238568641013440E-01
       0.285999999999998E+01  0.240813916376343E-01
       0.286999999999998E+01  0.243077484440140E-01
       0.287999999999998E+01  0.245359521240585E-01
       0.288999999999998E+01  0.247660205131999E-01
       0.289999999999998E+01  0.249979716823592E-01
       0.290999999999998E+01  0.252318239416472E-01
       0.291999999999998E+01  0.254675958441341E-01
       0.292999999999998E+01  0.257053061896903E-01
       0.293999999999998E+01  0.259449740288981E-01
       0.294999999999998E+01  0.261866186670383E-01
       0.295999999999998E+01  0.264302596681520E-01
       0.296999999999998E+01  0.266759168591772E-01
       0.297999999999998E+01  0.269236103341679E-01
       0.298999999999998E+01  0.271733604585890E-01
       0.299999999999998E+01  0.274251878736971E-01
       0.300999999999998E+01  0.276791135010021E-01
       0.301999999999998E+01  0.279351585468166E-01
       0.302999999999998E+01  0.281933445068916E-01
       0.303999999999998E+01  0.284536931711422E-01
       0.304999999999998E+01  0.287162266284649E-01
       0.305999999999998E+01  0.289809672716480E-01
       0.306999999999998E+01  0.292479378023772E-01
       0.307999999999998E+01  0.295171612363407E-01
       0.308999999999998E+01  0.297886609084318E-01
       0.309999999999998E+01  0.300624604780558E-01
       0.310999999999998E+01  0.303385839345398E-01
       0.311999999999998E+01  0.306170556026503E-01
       0.312999999999998E+01  0.308979001482196E-01
       0.313999999999998E+01  0.311811425838844E-01
       0.314999999999998E+01  0.314668082749378E-01
       0.315999999999998E+01  0.317549229452992E-01
       0.316999999999998E+01  0.320455126836038E-01
       0.317999999999998E+01  0.323386039494130E-01
       0.318999999999998E+01  0.326342235795520E-01
       0.319999999999998E+01  0.329323987945746E-01
       0.320999999999998E+01  0.332331572053575E-01
       0.321999999999998E+01  0.335365268198325E-01
       0.322999999999998E+01  0.338425360498518E-01
       0.323999999999997E+01  0.341512137181967E-01
       0.324999999999997E+01  0.344625890657281E-01
       0.325999999999997E+01  0.347766917586865E-01
       0.326999999999997E+01  0.350935518961397E-01
       0.327999999999997E+01  0.354132000175877E-01
       0.328999999999997E+01  0.357356671107229E-01
       0.329999999999997E+01  0.360609846193538E-01
       0.330999999999997E+01  0.363891844514938E-01
       0.331999999999997E+01  0.367202989876192E-01
       0.332999999999997E+01  0.370543610891009E-01
       0.333999999999997E+01  0.373914041068142E-01
       0.334999999999997E+01  0.377314618899306E-01
       0.335999999999997E+01  0.380745687948964E-01
       0.336999999999997E+01  0.384207596946017E-01
       0.337999999999997E+01  0.387700699877462E-01
       0.338999999999997E+01  0.391225356084054E-01
       0.339999999999997E+01  0.394781930358018E-01
       0.340999999999997E+01  0.398370793042868E-01
       0.341999999999997E+01  0.401992320135403E-01
       0.342999999999997E+01  0.405646893389887E-01
       0.343999999999997E+01  0.409334900424519E-01
       0.344999999999997E+01  0.413056734830220E-01
       0.345999999999997E+01  0.416812796281805E-01
       0.346999999999997E+01  0.420603490651596E-01
       0.347999999999997E+01  0.424429230125546E-01
       0.348999999999997E+01  0.428290433321923E-01
       0.349999999999997E+01  0.432187525412642E-01
       0.350999999999997E+01  0.436120938247283E-01
       0.351999999999997E+01  0.440091110479900E-01
       0.352999999999997E+01  0.444098487698646E-01
       0.353999999999997E+01  0.448143522558343E-01
       0.354999999999997E+01  0.452226674916022E-01
       0.355999999999997E+01  0.456348411969545E-01
       0.356999999999997E+01  0.460509208399372E-01
       0.357999999999997E+01  0.464709546513551E-01
       0.358999999999997E+01  0.468949916396048E-01
       0.359999999999997E+01  0.473230816058461E-01
       0.360999999999997E+01  0.477552751595231E-01
       0.361999999999997E+01  0.481916237342445E-01
       0.362999999999997E+01  0.486321796040332E-01
       0.363999999999997E+01  0.490769958999512E-01
       0.364999999999997E+01  0.495261266271159E-01
       0.365999999999997E+01  0.499796266821129E-01
       0.366999999999997E+01  0.504375518708193E-01
       0.367999999999997E+01  0.508999589266473E-01
       0.368999999999997E+01  0.513669055292205E-01
       0.369999999999997E+01  0.518384503234928E-01
       0.370999999999996E+01  0.523146529393244E-01
       0.371999999999996E+01  0.527955740115254E-01
       0.372999999999996E+01  0.532812752003826E-01
       0.373999999999996E+01  0.537718192126788E-01
       0.374999999999996E+01  0.542672698232220E-01
       0.375999999999996E+01  0.547676918968981E-01
       0.376999999999996E+01  0.552731514112597E-01
       0.377999999999996E+01  0.557837154796673E-01
       0.378999999999996E+01  0.562994523750003E-01
       0.379999999999996E+01  0.568204315539505E-01
       0.380999999999996E+01  0.573467236819174E-01
       0.381999999999996E+01  0.578784006585211E-01
       0.382999999999996E+01  0.584155356437515E-01
       0.383999999999996E+01  0.589582030847709E-01
       0.384999999999996E+01  0.595064787433882E-01
       0.385999999999996E+01  0.600604397242295E-01
       0.386999999999996E+01  0.606201645036158E-01
       0.387999999999996E+01  0.611857329591795E-01
       0.388999999999996E+01  0.617572264002303E-01
       0.389999999999996E+01  0.623347275989029E-01
       0.390999999999996E+01  0.629183208221013E-01
       0.391999999999996E+01  0.635080918642690E-01
       0.392999999999996E+01  0.641041280810066E-01
       0.393999999999996E+01  0.647065184235620E-01
       0.394999999999996E+01  0.653153534742223E-01
       0.395999999999996E+01  0.659307254826319E-01
       0.396999999999996E+01  0.665527284030649E-01
       0.397999999999996E+01  0.671814579326822E-01
       0.398999999999996E+01  0.678170115508041E-01
       0.399999999999996E+01  0.684594885592240E-01
       0.400999999999996E+01  0.691089901236031E-01
       0.401999999999996E+01  0.697656193159756E-01
       0.402999999999996E+01  0.704294811583954E-01
       0.403999999999996E+01  0.711006826677665E-01
       0.404999999999996E+01  0.717793329018918E-01
       0.405999999999996E+01  0.724655430067725E-01
       0.406999999999996E+01  0.731594262652104E-01
       0.407999999999996E+01  0.738610981467393E-01
       0.408999999999996E+01  0.745706763589394E-01
       0.409999999999996E+01  0.752882809001758E-01
       0.410999999999996E+01  0.760140341138012E-01
       0.411999999999996E+01  0.767480607438776E-01
       0.412999999999996E+01  0.774904879924632E-01
       0.413999999999996E+01  0.782414455785132E-01
       0.414999999999996E+01  0.790010657984515E-01
       0.415999999999996E+01  0.797694835884624E-01
       0.416999999999996E+01  0.805468365885672E-01
       0.417999999999996E+01  0.813332652085347E-01
       0.418999999999996E+01  0.821289126956940E-01
       0.419999999999995E+01  0.829339252047129E-01
       0.420999999999995E+01  0.837484518694018E-01
       0.421999999999995E+01  0.845726448766169E-01
       0.422999999999995E+01  0.854066595423325E-01
       0.423999999999995E+01  0.862506543899569E-01
       0.424999999999995E+01  0.871047912309631E-01
       0.425999999999995E+01  0.879692352479216E-01
       0.426999999999995E+01  0.888441550800160E-01
       0.427999999999995E+01  0.897297229111207E-01
       0.428999999999995E+01  0.906261145605383E-01
       0.429999999999995E+01  0.915335095764875E-01
       0.430999999999995E+01  0.924520913324355E-01
       0.431999999999995E+01  0.933820471263766E-01
       0.432999999999995E+01  0.943235682831635E-01
       0.433999999999995E+01  0.952768502599987E-01
       0.434999999999995E+01  0.962420927551958E-01
       0.435999999999995E+01  0.972194998203377E-01
       0.436999999999995E+01  0.982092799759439E-01
       0.437999999999995E+01  0.992116463307816E-01
       0.438999999999995E+01  0.100226816704952E+00
       0.439999999999995E+01  0.101255013756888E+00
       0.440999999999995E+01  0.102296465114413E+00
       0.441999999999995E+01  0.103351403510008E+00
       0.442999999999995E+01  0.104420066920444E+00
       0.443999999999995E+01  0.105502698710941E+00
       0.444999999999995E+01  0.106599547784037E+00
       0.445999999999995E+01  0.107710868733324E+00
       0.446999999999995E+01  0.108836922002262E+00
       0.447999999999995E+01  0.109977974048239E+00
       0.448999999999995E+01  0.111134297512104E+00
       0.449999999999995E+01  0.112306171393366E+00
       0.450999999999995E+01  0.113493881231296E+00
       0.451999999999995E+01  0.114697719292144E+00
       0.452999999999995E+01  0.115917984762735E+00
       0.453999999999995E+01  0.117154983950675E+00
       0.454999999999995E+01  0.118409030491450E+00
       0.455999999999995E+01  0.119680445562675E+00
       0.456999999999995E+01  0.120969558105799E+00
       0.457999999999995E+01  0.122276705055565E+00
       0.458999999999995E+01  0.123602231577521E+00
       0.459999999999995E+01  0.124946491313950E+00
       0.460999999999995E+01  0.126309846638532E+00
       0.461999999999995E+01  0.127692668920126E+00
       0.462999999999995E+01  0.129095338796032E+00
       0.463999999999995E+01  0.130518246455157E+00
       0.464999999999995E+01  0.131961791931480E+00
       0.465999999999995E+01  0.133426385408275E+00
       0.466999999999994E+01  0.134912447533544E+00
       0.467999999999994E+01  0.136420409747145E+00
       0.468999999999994E+01  0.137950714620128E+00
       0.469999999999994E+01  0.139503816206816E+00
       0.470999999999994E+01  0.141080180410181E+00
       0.471999999999994E+01  0.142680285361132E+00
       0.472999999999994E+01  0.144304621812303E+00
       0.473999999999994E+01  0.145953693547028E+00
       0.474999999999994E+01  0.147628017804177E+00
       0.475999999999994E+01  0.149328125719583E+00
       0.476999999999994E+01  0.151054562784822E+00
       0.477999999999994E+01  0.152807889324168E+00
       0.478999999999994E+01  0.154588680990560E+00
       0.479999999999994E+01  0.156397529281487E+00
       0.480999999999994E+01  0.158235042075751E+00
       0.481999999999994E+01  0.160101844192089E+00
       0.482999999999994E+01  0.161998577970748E+00
       0.483999999999994E+01  0.163925903879109E+00
       0.484999999999994E+01  0.165884501142563E+00
       0.485999999999994E+01  0.167875068401894E+00
       0.486999999999994E+01  0.169898324398501E+00
       0.487999999999994E+01  0.171955008688871E+00
       0.488999999999994E+01  0.174045882389798E+00
       0.489999999999994E+01  0.176171728955932E+00
       0.490999999999994E+01  0.178333354991332E+00
       0.491999999999994E+01  0.180531591096794E+00
       0.492999999999994E+01  0.182767292754825E+00
       0.493999999999994E+01  0.185041341254241E+00
       0.494999999999994E+01  0.187354644656443E+00
       0.495999999999994E+01  0.189708138805558E+00
       0.496999999999994E+01  0.192102788384669E+00
       0.497999999999994E+01  0.194539588020460E+00
       0.498999999999994E+01  0.197019563438607E+00
       0.499999999999994E+01  0.199543772672259E+00
       0.500999999999994E+01  0.202113307325843E+00
       0.501999999999994E+01  0.204729293896244E+00
       0.502999999999994E+01  0.207392895153116E+00
       0.503999999999994E+01  0.210105311579487E+00
       0.504999999999994E+01  0.212867782873067E+00
       0.505999999999994E+01  0.215681589507472E+00
       0.506999999999994E+01  0.218548054350942E+00
       0.507999999999994E+01  0.221468544337890E+00
       0.508999999999994E+01  0.224444472185712E+00
       0.509999999999994E+01  0.227477298145618E+00
       0.510999999999994E+01  0.230568531771989E+00
       0.511999999999994E+01  0.233719733690244E+00
       0.512999999999994E+01  0.236932517339351E+00
       0.513999999999993E+01  0.240208550663725E+00
       0.514999999999993E+01  0.243549557733286E+00
       0.515999999999993E+01  0.246957320284434E+00
       0.516999999999993E+01  0.250433679204946E+00
       0.517999999999993E+01  0.253980536038916E+00
       0.518999999999993E+01  0.257599854668559E+00
       0.519999999999993E+01  0.261293663434737E+00
       0.520999999999993E+01  0.265064058068532E+00
       0.521999999999993E+01  0.268913205879583E+00
       0.522999999999993E+01  0.272843351617749E+00
       0.523999999999993E+01  0.276856825224274E+00
       0.524999999999993E+01  0.280956051289647E+00
       0.525999999999993E+01  0.285143559508042E+00
       0.526999999999993E+01  0.289421994953022E+00
       0.527999999999993E+01  0.293794126846296E+00
       0.528999999999993E+01  0.298262854815021E+00
       0.529999999999993E+01  0.302831212372149E+00
       0.530999999999993E+01  0.307502368213411E+00
       0.531999999999993E+01  0.312279626537935E+00
       0.532999999999993E+01  0.317166427748005E+00
       0.533999999999993E+01  0.322166350598452E+00
       0.534999999999993E+01  0.327283116360561E+00
       0.535999999999993E+01  0.332520595077304E+00
       0.536999999999993E+01  0.337882813662745E+00
       0.537999999999993E+01  0.343373965467449E+00
       0.538999999999993E+01  0.348998420946994E+00
       0.539999999999993E+01  0.354760739162440E+00
       0.540999999999993E+01  0.360665679953345E+00
       0.541999999999993E+01  0.366718216722919E+00
       0.542999999999993E+01  0.372923549848903E+00
       0.543999999999993E+01  0.379287120782848E+00
       0.544999999999993E+01  0.385814626930445E+00
       0.545999999999993E+01  0.392512037422535E+00
       0.546999999999993E+01  0.399385609896362E+00
       0.547999999999993E+01  0.406441908413087E+00
       0.548999999999993E+01  0.413687822643514E+00
       0.549999999999993E+01  0.421130588460513E+00
       0.550999999999993E+01  0.428777810084994E+00
       0.551999999999993E+01  0.436637483942626E+00
       0.552999999999993E+01  0.444718024401234E+00
       0.553999999999993E+01  0.453028291574103E+00
       0.554999999999993E+01  0.461577621392253E+00
       0.555999999999993E+01  0.470375858169670E+00
       0.556999999999993E+01  0.479433389909227E+00
       0.557999999999993E+01  0.488761186624586E+00
       0.558999999999993E+01  0.498370841984392E+00
       0.559999999999993E+01  0.508274618620689E+00
       0.560999999999992E+01  0.518485497483753E+00
       0.561999999999992E+01  0.529017231670942E+00
       0.562999999999992E+01  0.539884405208399E+00
       0.563999999999992E+01  0.551102497321168E+00
       0.564999999999992E+01  0.562687952790762E+00
       0.565999999999992E+01  0.574658259069298E+00
       0.566999999999992E+01  0.587032030898345E+00
       0.567999999999992E+01  0.599829103270850E+00
       0.568999999999992E+01  0.613070633679054E+00
       0.569999999999992E+01  0.626779214712985E+00
       0.570999999999992E+01  0.640978998214026E+00
       0.571999999999992E+01  0.655695832345604E+00
       0.572999999999992E+01  0.670957413117786E+00
       0.573999999999992E+01  0.686793452094632E+00
       0.574999999999992E+01  0.703235862224010E+00
       0.575999999999992E+01  0.720318963963548E+00
       0.576999999999992E+01  0.738079714135563E+00
       0.577999999999992E+01  0.756557960231238E+00
       0.578999999999992E+01  0.775796723200561E+00
       0.579999999999992E+01  0.795842512110830E+00
       0.580999999999992E+01  0.816745674431386E+00
       0.581999999999992E+01  0.838560786106335E+00
       0.582999999999992E+01  0.861347086006678E+00
       0.583999999999992E+01  0.885168959802895E+00
       0.584999999999992E+01  0.910096478749081E+00
       0.585999999999992E+01  0.936205999277260E+00
       0.586999999999992E+01  0.963580829571163E+00
       0.587999999999992E+01  0.992311969245301E+00
       0.588999999999992E+01  0.102249892759920E+01
       0.589999999999992E+01  0.105425062420934E+01
       0.590999999999992E+01  0.108768637231356E+01
       0.591999999999992E+01  0.112293693996572E+01
       0.592999999999992E+01  0.116014567580766E+01
       0.593999999999992E+01  0.119946967511748E+01
       0.594999999999992E+01  0.124108094695565E+01
       0.595999999999992E+01  0.128516752344997E+01
       0.596999999999992E+01  0.133193442503074E+01
       0.597999999999992E+01  0.138160435694004E+01
       0.598999999999992E+01  0.143441795789317E+01
       0.599999999999992E+01  0.149063334650591E+01
       0.600999999999992E+01  0.155052461064003E+01
       0.601999999999992E+01  0.161437875601834E+01
       0.602999999999992E+01  0.168249047286411E+01
       0.603999999999992E+01  0.175515389838222E+01
       0.604999999999992E+01  0.183265036589816E+01
       0.605999999999992E+01  0.191523097695557E+01
       0.606999999999992E+01  0.200309278370246E+01
       0.607999999999991E+01  0.209634754863890E+01
       0.608999999999991E+01  0.219498264312755E+01
       0.609999999999991E+01  0.229881489990989E+01
       0.610999999999991E+01  0.240744040773404E+01
       0.611999999999991E+01  0.252018648118886E+01
       0.612999999999991E+01  0.263607617370294E+01
       0.613999999999991E+01  0.275381988733836E+01
       0.614999999999991E+01  0.287185109650701E+01
       0.615999999999991E+01  0.298842132508237E+01
       0.616999999999991E+01  0.310176071602004E+01
       0.617999999999991E+01  0.321029411551387E+01
       0.618999999999991E+01  0.331288187312725E+01
       0.619999999999991E+01  0.340903743392411E+01
       0.620999999999991E+01  0.349906991852830E+01
       0.621999999999991E+01  0.358411477679278E+01
       0.622999999999991E+01  0.366604559883558E+01
       0.623999999999991E+01  0.374729299651805E+01
       0.624999999999991E+01  0.383061817836577E+01
       0.625999999999991E+01  0.391889203680256E+01
       0.626999999999991E+01  0.401491760787132E+01
       0.627999999999991E+01  0.412131338465995E+01
       0.628999999999991E+01  0.424045615841351E+01
       0.629999999999991E+01  0.437446991003552E+01
       0.630999999999991E+01  0.452524240519858E+01
       0.631999999999991E+01  0.469445148919238E+01
       0.632999999999991E+01  0.488358593702484E+01
       0.633999999999991E+01  0.509394902894999E+01
       0.634999999999991E+01  0.532663573874127E+01
       0.635999999999991E+01  0.558247637076911E+01
       0.636999999999991E+01  0.586194112037804E+01
       0.637999999999991E+01  0.616500225521308E+01
       0.638999999999991E+01  0.649095463951960E+01
       0.639999999999991E+01  0.683820255095564E+01
       0.640999999999991E+01  0.720403243008397E+01
       0.641999999999991E+01  0.758440775602680E+01
       0.642999999999991E+01  0.797384196971738E+01
       0.643999999999991E+01  0.836542297564940E+01
       0.644999999999991E+01  0.875106845314024E+01
       0.645999999999991E+01  0.912207220527666E+01
       0.646999999999991E+01  0.946994800626509E+01
       0.647999999999991E+01  0.978749122334903E+01
       0.648999999999991E+01  0.100698831176522E+02
       0.649999999999991E+01  0.103156000973698E+02
       0.650999999999991E+01  0.105269017752609E+02
       0.651999999999991E+01  0.107097698215869E+02
       0.652999999999991E+01  0.108733211926618E+02
       0.653999999999991E+01  0.110288599605132E+02
       0.654999999999990E+01  0.111888039853777E+02
       0.655999999999990E+01  0.113657077058534E+02
       0.656999999999990E+01  0.115715247169572E+02
       0.657999999999990E+01  0.118171576771600E+02
       0.658999999999990E+01  0.121122651391535E+02
       0.659999999999990E+01  0.124652510120943E+02
       0.660999999999990E+01  0.128833498982325E+02
       0.661999999999990E+01  0.133727289667712E+02
       0.662999999999990E+01  0.139385424635696E+02
       0.663999999999990E+01  0.145848904374421E+02
       0.664999999999990E+01  0.153146453339627E+02
       0.665999999999990E+01  0.161291187780205E+02
       0.666999999999990E+01  0.170275484400522E+02
       0.667999999999990E+01  0.180063952979725E+02
       0.668999999999990E+01  0.190584603013851E+02
       0.669999999999990E+01  0.201718631515019E+02
       0.670999999999990E+01  0.213289813103634E+02
       0.671999999999990E+01  0.225055271256239E+02
       0.672999999999990E+01  0.236700364957948E+02
       0.673999999999990E+01  0.247841251815046E+02
       0.674999999999990E+01  0.258038862144690E+02
       0.675999999999990E+01  0.266826886921580E+02
       0.676999999999990E+01  0.273753505677606E+02
       0.677999999999990E+01  0.278432230104820E+02
       0.678999999999990E+01  0.280592747899086E+02
       0.679999999999990E+01  0.280120149044707E+02
       0.680999999999990E+01  0.277072252888072E+02
       0.681999999999990E+01  0.271670135207036E+02
       0.682999999999990E+01  0.264264399821863E+02
       0.683999999999990E+01  0.255286059493018E+02
       0.684999999999990E+01  0.245193590589400E+02
       0.685999999999990E+01  0.234426358917744E+02
       0.686999999999990E+01  0.223370646714866E+02
       0.687999999999990E+01  0.212340085812425E+02
       0.688999999999990E+01  0.201569008003970E+02
       0.689999999999990E+01  0.191215603954625E+02
       0.690999999999990E+01  0.181371547079547E+02
       0.691999999999990E+01  0.172075250238701E+02
       0.692999999999990E+01  0.163326594197830E+02
       0.693999999999990E+01  0.155101464523605E+02
       0.694999999999990E+01  0.147364711416389E+02
       0.695999999999990E+01  0.140080361719366E+02
       0.696999999999990E+01  0.133218266796791E+02
       0.697999999999990E+01  0.126756947877180E+02
       0.698999999999990E+01  0.120683090075147E+02
       0.699999999999990E+01  0.114988701167233E+02
       0.700999999999989E+01  0.109667194553255E+02
       0.701999999999989E+01  0.104709545643603E+02
       0.702999999999989E+01  0.100101335121670E+02
       0.703999999999989E+01  0.958211126012840E+01
       0.704999999999989E+01  0.918402144562808E+01
       0.705999999999989E+01  0.881239732945603E+01
       0.706999999999989E+01  0.846341132787508E+01
       0.707999999999989E+01  0.813319744014178E+01
       0.708999999999989E+01  0.781820373969175E+01
       0.709999999999989E+01  0.751550879046149E+01
       0.710999999999989E+01  0.722303627042568E+01
       0.711999999999989E+01  0.693962277507951E+01
       0.712999999999989E+01  0.666493123476716E+01
       0.713999999999989E+01  0.639924297464818E+01
       0.714999999999989E+01  0.614318905040311E+01
       0.715999999999989E+01  0.589748708952793E+01
       0.716999999999989E+01  0.566273556033925E+01
       0.717999999999989E+01  0.543929276051031E+01
       0.718999999999989E+01  0.522724303096087E+01
       0.719999999999989E+01  0.502643395262585E+01
       0.720999999999989E+01  0.483655749209136E+01
       0.721999999999989E+01  0.465724493508588E+01
       0.722999999999989E+01  0.448814911418096E+01
       0.723999999999989E+01  0.432899648405939E+01
       0.724999999999989E+01  0.417960339096669E+01
       0.725999999999989E+01  0.403986174673790E+01
       0.726999999999989E+01  0.390970599458769E+01
       0.727999999999989E+01  0.378907451762820E+01
       0.728999999999989E+01  0.367787566509761E+01
       0.729999999999989E+01  0.357596384754354E+01
       0.730999999999989E+01  0.348312695947499E+01
       0.731999999999989E+01  0.339908386245985E+01
       0.732999999999989E+01  0.332348975391542E+01
       0.733999999999989E+01  0.325594720873348E+01
       0.734999999999989E+01  0.319602064109879E+01
       0.735999999999989E+01  0.314325134846760E+01
       0.736999999999989E+01  0.309716922954549E+01
       0.737999999999989E+01  0.305729642216767E+01
       0.738999999999989E+01  0.302313854539426E+01
       0.739999999999989E+01  0.299416174974193E+01
       0.740999999999989E+01  0.296975829313831E+01
       0.741999999999989E+01  0.294920871540594E+01
       0.742999999999989E+01  0.293165307133992E+01
       0.743999999999989E+01  0.291608529486953E+01
       0.744999999999989E+01  0.290138227465327E+01
       0.745999999999989E+01  0.288637206550315E+01
       0.746999999999989E+01  0.286993453740740E+01
       0.747999999999988E+01  0.285111532910506E+01
       0.748999999999988E+01  0.282922492822064E+01
       0.749999999999988E+01  0.280389420127752E+01
       0.750999999999988E+01  0.277506822885714E+01
       0.751999999999988E+01  0.274293911915139E+01
       0.752999999999988E+01  0.270783815831322E+01
       0.753999999999988E+01  0.267012001729035E+01
       0.754999999999988E+01  0.263007225204711E+01
       0.755999999999988E+01  0.258787292169900E+01
       0.756999999999988E+01  0.254360264148620E+01
       0.757999999999988E+01  0.249730072044171E+01
       0.758999999999988E+01  0.244904314646264E+01
       0.759999999999988E+01  0.239901604440659E+01
       0.760999999999988E+01  0.234756240120631E+01
       0.761999999999988E+01  0.229519031275468E+01
       0.762999999999988E+01  0.224254372681025E+01
       0.763999999999988E+01  0.219034708642980E+01
       0.764999999999988E+01  0.213934026408372E+01
       0.765999999999988E+01  0.209021916660619E+01
       0.766999999999988E+01  0.204359223078063E+01
       0.767999999999988E+01  0.199995660238143E+01
       0.768999999999988E+01  0.195969250524596E+01
       0.769999999999988E+01  0.192307128785574E+01
       0.770999999999988E+01  0.189027180434661E+01
       0.771999999999988E+01  0.186140041902892E+01
       0.772999999999988E+01  0.183651120201195E+01
       0.773999999999988E+01  0.181562421172930E+01
       0.774999999999988E+01  0.179874082794982E+01
       0.775999999999988E+01  0.178585581661642E+01
       0.776999999999988E+01  0.177696620883953E+01
       0.777999999999988E+01  0.177207723989675E+01
       0.778999999999988E+01  0.177120560185660E+01
       0.779999999999988E+01  0.177438018242469E+01
       0.780999999999988E+01  0.178164034378133E+01
       0.781999999999988E+01  0.179303167982437E+01
       0.782999999999988E+01  0.180859911866926E+01
       0.783999999999988E+01  0.182837725698102E+01
       0.784999999999988E+01  0.185237798283646E+01
       0.785999999999988E+01  0.188057583116081E+01
       0.786999999999988E+01  0.191289217530975E+01
       0.787999999999988E+01  0.194918029004081E+01
       0.788999999999988E+01  0.198921440141707E+01
       0.789999999999988E+01  0.203268674517471E+01
       0.790999999999988E+01  0.207921683434361E+01
       0.791999999999988E+01  0.212837591291580E+01
       0.792999999999988E+01  0.217972646608310E+01
       0.793999999999988E+01  0.223287188785886E+01
       0.794999999999987E+01  0.228750629727283E+01
       0.795999999999987E+01  0.234345132561367E+01
       0.796999999999987E+01  0.240066772069125E+01
       0.797999999999987E+01  0.245923560123728E+01
       0.798999999999987E+01  0.251930655038615E+01
       0.799999999999987E+01  0.258104000976810E+01
       0.800999999999987E+01  0.264454194432225E+01
       0.801999999999987E+01  0.270982316694165E+01
       0.802999999999987E+01  0.277678778516253E+01
       0.803999999999987E+01  0.284525078542252E+01
       0.804999999999987E+01  0.291497149671171E+01
       0.805999999999987E+01  0.298568151363225E+01
       0.806999999999987E+01  0.305708614336106E+01
       0.807999999999987E+01  0.312882916249980E+01
       0.808999999999987E+01  0.320042841097017E+01
       0.809999999999987E+01  0.327120713272861E+01
       0.810999999999987E+01  0.334025472520156E+01
       0.811999999999987E+01  0.340644541655006E+01
       0.812999999999987E+01  0.346852449635344E+01
       0.813999999999987E+01  0.352524498753248E+01
       0.814999999999987E+01  0.357551341470174E+01
       0.815999999999987E+01  0.361849318470475E+01
       0.816999999999987E+01  0.365362559686355E+01
       0.817999999999987E+01  0.368055984681790E+01
       0.818999999999987E+01  0.369902228588377E+01
       0.819999999999987E+01  0.370868419998917E+01
       0.820999999999987E+01  0.370909282152258E+01
       0.821999999999987E+01  0.369970893812557E+01
       0.822999999999987E+01  0.368005435570809E+01
       0.823999999999987E+01  0.364992917006385E+01
       0.824999999999987E+01  0.360962951284476E+01
       0.825999999999987E+01  0.356009337238520E+01
       0.826999999999987E+01  0.350292655680082E+01
       0.827999999999987E+01  0.344030163608424E+01
       0.828999999999987E+01  0.337476144690176E+01
       0.829999999999987E+01  0.330898014032788E+01
       0.830999999999987E+01  0.324553413373933E+01
       0.831999999999987E+01  0.318671876725667E+01
       0.832999999999987E+01  0.313442472630677E+01
       0.833999999999987E+01  0.309007028727184E+01
       0.834999999999987E+01  0.305457526564956E+01
       0.835999999999987E+01  0.302836013504722E+01
       0.836999999999987E+01  0.301135705488918E+01
       0.837999999999987E+01  0.300302611267177E+01
       0.838999999999987E+01  0.300237796997568E+01
       0.839999999999987E+01  0.300801158860996E+01
       0.840999999999987E+01  0.301818090725574E+01
       0.841999999999986E+01  0.303090491596576E+01
       0.842999999999986E+01  0.304412927282742E+01
       0.843999999999986E+01  0.305593368171088E+01
       0.844999999999986E+01  0.306476039314972E+01
       0.845999999999986E+01  0.306962232202276E+01
       0.846999999999986E+01  0.307024339524193E+01
       0.847999999999986E+01  0.306709477960925E+01
       0.848999999999986E+01  0.306131646891045E+01
       0.849999999999986E+01  0.305454387963058E+01
       0.850999999999986E+01  0.304868064689688E+01
       0.851999999999986E+01  0.304566400167906E+01
       0.852999999999986E+01  0.304725917344249E+01
       0.853999999999986E+01  0.305490189273274E+01
       0.854999999999986E+01  0.306959184278001E+01
       0.855999999999986E+01  0.309183006611644E+01
       0.856999999999986E+01  0.312159081423580E+01
       0.857999999999986E+01  0.315832111910809E+01
       0.858999999999986E+01  0.320096630204136E+01
       0.859999999999986E+01  0.324802367238017E+01
       0.860999999999986E+01  0.329762754206086E+01
       0.861999999999986E+01  0.334766531134102E+01
       0.862999999999986E+01  0.339591721726749E+01
       0.863999999999986E+01  0.344020359876277E+01
       0.864999999999986E+01  0.347851703438594E+01
       0.865999999999986E+01  0.350911680862611E+01
       0.866999999999986E+01  0.353057254962098E+01
       0.867999999999986E+01  0.354176095182094E+01
       0.868999999999986E+01  0.354183745546596E+01
       0.869999999999986E+01  0.353021436313424E+01
       0.870999999999986E+01  0.350657193077880E+01
       0.871999999999986E+01  0.347091062312442E+01
       0.872999999999986E+01  0.342362923985214E+01
       0.873999999999986E+01  0.336559595978665E+01
       0.874999999999986E+01  0.329817568096687E+01
       0.875999999999986E+01  0.322318903467535E+01
       0.876999999999986E+01  0.314280067235984E+01
       0.877999999999986E+01  0.305935695201055E+01
       0.878999999999986E+01  0.297520665111526E+01
       0.879999999999986E+01  0.289253873351713E+01
       0.880999999999986E+01  0.281326094837686E+01
       0.881999999999986E+01  0.273892846283261E+01
       0.882999999999986E+01  0.267071894573643E+01
       0.883999999999986E+01  0.260944284512197E+01
       0.884999999999986E+01  0.255557534291726E+01
       0.885999999999986E+01  0.250929815725748E+01
       0.886999999999986E+01  0.247054310295610E+01
       0.887999999999986E+01  0.243903357175520E+01
       0.888999999999985E+01  0.241432383013196E+01
       0.889999999999985E+01  0.239583858085476E+01
       0.890999999999985E+01  0.238291608321621E+01
       0.891999999999985E+01  0.237485692653090E+01
       0.892999999999985E+01  0.237097739181458E+01
       0.893999999999985E+01  0.237066214450154E+01
       0.894999999999985E+01  0.237340764025336E+01
       0.895999999999985E+01  0.237884725280026E+01
       0.896999999999985E+01  0.238675286646971E+01
       0.897999999999985E+01  0.239701444954129E+01
       0.898999999999985E+01  0.240960584722222E+01
       0.899999999999985E+01  0.242454830098520E+01
       0.900999999999985E+01  0.244188141253181E+01
       0.901999999999985E+01  0.246164556946284E+01
       0.902999999999985E+01  0.248387328428505E+01
       0.903999999999985E+01  0.250858254220352E+01
       0.904999999999985E+01  0.253576462878819E+01
       0.905999999999985E+01  0.256536164917158E+01
       0.906999999999985E+01  0.259723364402147E+01
       0.907999999999985E+01  0.263112048656122E+01
       0.908999999999985E+01  0.266660863446847E+01
       0.909999999999985E+01  0.270311624615657E+01
       0.910999999999985E+01  0.273991053071320E+01
       0.911999999999985E+01  0.277616669680839E+01
       0.912999999999985E+01  0.281106783041442E+01
       0.913999999999985E+01  0.284393132690444E+01
       0.914999999999985E+01  0.287433492547425E+01
       0.915999999999985E+01  0.290221011262140E+01
       0.916999999999985E+01  0.292787682150518E+01
       0.917999999999985E+01  0.295200978827225E+01
       0.918999999999985E+01  0.297554684541123E+01
       0.919999999999985E+01  0.299956412031809E+01
       0.920999999999985E+01  0.302514713499825E+01
       0.921999999999985E+01  0.305328075132562E+01
       0.922999999999985E+01  0.308476990819928E+01
       0.923999999999985E+01  0.312019305299377E+01
       0.924999999999985E+01  0.315988468790857E+01
       0.925999999999985E+01  0.320394296254798E+01
       0.926999999999985E+01  0.325226075305696E+01
       0.927999999999985E+01  0.330458107096374E+01
       0.928999999999985E+01  0.336057711301931E+01
       0.929999999999985E+01  0.341995261113595E+01
       0.930999999999985E+01  0.348255076846494E+01
       0.931999999999985E+01  0.354845368035521E+01
       0.932999999999985E+01  0.361805285298444E+01
       0.933999999999985E+01  0.369207709331284E+01
       0.934999999999985E+01  0.377157466518636E+01
       0.935999999999984E+01  0.385785737688880E+01
       0.936999999999984E+01  0.395242057239872E+01
       0.937999999999984E+01  0.405685315124891E+01
       0.938999999999984E+01  0.417274741640189E+01
       0.939999999999984E+01  0.430161303553881E+01
       0.940999999999984E+01  0.444479538666576E+01
       0.941999999999984E+01  0.460339706395015E+01
       0.942999999999984E+01  0.477820204444907E+01
       0.943999999999984E+01  0.496960425288346E+01
       0.944999999999984E+01  0.517754542746204E+01
       0.945999999999984E+01  0.540147070455678E+01
       0.946999999999984E+01  0.564031320800104E+01
       0.947999999999984E+01  0.589251956095280E+01
       0.948999999999984E+01  0.615612482317714E+01
       0.949999999999984E+01  0.642887673574746E+01
       0.950999999999984E+01  0.670839582982638E+01
       0.951999999999984E+01  0.699234264918089E+01
       0.952999999999984E+01  0.727855063772184E+01
       0.953999999999984E+01  0.756507836195644E+01
       0.954999999999984E+01  0.785014192953974E+01
       0.955999999999984E+01  0.813190977767544E+01
       0.956999999999984E+01  0.840817644529206E+01
       0.957999999999984E+01  0.867597469154210E+01
       0.958999999999984E+01  0.893122696613411E+01
       0.959999999999984E+01  0.916856392814217E+01
       0.960999999999984E+01  0.938143369183572E+01
       0.961999999999984E+01  0.956257872034103E+01
       0.962999999999984E+01  0.970486745011106E+01
       0.963999999999984E+01  0.980235344463351E+01
       0.964999999999984E+01  0.985133459097825E+01
       0.965999999999984E+01  0.985114492128520E+01
       0.966999999999984E+01  0.980446210825151E+01
       0.967999999999984E+01  0.971704516822930E+01
       0.968999999999984E+01  0.959697843331007E+01
       0.969999999999984E+01  0.945362291550162E+01
       0.970999999999984E+01  0.929652026454844E+01
       0.971999999999984E+01  0.913445642209468E+01
       0.972999999999984E+01  0.897480602133930E+01
       0.973999999999984E+01  0.882318814603784E+01
       0.974999999999984E+01  0.868339886959217E+01
       0.975999999999984E+01  0.855755349062176E+01
       0.976999999999984E+01  0.844636261436229E+01
       0.977999999999984E+01  0.834946782646579E+01
       0.978999999999984E+01  0.826576721479646E+01
       0.979999999999984E+01  0.819367039744075E+01
       0.980999999999984E+01  0.813124384980079E+01
       0.981999999999984E+01  0.807624297677223E+01
       0.982999999999983E+01  0.802607016216679E+01
       0.983999999999983E+01  0.797773216019751E+01
       0.984999999999983E+01  0.792787969888316E+01
       0.985999999999983E+01  0.787298931285524E+01
       0.986999999999983E+01  0.780969669931684E+01
       0.987999999999983E+01  0.773522839557195E+01
       0.988999999999983E+01  0.764782802531168E+01
       0.989999999999983E+01  0.754705799580541E+01
       0.990999999999983E+01  0.743388835217892E+01
       0.991999999999983E+01  0.731055110041290E+01
       0.992999999999983E+01  0.718021142757092E+01
       0.993999999999983E+01  0.704655463729702E+01
       0.994999999999983E+01  0.691339264744606E+01
       0.995999999999983E+01  0.678436286622524E+01
       0.996999999999983E+01  0.666274654231751E+01
       0.997999999999983E+01  0.655139494906022E+01
       0.998999999999983E+01  0.645273145294994E+01
       0.999999999999983E+01  0.636879525265302E+01
       0.100099999999998E+02  0.630130098948511E+01
