#          \hbar \omega(eV)    Oscillator strength
       0.000000000000000E+00  -.000000000000000E+00
       0.100000000000000E-01  0.109181845210741E-06
       0.200000000000000E-01  0.436731634863138E-06
       0.300000000000000E-01  0.982662131397059E-06
       0.400000000000000E-01  0.174699460681015E-05
       0.500000000000000E-01  0.272975884455486E-05
       0.600000000000000E-01  0.393099314219464E-05
       0.700000000000000E-01  0.535074431481986E-05
       0.800000000000000E-01  0.698906769922387E-05
       0.900000000000000E-01  0.884602715883994E-05
       0.100000000000000E+00  0.109216950894398E-04
       0.110000000000000E+00  0.132161524255946E-04
       0.120000000000000E+00  0.157294886478997E-04
       0.130000000000000E+00  0.184618017909643E-04
       0.140000000000000E+00  0.214131984521661E-04
       0.150000000000000E+00  0.245837938011744E-04
       0.160000000000000E+00  0.279737115902418E-04
       0.170000000000000E+00  0.315830841652660E-04
       0.180000000000000E+00  0.354120524776243E-04
       0.190000000000000E+00  0.394607660967819E-04
       0.200000000000000E+00  0.437293832236770E-04
       0.210000000000000E+00  0.482180707048830E-04
       0.220000000000000E+00  0.529270040475530E-04
       0.230000000000000E+00  0.578563674351453E-04
       0.240000000000000E+00  0.630063537439353E-04
       0.250000000000000E+00  0.683771645603164E-04
       0.260000000000000E+00  0.739690101988893E-04
       0.270000000000000E+00  0.797821097213472E-04
       0.280000000000000E+00  0.858166909561571E-04
       0.290000000000000E+00  0.920729905190408E-04
       0.300000000000000E+00  0.985512538342582E-04
       0.310000000000000E+00  0.105251735156699E-03
       0.320000000000000E+00  0.112174697594784E-03
       0.330000000000000E+00  0.119320413134179E-03
       0.340000000000000E+00  0.126689162662324E-03
       0.350000000000000E+00  0.134281235993795E-03
       0.360000000000000E+00  0.142096931896477E-03
       0.370000000000000E+00  0.150136558118570E-03
       0.380000000000000E+00  0.158400431416443E-03
       0.390000000000000E+00  0.166888877583307E-03
       0.400000000000000E+00  0.175602231478744E-03
       0.410000000000000E+00  0.184540837059081E-03
       0.420000000000000E+00  0.193705047408613E-03
       0.430000000000000E+00  0.203095224771689E-03
       0.440000000000000E+00  0.212711740585663E-03
       0.450000000000000E+00  0.222554975514708E-03
       0.460000000000000E+00  0.232625319484503E-03
       0.470000000000000E+00  0.242923171717807E-03
       0.480000000000000E+00  0.253448940770917E-03
       0.490000000000000E+00  0.264203044571009E-03
       0.500000000000000E+00  0.275185910454387E-03
       0.510000000000000E+00  0.286397975205630E-03
       0.520000000000000E+00  0.297839685097654E-03
       0.530000000000000E+00  0.309511495932682E-03
       0.540000000000000E+00  0.321413873084149E-03
       0.550000000000000E+00  0.333547291539530E-03
       0.560000000000000E+00  0.345912235944105E-03
       0.570000000000000E+00  0.358509200645673E-03
       0.580000000000000E+00  0.371338689740219E-03
       0.590000000000000E+00  0.384401217118532E-03
       0.600000000000000E+00  0.397697306513804E-03
       0.610000000000000E+00  0.411227491550188E-03
       0.620000000000000E+00  0.424992315792354E-03
       0.630000000000000E+00  0.438992332796030E-03
       0.640000000000000E+00  0.453228106159544E-03
       0.650000000000000E+00  0.467700209576371E-03
       0.660000000000000E+00  0.482409226888708E-03
       0.670000000000000E+00  0.497355752142060E-03
       0.680000000000000E+00  0.512540389640878E-03
       0.690000000000000E+00  0.527963754005232E-03
       0.700000000000000E+00  0.543626470228536E-03
       0.710000000000000E+00  0.559529173736351E-03
       0.720000000000000E+00  0.575672510446246E-03
       0.730000000000000E+00  0.592057136828754E-03
       0.740000000000000E+00  0.608683719969424E-03
       0.750000000000000E+00  0.625552937631962E-03
       0.760000000000000E+00  0.642665478322517E-03
       0.770000000000000E+00  0.660022041355062E-03
       0.780000000000000E+00  0.677623336917939E-03
       0.790000000000000E+00  0.695470086141541E-03
       0.800000000000000E+00  0.713563021167150E-03
       0.810000000000000E+00  0.731902885216975E-03
       0.820000000000001E+00  0.750490432665332E-03
       0.830000000000001E+00  0.769326429111068E-03
       0.840000000000001E+00  0.788411651451159E-03
       0.850000000000001E+00  0.807746887955547E-03
       0.860000000000001E+00  0.827332938343226E-03
       0.870000000000001E+00  0.847170613859540E-03
       0.880000000000001E+00  0.867260737354780E-03
       0.890000000000001E+00  0.887604143364048E-03
       0.900000000000001E+00  0.908201678188394E-03
       0.910000000000001E+00  0.929054199977283E-03
       0.920000000000001E+00  0.950162578812368E-03
       0.930000000000001E+00  0.971527696792593E-03
       0.940000000000001E+00  0.993150448120661E-03
       0.950000000000001E+00  0.101503173919085E-02
       0.960000000000001E+00  0.103717248867824E-02
       0.970000000000001E+00  0.105957362762925E-02
       0.980000000000001E+00  0.108223609955375E-02
       0.990000000000001E+00  0.110516086051842E-02
       0.100000000000000E+01  0.112834887924166E-02
       0.101000000000000E+01  0.115180113718997E-02
       0.102000000000000E+01  0.117551862867575E-02
       0.103000000000000E+01  0.119950236095665E-02
       0.104000000000000E+01  0.122375335433639E-02
       0.105000000000000E+01  0.124827264226718E-02
       0.106000000000000E+01  0.127306127145363E-02
       0.107000000000000E+01  0.129812030195825E-02
       0.108000000000000E+01  0.132345080730858E-02
       0.109000000000000E+01  0.134905387460586E-02
       0.110000000000000E+01  0.137493060463541E-02
       0.111000000000000E+01  0.140108211197861E-02
       0.112000000000000E+01  0.142750952512655E-02
       0.113000000000000E+01  0.145421398659543E-02
       0.114000000000000E+01  0.148119665304361E-02
       0.115000000000000E+01  0.150845869539042E-02
       0.116000000000000E+01  0.153600129893675E-02
       0.117000000000000E+01  0.156382566348743E-02
       0.118000000000000E+01  0.159193300347534E-02
       0.119000000000000E+01  0.162032454808743E-02
       0.120000000000000E+01  0.164900154139259E-02
       0.121000000000000E+01  0.167796524247134E-02
       0.122000000000000E+01  0.170721692554746E-02
       0.123000000000000E+01  0.173675788012156E-02
       0.124000000000000E+01  0.176658941110660E-02
       0.125000000000000E+01  0.179671283896533E-02
       0.126000000000000E+01  0.182712949984982E-02
       0.127000000000000E+01  0.185784074574298E-02
       0.128000000000000E+01  0.188884794460213E-02
       0.129000000000000E+01  0.192015248050473E-02
       0.130000000000000E+01  0.195175575379608E-02
       0.131000000000000E+01  0.198365918123936E-02
       0.132000000000000E+01  0.201586419616766E-02
       0.133000000000000E+01  0.204837224863839E-02
       0.134000000000000E+01  0.208118480558975E-02
       0.135000000000000E+01  0.211430335099960E-02
       0.136000000000000E+01  0.214772938604660E-02
       0.137000000000000E+01  0.218146442927365E-02
       0.138000000000000E+01  0.221551001675366E-02
       0.139000000000000E+01  0.224986770225790E-02
       0.140000000000000E+01  0.228453905742651E-02
       0.141000000000000E+01  0.231952567194171E-02
       0.142000000000000E+01  0.235482915370338E-02
       0.143000000000000E+01  0.239045112900723E-02
       0.144000000000000E+01  0.242639324272554E-02
       0.145000000000000E+01  0.246265715849047E-02
       0.146000000000000E+01  0.249924455888011E-02
       0.147000000000000E+01  0.253615714560712E-02
       0.148000000000000E+01  0.257339663971011E-02
       0.149000000000000E+01  0.261096478174790E-02
       0.150000000000000E+01  0.264886333199643E-02
       0.151000000000000E+01  0.268709407064860E-02
       0.152000000000000E+01  0.272565879801701E-02
       0.153000000000000E+01  0.276455933473963E-02
       0.154000000000000E+01  0.280379752198836E-02
       0.155000000000000E+01  0.284337522168078E-02
       0.156000000000000E+01  0.288329431669478E-02
       0.157000000000000E+01  0.292355671108647E-02
       0.158000000000000E+01  0.296416433031111E-02
       0.159000000000000E+01  0.300511912144737E-02
       0.160000000000000E+01  0.304642305342472E-02
       0.161000000000000E+01  0.308807811725422E-02
       0.162000000000000E+01  0.313008632626268E-02
       0.163000000000000E+01  0.317244971633010E-02
       0.164000000000000E+01  0.321517034613073E-02
       0.165000000000000E+01  0.325825029737749E-02
       0.166000000000000E+01  0.330169167507011E-02
       0.167000000000000E+01  0.334549660774676E-02
       0.168000000000000E+01  0.338966724773943E-02
       0.169000000000000E+01  0.343420577143301E-02
       0.170000000000000E+01  0.347911437952818E-02
       0.171000000000000E+01  0.352439529730818E-02
       0.172000000000000E+01  0.357005077490942E-02
       0.173000000000000E+01  0.361608308759613E-02
       0.174000000000000E+01  0.366249453603900E-02
       0.175000000000000E+01  0.370928744659803E-02
       0.176000000000000E+01  0.375646417160930E-02
       0.177000000000000E+01  0.380402708967629E-02
       0.178000000000000E+01  0.385197860596524E-02
       0.179000000000000E+01  0.390032115250503E-02
       0.180000000000000E+01  0.394905718849142E-02
       0.181000000000000E+01  0.399818920059579E-02
       0.182000000000000E+01  0.404771970327863E-02
       0.183000000000000E+01  0.409765123910734E-02
       0.184000000000000E+01  0.414798637907921E-02
       0.185000000000000E+01  0.419872772294874E-02
       0.186000000000000E+01  0.424987789956030E-02
       0.187000000000000E+01  0.430143956718531E-02
       0.188000000000000E+01  0.435341541386488E-02
       0.189000000000000E+01  0.440580815775729E-02
       0.190000000000000E+01  0.445862054749079E-02
       0.191000000000000E+01  0.451185536252169E-02
       0.192000000000000E+01  0.456551541349795E-02
       0.193000000000000E+01  0.461960354262793E-02
       0.194000000000000E+01  0.467412262405513E-02
       0.195000000000000E+01  0.472907556423823E-02
       0.196000000000000E+01  0.478446530233713E-02
       0.197000000000000E+01  0.484029481060469E-02
       0.198000000000000E+01  0.489656709478448E-02
       0.199000000000000E+01  0.495328519451464E-02
       0.200000000000000E+01  0.501045218373769E-02
       0.201000000000000E+01  0.506807117111696E-02
       0.202000000000000E+01  0.512614530045889E-02
       0.203000000000000E+01  0.518467775114231E-02
       0.204000000000000E+01  0.524367173855391E-02
       0.205000000000000E+01  0.530313051453065E-02
       0.206000000000000E+01  0.536305736780880E-02
       0.207000000000000E+01  0.542345562448005E-02
       0.208000000000000E+01  0.548432864845462E-02
       0.209000000000000E+01  0.554567984193141E-02
       0.210000000000000E+01  0.560751264587572E-02
       0.211000000000000E+01  0.566983054050412E-02
       0.212000000000000E+01  0.573263704577693E-02
       0.213000000000000E+01  0.579593572189852E-02
       0.214000000000000E+01  0.585973016982526E-02
       0.215000000000000E+01  0.592402403178143E-02
       0.216000000000000E+01  0.598882099178338E-02
       0.217000000000000E+01  0.605412477617171E-02
       0.218000000000000E+01  0.611993915415195E-02
       0.219000000000000E+01  0.618626793834373E-02
       0.220000000000000E+01  0.625311498533867E-02
       0.221000000000000E+01  0.632048419626704E-02
       0.222000000000000E+01  0.638837951737342E-02
       0.223000000000000E+01  0.645680494060154E-02
       0.224000000000000E+01  0.652576450418843E-02
       0.225000000000000E+01  0.659526229326804E-02
       0.226000000000000E+01  0.666530244048440E-02
       0.227000000000000E+01  0.673588912661492E-02
       0.228000000000000E+01  0.680702658120331E-02
       0.229000000000000E+01  0.687871908320295E-02
       0.229999999999999E+01  0.695097096163050E-02
       0.230999999999999E+01  0.702378659623015E-02
       0.231999999999999E+01  0.709717041814860E-02
       0.232999999999999E+01  0.717112691062092E-02
       0.233999999999999E+01  0.724566060966767E-02
       0.234999999999999E+01  0.732077610480335E-02
       0.235999999999999E+01  0.739647803975632E-02
       0.236999999999999E+01  0.747277111320064E-02
       0.237999999999999E+01  0.754966007949982E-02
       0.238999999999999E+01  0.762714974946290E-02
       0.239999999999999E+01  0.770524499111276E-02
       0.240999999999999E+01  0.778395073046741E-02
       0.241999999999999E+01  0.786327195233394E-02
       0.242999999999999E+01  0.794321370111586E-02
       0.243999999999999E+01  0.802378108163366E-02
       0.244999999999999E+01  0.810497925995913E-02
       0.245999999999999E+01  0.818681346426372E-02
       0.246999999999999E+01  0.826928898568081E-02
       0.247999999999999E+01  0.835241117918274E-02
       0.248999999999999E+01  0.843618546447236E-02
       0.249999999999999E+01  0.852061732688977E-02
       0.250999999999999E+01  0.860571231833423E-02
       0.251999999999999E+01  0.869147605820179E-02
       0.252999999999999E+01  0.877791423433868E-02
       0.253999999999999E+01  0.886503260401115E-02
       0.254999999999999E+01  0.895283699489155E-02
       0.255999999999999E+01  0.904133330606148E-02
       0.256999999999999E+01  0.913052750903207E-02
       0.257999999999999E+01  0.922042564878168E-02
       0.258999999999999E+01  0.931103384481153E-02
       0.259999999999999E+01  0.940235829221961E-02
       0.260999999999999E+01  0.949440526279301E-02
       0.261999999999999E+01  0.958718110611928E-02
       0.262999999999999E+01  0.968069225071709E-02
       0.263999999999999E+01  0.977494520518651E-02
       0.264999999999999E+01  0.986994655937957E-02
       0.265999999999999E+01  0.996570298559099E-02
       0.266999999999999E+01  0.100622212397701E-01
       0.267999999999999E+01  0.101595081627541E-01
       0.268999999999999E+01  0.102575706815225E-01
       0.269999999999999E+01  0.103564158104747E-01
       0.270999999999999E+01  0.104560506527293E-01
       0.271999999999999E+01  0.105564824014471E-01
       0.272999999999999E+01  0.106577183411773E-01
       0.273999999999999E+01  0.107597658492278E-01
       0.274999999999999E+01  0.108626323970605E-01
       0.275999999999999E+01  0.109663255517110E-01
       0.276999999999998E+01  0.110708529772340E-01
       0.277999999999998E+01  0.111762224361749E-01
       0.278999999999998E+01  0.112824417910684E-01
       0.279999999999998E+01  0.113895190059633E-01
       0.280999999999998E+01  0.114974621479763E-01
       0.281999999999998E+01  0.116062793888725E-01
       0.282999999999998E+01  0.117159790066768E-01
       0.283999999999998E+01  0.118265693873128E-01
       0.284999999999998E+01  0.119380590262734E-01
       0.285999999999998E+01  0.120504565303213E-01
       0.286999999999998E+01  0.121637706192210E-01
       0.287999999999998E+01  0.122780101275035E-01
       0.288999999999998E+01  0.123931840062628E-01
       0.289999999999998E+01  0.125093013249867E-01
       0.290999999999998E+01  0.126263712734211E-01
       0.291999999999998E+01  0.127444031634702E-01
       0.292999999999998E+01  0.128634064311310E-01
       0.293999999999998E+01  0.129833906384653E-01
       0.294999999999998E+01  0.131043654756086E-01
       0.295999999999998E+01  0.132263407628167E-01
       0.296999999999998E+01  0.133493264525518E-01
       0.297999999999998E+01  0.134733326316078E-01
       0.298999999999998E+01  0.135983695232760E-01
       0.299999999999998E+01  0.137244474895531E-01
       0.300999999999998E+01  0.138515770333906E-01
       0.301999999999998E+01  0.139797688009879E-01
       0.302999999999998E+01  0.141090335841300E-01
       0.303999999999998E+01  0.142393823225698E-01
       0.304999999999998E+01  0.143708261064572E-01
       0.305999999999998E+01  0.145033761788147E-01
       0.306999999999998E+01  0.146370439380630E-01
       0.307999999999998E+01  0.147718409405933E-01
       0.308999999999998E+01  0.149077789033931E-01
       0.309999999999998E+01  0.150448697067217E-01
       0.310999999999998E+01  0.151831253968388E-01
       0.311999999999998E+01  0.153225581887883E-01
       0.312999999999998E+01  0.154631804692357E-01
       0.313999999999998E+01  0.156050047993635E-01
       0.314999999999998E+01  0.157480439178232E-01
       0.315999999999998E+01  0.158923107437477E-01
       0.316999999999998E+01  0.160378183798230E-01
       0.317999999999998E+01  0.161845801154230E-01
       0.318999999999998E+01  0.163326094298063E-01
       0.319999999999998E+01  0.164819199953792E-01
       0.320999999999998E+01  0.166325256810241E-01
       0.321999999999998E+01  0.167844405554964E-01
       0.322999999999998E+01  0.169376788908900E-01
       0.323999999999997E+01  0.170922551661755E-01
       0.324999999999997E+01  0.172481840708090E-01
       0.325999999999997E+01  0.174054805084178E-01
       0.326999999999997E+01  0.175641596005606E-01
       0.327999999999997E+01  0.177242366905664E-01
       0.328999999999997E+01  0.178857273474540E-01
       0.329999999999997E+01  0.180486473699321E-01
       0.330999999999997E+01  0.182130127904847E-01
       0.331999999999997E+01  0.183788398795413E-01
       0.332999999999997E+01  0.185461451497357E-01
       0.333999999999997E+01  0.187149453602546E-01
       0.334999999999997E+01  0.188852575212788E-01
       0.335999999999997E+01  0.190570988985182E-01
       0.336999999999997E+01  0.192304870178452E-01
       0.337999999999997E+01  0.194054396700256E-01
       0.338999999999997E+01  0.195819749155528E-01
       0.339999999999997E+01  0.197601110895848E-01
       0.340999999999997E+01  0.199398668069890E-01
       0.341999999999997E+01  0.201212609674964E-01
       0.342999999999997E+01  0.203043127609679E-01
       0.343999999999997E+01  0.204890416727750E-01
       0.344999999999997E+01  0.206754674892996E-01
       0.345999999999997E+01  0.208636103035542E-01
       0.346999999999997E+01  0.210534905209254E-01
       0.347999999999997E+01  0.212451288650461E-01
       0.348999999999997E+01  0.214385463837961E-01
       0.349999999999997E+01  0.216337644554385E-01
       0.350999999999997E+01  0.218308047948915E-01
       0.351999999999997E+01  0.220296894601418E-01
       0.352999999999997E+01  0.222304408588021E-01
       0.353999999999997E+01  0.224330817548170E-01
       0.354999999999997E+01  0.226376352753199E-01
       0.355999999999997E+01  0.228441249176472E-01
       0.356999999999997E+01  0.230525745565105E-01
       0.357999999999997E+01  0.232630084513354E-01
       0.358999999999997E+01  0.234754512537669E-01
       0.359999999999997E+01  0.236899280153483E-01
       0.360999999999997E+01  0.239064641953785E-01
       0.361999999999997E+01  0.241250856689501E-01
       0.362999999999997E+01  0.243458187351763E-01
       0.363999999999997E+01  0.245686901256084E-01
       0.364999999999997E+01  0.247937270128525E-01
       0.365999999999997E+01  0.250209570193872E-01
       0.366999999999997E+01  0.252504082265909E-01
       0.367999999999997E+01  0.254821091839820E-01
       0.368999999999997E+01  0.257160889186798E-01
       0.369999999999997E+01  0.259523769450903E-01
       0.370999999999996E+01  0.261910032748248E-01
       0.371999999999996E+01  0.264319984268563E-01
       0.372999999999996E+01  0.266753934379217E-01
       0.373999999999996E+01  0.269212198731749E-01
       0.374999999999996E+01  0.271695098370998E-01
       0.375999999999996E+01  0.274202959846888E-01
       0.376999999999996E+01  0.276736115328956E-01
       0.377999999999996E+01  0.279294902723682E-01
       0.378999999999996E+01  0.281879665794732E-01
       0.379999999999996E+01  0.284490754286162E-01
       0.380999999999996E+01  0.287128524048685E-01
       0.381999999999996E+01  0.289793337169100E-01
       0.382999999999996E+01  0.292485562102944E-01
       0.383999999999996E+01  0.295205573810491E-01
       0.384999999999996E+01  0.297953753896175E-01
       0.385999999999996E+01  0.300730490751545E-01
       0.386999999999996E+01  0.303536179701857E-01
       0.387999999999996E+01  0.306371223156400E-01
       0.388999999999996E+01  0.309236030762682E-01
       0.389999999999996E+01  0.312131019564572E-01
       0.390999999999996E+01  0.315056614164534E-01
       0.391999999999996E+01  0.318013246890058E-01
       0.392999999999996E+01  0.321001357964421E-01
       0.393999999999996E+01  0.324021395681923E-01
       0.394999999999996E+01  0.327073816587696E-01
       0.395999999999996E+01  0.330159085662273E-01
       0.396999999999996E+01  0.333277676511014E-01
       0.397999999999996E+01  0.336430071558574E-01
       0.398999999999996E+01  0.339616762248556E-01
       0.399999999999996E+01  0.342838249248491E-01
       0.400999999999996E+01  0.346095042660344E-01
       0.401999999999996E+01  0.349387662236689E-01
       0.402999999999996E+01  0.352716637602745E-01
       0.403999999999996E+01  0.356082508484446E-01
       0.404999999999996E+01  0.359485824942756E-01
       0.405999999999996E+01  0.362927147614388E-01
       0.406999999999996E+01  0.366407047959182E-01
       0.407999999999996E+01  0.369926108514301E-01
       0.408999999999996E+01  0.373484923155511E-01
       0.409999999999996E+01  0.377084097365731E-01
       0.410999999999996E+01  0.380724248511122E-01
       0.411999999999996E+01  0.384406006124943E-01
       0.412999999999996E+01  0.388130012199419E-01
       0.413999999999996E+01  0.391896921485909E-01
       0.414999999999996E+01  0.395707401803623E-01
       0.415999999999996E+01  0.399562134357187E-01
       0.416999999999996E+01  0.403461814063319E-01
       0.417999999999996E+01  0.407407149886984E-01
       0.418999999999996E+01  0.411398865187263E-01
       0.419999999999995E+01  0.415437698073333E-01
       0.420999999999995E+01  0.419524401770851E-01
       0.421999999999995E+01  0.423659744999130E-01
       0.422999999999995E+01  0.427844512359454E-01
       0.423999999999995E+01  0.432079504734922E-01
       0.424999999999995E+01  0.436365539702211E-01
       0.425999999999995E+01  0.440703451955689E-01
       0.426999999999995E+01  0.445094093744283E-01
       0.427999999999995E+01  0.449538335321559E-01
       0.428999999999995E+01  0.454037065409491E-01
       0.429999999999995E+01  0.458591191676375E-01
       0.430999999999995E+01  0.463201641229409E-01
       0.431999999999995E+01  0.467869361122465E-01
       0.432999999999995E+01  0.472595318879573E-01
       0.433999999999995E+01  0.477380503034715E-01
       0.434999999999995E+01  0.482225923688491E-01
       0.435999999999995E+01  0.487132613082285E-01
       0.436999999999995E+01  0.492101626190575E-01
       0.437999999999995E+01  0.497134041332031E-01
       0.438999999999995E+01  0.502230960800134E-01
       0.439999999999995E+01  0.507393511513997E-01
       0.440999999999995E+01  0.512622845690164E-01
       0.441999999999995E+01  0.517920141536190E-01
       0.442999999999995E+01  0.523286603966797E-01
       0.443999999999995E+01  0.528723465343454E-01
       0.444999999999995E+01  0.534231986238334E-01
       0.445999999999995E+01  0.539813456223496E-01
       0.446999999999995E+01  0.545469194686353E-01
       0.447999999999995E+01  0.551200551672368E-01
       0.448999999999995E+01  0.557008908756099E-01
       0.449999999999995E+01  0.562895679941680E-01
       0.450999999999995E+01  0.568862312593885E-01
       0.451999999999995E+01  0.574910288401033E-01
       0.452999999999995E+01  0.581041124370951E-01
       0.453999999999995E+01  0.587256373861379E-01
       0.454999999999995E+01  0.593557627646155E-01
       0.455999999999995E+01  0.599946515018685E-01
       0.456999999999995E+01  0.606424704934179E-01
       0.457999999999995E+01  0.612993907192296E-01
       0.458999999999995E+01  0.619655873661820E-01
       0.459999999999995E+01  0.626412399549183E-01
       0.460999999999995E+01  0.633265324712612E-01
       0.461999999999995E+01  0.640216535023887E-01
       0.462999999999995E+01  0.647267963779697E-01
       0.463999999999995E+01  0.654421593164738E-01
       0.464999999999995E+01  0.661679455768792E-01
       0.465999999999995E+01  0.669043636160133E-01
       0.466999999999994E+01  0.676516272517712E-01
       0.467999999999994E+01  0.684099558324763E-01
       0.468999999999994E+01  0.691795744126503E-01
       0.469999999999994E+01  0.699607139354866E-01
       0.470999999999994E+01  0.707536114223268E-01
       0.471999999999994E+01  0.715585101694633E-01
       0.472999999999994E+01  0.723756599526011E-01
       0.473999999999994E+01  0.732053172393413E-01
       0.474999999999994E+01  0.740477454100614E-01
       0.475999999999994E+01  0.749032149875888E-01
       0.476999999999994E+01  0.757720038760924E-01
       0.477999999999994E+01  0.766543976096433E-01
       0.478999999999994E+01  0.775506896109160E-01
       0.479999999999994E+01  0.784611814605347E-01
       0.480999999999994E+01  0.793861831776139E-01
       0.481999999999994E+01  0.803260135120541E-01
       0.482999999999994E+01  0.812810002492153E-01
       0.483999999999994E+01  0.822514805276264E-01
       0.484999999999994E+01  0.832378011704341E-01
       0.485999999999994E+01  0.842403190313515E-01
       0.486999999999994E+01  0.852594013559339E-01
       0.487999999999994E+01  0.862954261590662E-01
       0.488999999999994E+01  0.873487826196356E-01
       0.489999999999994E+01  0.884198714934481E-01
       0.490999999999994E+01  0.895091055455598E-01
       0.491999999999994E+01  0.906169100033008E-01
       0.492999999999994E+01  0.917437230314362E-01
       0.493999999999994E+01  0.928899962310602E-01
       0.494999999999994E+01  0.940561951640435E-01
       0.495999999999994E+01  0.952427999050870E-01
       0.496999999999994E+01  0.964503056237580E-01
       0.497999999999994E+01  0.976792231992529E-01
       0.498999999999994E+01  0.989300798710971E-01
       0.499999999999994E+01  0.100203419929587E+00
       0.500999999999994E+01  0.101499805450510E+00
       0.501999999999994E+01  0.102819817079623E+00
       0.502999999999994E+01  0.104164054873536E+00
       0.503999999999994E+01  0.105533139205176E+00
       0.504999999999994E+01  0.106927711743898E+00
       0.505999999999994E+01  0.108348436522711E+00
       0.506999999999994E+01  0.109796001108064E+00
       0.507999999999994E+01  0.111271117891182E+00
       0.508999999999994E+01  0.112774525524037E+00
       0.509999999999994E+01  0.114306990527156E+00
       0.510999999999994E+01  0.115869309099560E+00
       0.511999999999994E+01  0.117462309160586E+00
       0.512999999999994E+01  0.119086852643674E+00
       0.513999999999993E+01  0.120743838032157E+00
       0.514999999999993E+01  0.122434203054337E+00
       0.515999999999993E+01  0.124158927297305E+00
       0.516999999999993E+01  0.125919034178854E+00
       0.517999999999993E+01  0.127715591105828E+00
       0.518999999999993E+01  0.129549705563977E+00
       0.519999999999993E+01  0.131422513180026E+00
       0.520999999999993E+01  0.133335151715113E+00
       0.521999999999993E+01  0.135288714133181E+00
       0.522999999999993E+01  0.137284179220145E+00
       0.523999999999993E+01  0.139322338540634E+00
       0.524999999999993E+01  0.141403777930837E+00
       0.525999999999993E+01  0.143529001702362E+00
       0.526999999999993E+01  0.145698730557319E+00
       0.527999999999993E+01  0.147914229595643E+00
       0.528999999999993E+01  0.150177410048844E+00
       0.529999999999993E+01  0.152490615623052E+00
       0.530999999999993E+01  0.154856285013008E+00
       0.531999999999993E+01  0.157276725866026E+00
       0.532999999999993E+01  0.159754063852124E+00
       0.533999999999993E+01  0.162290297639270E+00
       0.534999999999993E+01  0.164887379625222E+00
       0.535999999999993E+01  0.167547282393968E+00
       0.536999999999993E+01  0.170272042720666E+00
       0.537999999999993E+01  0.173063787856214E+00
       0.538999999999993E+01  0.175924750829631E+00
       0.539999999999993E+01  0.178857279903927E+00
       0.540999999999993E+01  0.181863845369541E+00
       0.541999999999993E+01  0.184947045448810E+00
       0.542999999999993E+01  0.188109612234762E+00
       0.543999999999993E+01  0.191354418122658E+00
       0.544999999999993E+01  0.194684482955949E+00
       0.545999999999993E+01  0.198102981996296E+00
       0.546999999999993E+01  0.201613254780180E+00
       0.547999999999993E+01  0.205218814910343E+00
       0.548999999999993E+01  0.208923360831865E+00
       0.549999999999993E+01  0.212730787651938E+00
       0.550999999999993E+01  0.216645200075291E+00
       0.551999999999993E+01  0.220670926542078E+00
       0.552999999999993E+01  0.224812534671173E+00
       0.553999999999993E+01  0.229074848129179E+00
       0.554999999999993E+01  0.233462965064162E+00
       0.555999999999993E+01  0.237982278263409E+00
       0.556999999999993E+01  0.242638497216468E+00
       0.557999999999993E+01  0.247437672288539E+00
       0.558999999999993E+01  0.252386221234273E+00
       0.559999999999993E+01  0.257490958308131E+00
       0.560999999999992E+01  0.262759126253929E+00
       0.561999999999992E+01  0.268198431486055E+00
       0.562999999999992E+01  0.273817082820939E+00
       0.563999999999992E+01  0.279623834215788E+00
       0.564999999999992E+01  0.285628032186802E+00
       0.565999999999992E+01  0.291839668942299E+00
       0.566999999999992E+01  0.298269442574838E+00
       0.567999999999992E+01  0.304928825360667E+00
       0.568999999999992E+01  0.311830140105182E+00
       0.569999999999992E+01  0.318986643835452E+00
       0.570999999999992E+01  0.326412619527700E+00
       0.571999999999992E+01  0.334123478780308E+00
       0.572999999999992E+01  0.342135878918262E+00
       0.573999999999992E+01  0.350467857116639E+00
       0.574999999999992E+01  0.359138983579332E+00
       0.575999999999992E+01  0.368170536205878E+00
       0.576999999999992E+01  0.377585700034728E+00
       0.577999999999992E+01  0.387409795665045E+00
       0.578999999999992E+01  0.397670541776102E+00
       0.579999999999992E+01  0.408398357862863E+00
       0.580999999999992E+01  0.419626714453460E+00
       0.581999999999992E+01  0.431392539387106E+00
       0.582999999999992E+01  0.443736690169007E+00
       0.583999999999992E+01  0.456704503856286E+00
       0.584999999999992E+01  0.470346437120837E+00
       0.585999999999992E+01  0.484718809722807E+00
       0.586999999999992E+01  0.499884664413810E+00
       0.587999999999992E+01  0.515914756302101E+00
       0.588999999999992E+01  0.532888690170071E+00
       0.589999999999992E+01  0.550896249837045E+00
       0.590999999999992E+01  0.570039035323188E+00
       0.591999999999992E+01  0.590432652550100E+00
       0.592999999999992E+01  0.612209802420765E+00
       0.593999999999992E+01  0.635524469324046E+00
       0.594999999999992E+01  0.660556940440231E+00
       0.595999999999992E+01  0.687519126196757E+00
       0.596999999999992E+01  0.716660206465077E+00
       0.597999999999992E+01  0.748273491208415E+00
       0.598999999999992E+01  0.782705575772683E+00
       0.599999999999992E+01  0.820368488588145E+00
       0.600999999999992E+01  0.861755295859246E+00
       0.601999999999992E+01  0.907459757599871E+00
       0.602999999999992E+01  0.958200896818405E+00
       0.603999999999992E+01  0.101485353500532E+01
       0.604999999999992E+01  0.107848582430696E+01
       0.605999999999992E+01  0.115040435907274E+01
       0.606999999999992E+01  0.123220612040576E+01
       0.607999999999991E+01  0.132583336724351E+01
       0.608999999999991E+01  0.143362085844813E+01
       0.609999999999991E+01  0.155831126798965E+01
       0.610999999999991E+01  0.170298906652410E+01
       0.611999999999991E+01  0.187083831678828E+01
       0.612999999999991E+01  0.206456077791657E+01
       0.613999999999991E+01  0.228521082672457E+01
       0.614999999999991E+01  0.253018791669162E+01
       0.615999999999991E+01  0.279038545179607E+01
       0.616999999999991E+01  0.304737829576960E+01
       0.617999999999991E+01  0.327311715006911E+01
       0.618999999999991E+01  0.343553475797001E+01
       0.619999999999991E+01  0.351063470116608E+01
       0.620999999999991E+01  0.349458929403414E+01
       0.621999999999991E+01  0.340603791674474E+01
       0.622999999999991E+01  0.327652547030088E+01
       0.623999999999991E+01  0.313739603187160E+01
       0.624999999999991E+01  0.301173425284953E+01
       0.625999999999991E+01  0.291296270157601E+01
       0.626999999999991E+01  0.284712637209124E+01
       0.627999999999991E+01  0.281589583714897E+01
       0.628999999999991E+01  0.281892317437205E+01
       0.629999999999991E+01  0.285533140851934E+01
       0.630999999999991E+01  0.292454950040039E+01
       0.631999999999991E+01  0.302675450625367E+01
       0.632999999999991E+01  0.316311465492628E+01
       0.633999999999991E+01  0.333595299166868E+01
       0.634999999999991E+01  0.354889832646450E+01
       0.635999999999991E+01  0.380705599732435E+01
       0.636999999999991E+01  0.411720562342559E+01
       0.637999999999991E+01  0.448800520738235E+01
       0.638999999999991E+01  0.493013663999772E+01
       0.639999999999991E+01  0.545624675679556E+01
       0.640999999999991E+01  0.608039132927966E+01
       0.641999999999991E+01  0.681644253869257E+01
       0.642999999999991E+01  0.767456678304717E+01
       0.643999999999991E+01  0.865454989710469E+01
       0.644999999999991E+01  0.973496716016460E+01
       0.645999999999991E+01  0.108592169986654E+02
       0.646999999999991E+01  0.119248383671812E+02
       0.647999999999991E+01  0.127900733819067E+02
       0.648999999999991E+01  0.133115871443730E+02
       0.649999999999991E+01  0.134057110689949E+02
       0.650999999999991E+01  0.130930251711848E+02
       0.651999999999991E+01  0.124877806868654E+02
       0.652999999999991E+01  0.117420510535864E+02
       0.653999999999991E+01  0.109900555678332E+02
       0.654999999999990E+01  0.103223796139063E+02
       0.655999999999990E+01  0.978738843215985E+01
       0.656999999999990E+01  0.940421348619894E+01
       0.657999999999990E+01  0.917601203655071E+01
       0.658999999999990E+01  0.909945297310995E+01
       0.659999999999990E+01  0.917042274252248E+01
       0.660999999999990E+01  0.938713515976179E+01
       0.661999999999990E+01  0.975176510161056E+01
       0.662999999999990E+01  0.102713617616122E+02
       0.663999999999990E+01  0.109584715969905E+02
       0.664999999999990E+01  0.118316725864982E+02
       0.665999999999990E+01  0.129160665560560E+02
       0.666999999999990E+01  0.142436734322204E+02
       0.667999999999990E+01  0.158536308680030E+02
       0.668999999999990E+01  0.177921427385077E+02
       0.669999999999990E+01  0.201120952015907E+02
       0.670999999999990E+01  0.228715405430422E+02
       0.671999999999990E+01  0.261279021792011E+02
       0.672999999999990E+01  0.299211984842069E+02
       0.673999999999990E+01  0.342380631725233E+02
       0.674999999999990E+01  0.389529634404555E+02
       0.675999999999990E+01  0.437574816188571E+02
       0.676999999999990E+01  0.481171512385687E+02
       0.677999999999990E+01  0.513279472745565E+02
       0.678999999999990E+01  0.527277294002845E+02
       0.679999999999990E+01  0.519941146039907E+02
       0.680999999999990E+01  0.493173603462870E+02
       0.681999999999990E+01  0.452958082447541E+02
       0.682999999999990E+01  0.406498637046817E+02
       0.683999999999990E+01  0.359760704709180E+02
       0.684999999999990E+01  0.316525613759798E+02
       0.685999999999990E+01  0.278617428811894E+02
       0.686999999999990E+01  0.246548850869346E+02
       0.687999999999990E+01  0.220112357667325E+02
       0.688999999999990E+01  0.198768864846374E+02
       0.689999999999990E+01  0.181846920999478E+02
       0.690999999999990E+01  0.168607219779143E+02
       0.691999999999990E+01  0.158229184258817E+02
       0.692999999999990E+01  0.149783737527175E+02
       0.693999999999990E+01  0.142272977552821E+02
       0.694999999999990E+01  0.134798350213782E+02
       0.695999999999990E+01  0.126809728515573E+02
       0.696999999999990E+01  0.118255969638995E+02
       0.697999999999990E+01  0.109496128269425E+02
       0.698999999999990E+01  0.101044818100568E+02
       0.699999999999990E+01  0.933454148421401E+01
       0.700999999999989E+01  0.866749468017296E+01
       0.701999999999989E+01  0.811538375757681E+01
       0.702999999999989E+01  0.767923224931760E+01
       0.703999999999989E+01  0.735276412397093E+01
       0.704999999999989E+01  0.712351524522736E+01
       0.705999999999989E+01  0.697142817130557E+01
       0.706999999999989E+01  0.686641235689437E+01
       0.707999999999989E+01  0.676813063926151E+01
       0.708999999999989E+01  0.663229880140756E+01
       0.709999999999989E+01  0.642456173888547E+01
       0.710999999999989E+01  0.613477383413121E+01
       0.711999999999989E+01  0.578015572048851E+01
       0.712999999999989E+01  0.539435497396736E+01
       0.713999999999989E+01  0.501178904674025E+01
       0.714999999999989E+01  0.465754215357480E+01
       0.715999999999989E+01  0.434500894449364E+01
       0.716999999999989E+01  0.407785323976802E+01
       0.717999999999989E+01  0.385274134592214E+01
       0.718999999999989E+01  0.366141425181451E+01
       0.719999999999989E+01  0.349244833745162E+01
       0.720999999999989E+01  0.333374936807149E+01
       0.721999999999989E+01  0.317604047906915E+01
       0.722999999999989E+01  0.301577187744163E+01
       0.723999999999989E+01  0.285528066045580E+01
       0.724999999999989E+01  0.270014456517512E+01
       0.725999999999989E+01  0.255597846165337E+01
       0.726999999999989E+01  0.242661965946494E+01
       0.727999999999989E+01  0.231389049707048E+01
       0.728999999999989E+01  0.221815726637547E+01
       0.729999999999989E+01  0.213899403248175E+01
       0.730999999999989E+01  0.207564793952897E+01
       0.731999999999989E+01  0.202725104199973E+01
       0.732999999999989E+01  0.199280925356711E+01
       0.733999999999989E+01  0.197102341918048E+01
       0.734999999999989E+01  0.196005211576762E+01
       0.735999999999989E+01  0.195744993320084E+01
       0.736999999999989E+01  0.196061307692618E+01
       0.737999999999989E+01  0.196785361245839E+01
       0.738999999999989E+01  0.197958060239283E+01
       0.739999999999989E+01  0.199862437237473E+01
       0.740999999999989E+01  0.202930394375684E+01
       0.741999999999989E+01  0.207582957937566E+01
       0.742999999999989E+01  0.214077275858953E+01
       0.743999999999989E+01  0.222371543577864E+01
       0.744999999999989E+01  0.231985740535775E+01
       0.745999999999989E+01  0.241882958444183E+01
       0.746999999999989E+01  0.250498593033443E+01
       0.747999999999988E+01  0.256096778320062E+01
       0.748999999999988E+01  0.257459340628605E+01
       0.749999999999988E+01  0.254524471211764E+01
       0.750999999999988E+01  0.248450845847406E+01
       0.751999999999988E+01  0.241036859551688E+01
       0.752999999999988E+01  0.233961380820894E+01
       0.753999999999988E+01  0.228289728953949E+01
       0.754999999999988E+01  0.224317726366906E+01
       0.755999999999988E+01  0.221623991780090E+01
       0.756999999999988E+01  0.219248296018351E+01
       0.757999999999988E+01  0.215997830597947E+01
       0.758999999999988E+01  0.210848143797832E+01
       0.759999999999988E+01  0.203299863607412E+01
       0.760999999999988E+01  0.193529328709068E+01
       0.761999999999988E+01  0.182265498587357E+01
       0.762999999999988E+01  0.170469338683980E+01
       0.763999999999988E+01  0.159002745131045E+01
       0.764999999999988E+01  0.148446095607863E+01
       0.765999999999988E+01  0.139084310045767E+01
       0.766999999999988E+01  0.130984155573987E+01
       0.767999999999988E+01  0.124085780076195E+01
       0.768999999999988E+01  0.118272267867311E+01
       0.769999999999988E+01  0.113411934729242E+01
       0.770999999999988E+01  0.109380103639818E+01
       0.771999999999988E+01  0.106068380227901E+01
       0.772999999999988E+01  0.103387298491535E+01
       0.773999999999988E+01  0.101265889665821E+01
       0.774999999999988E+01  0.996500975804915E+00
       0.775999999999988E+01  0.985009990266296E+00
       0.776999999999988E+01  0.977932711681707E+00
       0.777999999999988E+01  0.975140919229855E+00
       0.778999999999988E+01  0.976625423724782E+00
       0.779999999999988E+01  0.982495317042531E+00
       0.780999999999988E+01  0.992982404136633E+00
       0.781999999999988E+01  0.100845043352050E+01
       0.782999999999988E+01  0.102940805558965E+01
       0.783999999999988E+01  0.105652312626002E+01
       0.784999999999988E+01  0.109063335154155E+01
       0.785999999999988E+01  0.113274301444293E+01
       0.786999999999988E+01  0.118398604475396E+01
       0.787999999999988E+01  0.124552105053327E+01
       0.788999999999988E+01  0.131830641561804E+01
       0.789999999999988E+01  0.140269505508699E+01
       0.790999999999988E+01  0.149782002964125E+01
       0.791999999999988E+01  0.160086786865623E+01
       0.792999999999988E+01  0.170660315825199E+01
       0.793999999999988E+01  0.180783357302229E+01
       0.794999999999987E+01  0.189744838596318E+01
       0.795999999999987E+01  0.197158982227260E+01
       0.796999999999987E+01  0.203195278666384E+01
       0.797999999999987E+01  0.208537591423357E+01
       0.798999999999987E+01  0.214120496109503E+01
       0.799999999999987E+01  0.220830283255846E+01
       0.800999999999987E+01  0.229268664294568E+01
       0.801999999999987E+01  0.239576469150741E+01
       0.802999999999987E+01  0.251332939900084E+01
       0.803999999999987E+01  0.263618823774411E+01
       0.804999999999987E+01  0.275355109960735E+01
       0.805999999999987E+01  0.285881955013919E+01
       0.806999999999987E+01  0.295447475305451E+01
       0.807999999999987E+01  0.305199621413448E+01
       0.808999999999987E+01  0.316652945313553E+01
       0.809999999999987E+01  0.330993662760137E+01
       0.810999999999987E+01  0.348537192072277E+01
       0.811999999999987E+01  0.368411201764060E+01
       0.812999999999987E+01  0.388516090847872E+01
       0.813999999999987E+01  0.405976311946214E+01
       0.814999999999987E+01  0.418236230008576E+01
       0.815999999999987E+01  0.424392038481477E+01
       0.816999999999987E+01  0.425792589299042E+01
       0.817999999999987E+01  0.425344517575923E+01
       0.818999999999987E+01  0.426050937162081E+01
       0.819999999999987E+01  0.429722513206224E+01
       0.820999999999987E+01  0.436288120529623E+01
       0.821999999999987E+01  0.443677685499449E+01
       0.822999999999987E+01  0.448309624745036E+01
       0.823999999999987E+01  0.446328592581762E+01
       0.824999999999987E+01  0.435313659308681E+01
       0.825999999999987E+01  0.415444786293071E+01
       0.826999999999987E+01  0.389230481628237E+01
       0.827999999999987E+01  0.360130314364141E+01
       0.828999999999987E+01  0.331231144571889E+01
       0.829999999999987E+01  0.304661421406954E+01
       0.830999999999987E+01  0.281615806687075E+01
       0.831999999999987E+01  0.262612130520882E+01
       0.832999999999987E+01  0.247756518729941E+01
       0.833999999999987E+01  0.236949972798454E+01
       0.834999999999987E+01  0.230029981921898E+01
       0.835999999999987E+01  0.226855615874846E+01
       0.836999999999987E+01  0.227346847427961E+01
       0.837999999999987E+01  0.231484055443176E+01
       0.838999999999987E+01  0.239263900927786E+01
       0.839999999999987E+01  0.250597089852451E+01
       0.840999999999987E+01  0.265128469571418E+01
       0.841999999999986E+01  0.281976676973185E+01
       0.842999999999986E+01  0.299460393630076E+01
       0.843999999999986E+01  0.315017061786368E+01
       0.844999999999986E+01  0.325628025486418E+01
       0.845999999999986E+01  0.328865163957060E+01
       0.846999999999986E+01  0.324053899080471E+01
       0.847999999999986E+01  0.312637124377564E+01
       0.848999999999986E+01  0.297411990160696E+01
       0.849999999999986E+01  0.281319054352970E+01
       0.850999999999986E+01  0.266628873784049E+01
       0.851999999999986E+01  0.254754021648821E+01
       0.852999999999986E+01  0.246433067425850E+01
       0.853999999999986E+01  0.241997633765164E+01
       0.854999999999986E+01  0.241582076414367E+01
       0.855999999999986E+01  0.245245070706371E+01
       0.856999999999986E+01  0.253009913754497E+01
       0.857999999999986E+01  0.264833292541440E+01
       0.858999999999986E+01  0.280512406319264E+01
       0.859999999999986E+01  0.299554549022468E+01
       0.860999999999986E+01  0.321061228301042E+01
       0.861999999999986E+01  0.343692131104294E+01
       0.862999999999986E+01  0.365747141406706E+01
       0.863999999999986E+01  0.385391377895571E+01
       0.864999999999986E+01  0.401087495382746E+01
       0.865999999999986E+01  0.412183624938282E+01
       0.866999999999986E+01  0.419239798499162E+01
       0.867999999999986E+01  0.423623520221060E+01
       0.868999999999986E+01  0.426534721210097E+01
       0.869999999999986E+01  0.428185560323384E+01
       0.870999999999986E+01  0.427645869901651E+01
       0.871999999999986E+01  0.423267877966098E+01
       0.872999999999986E+01  0.413365741035321E+01
       0.873999999999986E+01  0.396978231604990E+01
       0.874999999999986E+01  0.374495414614686E+01
       0.875999999999986E+01  0.347699662718919E+01
       0.876999999999986E+01  0.319086608936455E+01
       0.877999999999986E+01  0.290981157379772E+01
       0.878999999999986E+01  0.265017702933164E+01
       0.879999999999986E+01  0.242078024067725E+01
       0.880999999999986E+01  0.222469559496849E+01
       0.881999999999986E+01  0.206145508177488E+01
       0.882999999999986E+01  0.192881678812000E+01
       0.883999999999986E+01  0.182394107427651E+01
       0.884999999999986E+01  0.174406344913422E+01
       0.885999999999986E+01  0.168680555964405E+01
       0.886999999999986E+01  0.165024169879556E+01
       0.887999999999986E+01  0.163278676581653E+01
       0.888999999999985E+01  0.163291812792353E+01
       0.889999999999985E+01  0.164871056376209E+01
       0.890999999999985E+01  0.167719319964339E+01
       0.891999999999985E+01  0.171370781052702E+01
       0.892999999999985E+01  0.175179267805737E+01
       0.893999999999985E+01  0.178434687139500E+01
       0.894999999999985E+01  0.180622081656558E+01
       0.895999999999985E+01  0.181678808610880E+01
       0.896999999999985E+01  0.182025537702379E+01
       0.897999999999985E+01  0.182317963292416E+01
       0.898999999999985E+01  0.183107029485906E+01
       0.899999999999985E+01  0.184622321741793E+01
       0.900999999999985E+01  0.186758409036661E+01
       0.901999999999985E+01  0.189232298179748E+01
       0.902999999999985E+01  0.191808621143975E+01
       0.903999999999985E+01  0.194445510563765E+01
       0.904999999999985E+01  0.197286271333404E+01
       0.905999999999985E+01  0.200582389859808E+01
       0.906999999999985E+01  0.204667103363003E+01
       0.907999999999985E+01  0.209958887803090E+01
       0.908999999999985E+01  0.216884757147150E+01
       0.909999999999985E+01  0.225688819625192E+01
       0.910999999999985E+01  0.236190083178807E+01
       0.911999999999985E+01  0.247577850180112E+01
       0.912999999999985E+01  0.258361163644454E+01
       0.913999999999985E+01  0.266643324387924E+01
       0.914999999999985E+01  0.270798209676558E+01
       0.915999999999985E+01  0.270253365556398E+01
       0.916999999999985E+01  0.265788331118035E+01
       0.917999999999985E+01  0.259082530170390E+01
       0.918999999999985E+01  0.251917686038625E+01
       0.919999999999985E+01  0.245616392525804E+01
       0.920999999999985E+01  0.240916271888248E+01
       0.921999999999985E+01  0.238118744577551E+01
       0.922999999999985E+01  0.237289456907274E+01
       0.923999999999985E+01  0.238406200156550E+01
       0.924999999999985E+01  0.241450112377714E+01
       0.925999999999985E+01  0.246426596566130E+01
       0.926999999999985E+01  0.253273714728385E+01
       0.927999999999985E+01  0.261673689041252E+01
       0.928999999999985E+01  0.270882003402131E+01
       0.929999999999985E+01  0.279736082173511E+01
       0.930999999999985E+01  0.286954230859902E+01
       0.931999999999985E+01  0.291643547856502E+01
       0.932999999999985E+01  0.293697424396808E+01
       0.933999999999985E+01  0.293781791989709E+01
       0.934999999999985E+01  0.292958717654093E+01
       0.935999999999984E+01  0.292274184830587E+01
       0.936999999999984E+01  0.292558499633606E+01
       0.937999999999984E+01  0.294451361816557E+01
       0.938999999999984E+01  0.298521081376984E+01
       0.939999999999984E+01  0.305345062048601E+01
       0.940999999999984E+01  0.315512573665440E+01
       0.941999999999984E+01  0.329597309252417E+01
       0.942999999999984E+01  0.348145713711064E+01
       0.943999999999984E+01  0.371677385619354E+01
       0.944999999999984E+01  0.400664354903030E+01
       0.945999999999984E+01  0.435457477475160E+01
       0.946999999999984E+01  0.476145846818916E+01
       0.947999999999984E+01  0.522365921274064E+01
       0.948999999999984E+01  0.573123080237521E+01
       0.949999999999984E+01  0.626735406933925E+01
       0.950999999999984E+01  0.681012041745154E+01
       0.951999999999984E+01  0.733685821940867E+01
       0.952999999999984E+01  0.782980563509046E+01
       0.953999999999984E+01  0.828144389468804E+01
       0.954999999999984E+01  0.869829426174261E+01
       0.955999999999984E+01  0.910254074843604E+01
       0.956999999999984E+01  0.953073908648823E+01
       0.957999999999984E+01  0.100276518387501E+02
       0.958999999999984E+01  0.106336352043922E+02
       0.959999999999984E+01  0.113674930228292E+02
       0.960999999999984E+01  0.122089635221825E+02
       0.961999999999984E+01  0.130854960032488E+02
       0.962999999999984E+01  0.138715495272064E+02
       0.963999999999984E+01  0.144126834055596E+02
       0.964999999999984E+01  0.145780575672194E+02
       0.965999999999984E+01  0.143187979344073E+02
       0.966999999999984E+01  0.136915122623710E+02
       0.967999999999984E+01  0.128281475070166E+02
       0.968999999999984E+01  0.118776517285392E+02
       0.969999999999984E+01  0.109598669737114E+02
       0.970999999999984E+01  0.101489267944386E+02
       0.971999999999984E+01  0.947842340480220E+01
       0.972999999999984E+01  0.895481809677139E+01
       0.973999999999984E+01  0.857035749178773E+01
       0.974999999999984E+01  0.831095436859969E+01
       0.975999999999984E+01  0.815757312001771E+01
       0.976999999999984E+01  0.808397293194430E+01
       0.977999999999984E+01  0.805708266663836E+01
       0.978999999999984E+01  0.804491065958552E+01
       0.979999999999984E+01  0.802973567215768E+01
       0.980999999999984E+01  0.801658524732987E+01
       0.981999999999984E+01  0.802866958204075E+01
       0.982999999999983E+01  0.809268177163674E+01
       0.983999999999983E+01  0.822362522707283E+01
       0.984999999999983E+01  0.841465580118793E+01
       0.985999999999983E+01  0.863197444057174E+01
       0.986999999999983E+01  0.881631164453796E+01
       0.987999999999983E+01  0.889667400446300E+01
       0.988999999999983E+01  0.881761591183610E+01
       0.989999999999983E+01  0.856632892381427E+01
       0.990999999999983E+01  0.817828230569171E+01
       0.991999999999983E+01  0.771635677694738E+01
       0.992999999999983E+01  0.724125830881244E+01
       0.993999999999983E+01  0.679307145483649E+01
       0.994999999999983E+01  0.638900348906304E+01
       0.995999999999983E+01  0.603087318396774E+01
       0.996999999999983E+01  0.571430555121275E+01
       0.997999999999983E+01  0.543503190539433E+01
       0.998999999999983E+01  0.519124995094394E+01
       0.999999999999983E+01  0.498313210439917E+01
       0.100099999999998E+02  0.481136795638636E+01
