calculation_mode = "Quench Electrons"
unoccupied_states_per_kpoint = "2304"
spinorbit="True"
ecutwfc="200"
cell_relax = "False"
charge_density_mixing = "0.1"
charge_mixing_type = "Broyden"
description = "Example parameters for high-throughput bulk relaxation of a vdW material"
dipole_moment = "True"
dos_broading = "0.05"
dos_method = "Gaussian"
energy_convergence_criterion = "2.148e-08"
energy_output_units = "Hartrees"
kohn_sham_mucycles = "3"
kohn_sham_solver = "multigrid"
kpoint_distribution = "1"
kpoint_mesh = "1 1 1"
localize_projectors = "False"
max_md_steps = "100"
max_scf_steps = "200"
#non_local_block_size = "4000"
#potential_acceleration_constant_step = "1.5"
processor_grid = "5 10 16"
pseudopotential = "Bi Bi.upf
Se Se.upf
Nb Nb.upf"
rms_convergence_criterion = "2.148e-05"
scalapack_block_factor = "64"
#start_mode = "LCAO Start"
start_mode="Restart From File"
state_block_size = "64"
#stress = "True"
subdiag_driver = "scalapack"
use_async_allreduce = "False"
vdw_corr = "DFT-D3"
vdwdf_kernel_filepath = "/lustre/orion/world-shared/cph162/rjmorelock/rmgdft/XC/vdW_kernel_table"
#wavefunction_grid = "156 156 426"
wavefunction_grid = "160 160 448"
write_data_period = "25"

atomic_coordinate_type = "Absolute"
crds_units = "Angstrom"
lattice_units = "Angstrom"

lattice_vector = "
1.832752484166e+01 0.000000000000e+00 0.000000000000e+00
9.163762420831e+00 1.587214240633e+01 0.000000000000e+00
0.000000000000e+00 0.000000000000e+00 4.998925800348e+01
"
atoms = "
Nb 7.145078218458e-01 6.861762011119e-02 1.792331920306e+01 1 1 1 0.0 0.0 0.0
Nb 3.315120148525e+00 2.345344947753e+00 1.792811413103e+01 1 1 1 0.0 0.0 0.0
Nb 6.579780547555e+00 1.220515044993e+00 1.790533268004e+01 1 1 1 0.0 0.0 0.0
Nb 9.871270815204e+00 8.297425179413e-02 1.789124614042e+01 1 1 1 0.0 0.0 0.0
Nb 5.936191790594e+00 4.611437188550e+00 1.791598099631e+01 1 1 1 0.0 0.0 0.0
Nb 9.201774492651e+00 3.489676302164e+00 1.791430064688e+01 1 1 1 0.0 0.0 0.0
Nb 1.248003490573e+01 2.348974468668e+00 1.791375405970e+01 1 1 1 0.0 0.0 0.0
Nb 1.574932385941e+01 1.200371965927e+00 1.790448038716e+01 1 1 1 0.0 0.0 0.0
Nb 5.269446131382e+00 8.004719145132e+00 1.790486938536e+01 1 1 1 0.0 0.0 0.0
Nb 8.558491600140e+00 6.852341386062e+00 1.788911561990e+01 1 1 1 0.0 0.0 0.0
Nb 1.182999479018e+01 5.737077896691e+00 1.790517027554e+01 1 1 1 0.0 0.0 0.0
Nb 1.508000396455e+01 4.596056281384e+00 1.789861286983e+01 1 1 1 0.0 0.0 0.0
Nb 1.838822305965e+01 3.477916713666e+00 1.789380307197e+01 1 1 1 0.0 0.0 0.0
Nb 7.887334401874e+00 1.028988743199e+01 1.787753251202e+01 1 1 1 0.0 0.0 0.0
Nb 1.118834208110e+01 9.161429701682e+00 1.787788631993e+01 1 1 1 0.0 0.0 0.0
Nb 1.443105919298e+01 8.021617785566e+00 1.790214428128e+01 1 1 1 0.0 0.0 0.0
Nb 1.772063844283e+01 6.889941440476e+00 1.790416907219e+01 1 1 1 0.0 0.0 0.0
Nb 2.099326322405e+01 5.768472659931e+00 1.791551203944e+01 1 1 1 0.0 0.0 0.0
Nb 1.052090171799e+01 1.256292454209e+01 1.790021648856e+01 1 1 1 0.0 0.0 0.0
Nb 1.378553544649e+01 1.140634786738e+01 1.790746129552e+01 1 1 1 0.0 0.0 0.0
Nb 1.707817170039e+01 1.027018192959e+01 1.791058576967e+01 1 1 1 0.0 0.0 0.0
Nb 2.033977297866e+01 9.135365711295e+00 1.791615980531e+01 1 1 1 0.0 0.0 0.0
Nb 1.311234250335e+01 1.481754453763e+01 1.791772124862e+01 1 1 1 0.0 0.0 0.0
Nb 1.641669654074e+01 1.367655382628e+01 1.788572634546e+01 1 1 1 0.0 0.0 0.0
Nb 1.969694544317e+01 1.254463151960e+01 1.791588722611e+01 1 1 1 0.0 0.0 0.0
Nb 2.293928959093e+01 1.141788996403e+01 1.791113823072e+01 1 1 1 0.0 0.0 0.0
Nb 2.229863808521e+01 1.482057746412e+01 1.789700406515e+01 1 1 1 0.0 0.0 0.0
Nb 2.555115540099e+01 1.367658970449e+01 1.791272131738e+01 1 1 1 0.0 0.0 0.0
Nb 6.922407311386e-01 9.983103430766e-02 1.153780957214e+01 1 1 1 0.0 0.0 0.0
Nb 3.311315946200e+00 2.360471426497e+00 1.153212213383e+01 1 1 1 0.0 0.0 0.0
Nb 6.600333580235e+00 1.209492124143e+00 1.153192940747e+01 1 1 1 0.0 0.0 0.0
Nb 9.848190379065e+00 8.919891085632e-02 1.154188286110e+01 1 1 1 0.0 0.0 0.0
Nb 5.932416640100e+00 4.630846087100e+00 1.153111849626e+01 1 1 1 0.0 0.0 0.0
Nb 9.209657381541e+00 3.489565492448e+00 1.153365288485e+01 1 1 1 0.0 0.0 0.0
Nb 1.247549260698e+01 2.369084050813e+00 1.153833112924e+01 1 1 1 0.0 0.0 0.0
Nb 1.575713186972e+01 1.229332196315e+00 1.153423048182e+01 1 1 1 0.0 0.0 0.0
Nb 5.282692760867e+00 8.020112329210e+00 1.153007374161e+01 1 1 1 0.0 0.0 0.0
Nb 8.555105289089e+00 6.902265131922e+00 1.153854158303e+01 1 1 1 0.0 0.0 0.0
Nb 1.183263046330e+01 5.765160962871e+00 1.154497621963e+01 1 1 1 0.0 0.0 0.0
Nb 1.510031267609e+01 4.636774618574e+00 1.154167436527e+01 1 1 1 0.0 0.0 0.0
Nb 1.836678735932e+01 3.483850166488e+00 1.153750545398e+01 1 1 1 0.0 0.0 0.0
Nb 7.907793188086e+00 1.029839538505e+01 1.153487872395e+01 1 1 1 0.0 0.0 0.0
Nb 1.116942499988e+01 9.165748105540e+00 1.152765302029e+01 1 1 1 0.0 0.0 0.0
Nb 1.444682613495e+01 8.026659151382e+00 1.153241376341e+01 1 1 1 0.0 0.0 0.0
Nb 1.771671718650e+01 6.893713627578e+00 1.152655508333e+01 1 1 1 0.0 0.0 0.0
Nb 2.098940922614e+01 5.757936211726e+00 1.153161703414e+01 1 1 1 0.0 0.0 0.0
Nb 1.052322655240e+01 1.256431199191e+01 1.153206186054e+01 1 1 1 0.0 0.0 0.0
Nb 1.378051514193e+01 1.142623572426e+01 1.153226935094e+01 1 1 1 0.0 0.0 0.0
Nb 1.706087310779e+01 1.029429108630e+01 1.152924912471e+01 1 1 1 0.0 0.0 0.0
Nb 2.033777988547e+01 9.162084293939e+00 1.151533705483e+01 1 1 1 0.0 0.0 0.0
Nb 1.314160732816e+01 1.483181417257e+01 1.153171699572e+01 1 1 1 0.0 0.0 0.0
Nb 1.640220983729e+01 1.370127307144e+01 1.152476355375e+01 1 1 1 0.0 0.0 0.0
Nb 1.967348812700e+01 1.257284825595e+01 1.152496220689e+01 1 1 1 0.0 0.0 0.0
Nb 2.295240577822e+01 1.143006395123e+01 1.152069693243e+01 1 1 1 0.0 0.0 0.0
Nb 2.229237723042e+01 1.482715571942e+01 1.152795777346e+01 1 1 1 0.0 0.0 0.0
Nb 2.557971213372e+01 1.369832677127e+01 1.153522263625e+01 1 1 1 0.0 0.0 0.0
Bi 1.908959400337e+01 1.136246600276e+01 3.833711180195e+01 1 1 1 0.0 0.0 0.0
Bi 1.958103308269e+01 1.555744064343e+01 3.835102350140e+01 1 1 1 0.0 0.0 0.0
Bi 1.475231624488e+01 5.516556031345e+00 3.832787824105e+01 1 1 1 0.0 0.0 0.0
Bi 1.522015867565e+01 9.694169583587e+00 3.833994824492e+01 1 1 1 0.0 0.0 0.0
Bi 1.571081928232e+01 1.386730216872e+01 3.835541657217e+01 1 1 1 0.0 0.0 0.0
Bi 1.087603304605e+01 3.852348776445e+00 3.833164423677e+01 1 1 1 0.0 0.0 0.0
Bi 1.135096608154e+01 8.025113265884e+00 3.833040151692e+01 1 1 1 0.0 0.0 0.0
Bi 1.185187214184e+01 1.218833933541e+01 3.833707835794e+01 1 1 1 0.0 0.0 0.0
Bi 3.165392462233e+00 5.058220640275e-01 3.833883189259e+01 1 1 1 0.0 0.0 0.0
Bi 7.017644663830e+00 2.177180673187e+00 3.834562404134e+01 1 1 1 0.0 0.0 0.0
Bi 7.496409101351e+00 6.341221358170e+00 3.832693963936e+01 1 1 1 0.0 0.0 0.0
Bi 7.977431696946e+00 1.052842439593e+01 3.833280800338e+01 1 1 1 0.0 0.0 0.0
Bi 2.680381515922e+01 1.470122201187e+01 3.834589884308e+01 1 1 1 0.0 0.0 0.0
Bi 3.636731325842e+00 4.673973927058e+00 3.833702708067e+01 1 1 1 0.0 0.0 0.0
Bi 2.244635590339e+01 8.864315779670e+00 3.833660813104e+01 1 1 1 0.0 0.0 0.0
Bi 2.294343283712e+01 1.304275389590e+01 3.834660423636e+01 1 1 1 0.0 0.0 0.0
Bi 1.811343607830e+01 3.014447139090e+00 3.832612883398e+01 1 1 1 0.0 0.0 0.0
Bi 1.859510368804e+01 7.193105551811e+00 3.832084965591e+01 1 1 1 0.0 0.0 0.0
Bi 1.426630932878e+01 1.351642415572e+00 3.833571286897e+01 1 1 1 0.0 0.0 0.0
Bi 2.148402384521e+01 1.108483532870e+01 3.445151434269e+01 1 1 1 0.0 0.0 0.0
Bi 2.199139909738e+01 1.526679056860e+01 3.446396969343e+01 1 1 1 0.0 0.0 0.0
Bi 1.716455380075e+01 5.238823914008e+00 3.444698961262e+01 1 1 1 0.0 0.0 0.0
Bi 1.763620921819e+01 9.415020752919e+00 3.445307721477e+01 1 1 1 0.0 0.0 0.0
Bi 1.813435673041e+01 1.359621143753e+01 3.447367147036e+01 1 1 1 0.0 0.0 0.0
Bi 1.329771694499e+01 3.573101730480e+00 3.444938451009e+01 1 1 1 0.0 0.0 0.0
Bi 1.378003390814e+01 7.747272190952e+00 3.445910274444e+01 1 1 1 0.0 0.0 0.0
Bi 1.426626757669e+01 1.192432148149e+01 3.445761967228e+01 1 1 1 0.0 0.0 0.0
Bi 5.588230920094e+00 2.196082937439e-01 3.446579810666e+01 1 1 1 0.0 0.0 0.0
Bi 9.442209615384e+00 1.892972008418e+00 3.447312123186e+01 1 1 1 0.0 0.0 0.0
Bi 9.923528603156e+00 6.077184400955e+00 3.445355093425e+01 1 1 1 0.0 0.0 0.0
Bi 1.039709128124e+01 1.023191474142e+01 3.446400070322e+01 1 1 1 0.0 0.0 0.0
Bi 1.088967782850e+01 1.441690333115e+01 3.446284603846e+01 1 1 1 0.0 0.0 0.0
Bi 6.062319335772e+00 4.403283412620e+00 3.445204262033e+01 1 1 1 0.0 0.0 0.0
Bi 6.525990103537e+00 8.578621185186e+00 3.445589952871e+01 1 1 1 0.0 0.0 0.0
Bi 2.534992495684e+01 1.275779745076e+01 3.445928515183e+01 1 1 1 0.0 0.0 0.0
Bi 2.203335999567e+00 2.733200491055e+00 3.445396702632e+01 1 1 1 0.0 0.0 0.0
Bi 2.100288012094e+01 6.912930540622e+00 3.444538625847e+01 1 1 1 0.0 0.0 0.0
Bi 1.668069550303e+01 1.053866651575e+00 3.446149166221e+01 1 1 1 0.0 0.0 0.0
Bi 2.156883296620e+01 1.103471689853e+01 2.826294601556e+01 1 1 1 0.0 0.0 0.0
Bi 2.206515164185e+01 1.520870627455e+01 2.827055711901e+01 1 1 1 0.0 0.0 0.0
Bi 1.723173745635e+01 5.199691944375e+00 2.826337544290e+01 1 1 1 0.0 0.0 0.0
Bi 1.771492465148e+01 9.380916760918e+00 2.826233809674e+01 1 1 1 0.0 0.0 0.0
Bi 1.820277194022e+01 1.354213555530e+01 2.826753482899e+01 1 1 1 0.0 0.0 0.0
Bi 1.338676583410e+01 3.517785033440e+00 2.827121351047e+01 1 1 1 0.0 0.0 0.0
Bi 1.385876595760e+01 7.689191336552e+00 2.826007194808e+01 1 1 1 0.0 0.0 0.0
Bi 1.432542731767e+01 1.187783542980e+01 2.826849184605e+01 1 1 1 0.0 0.0 0.0
Bi 5.662985620433e+00 1.683166776130e-01 2.827659106259e+01 1 1 1 0.0 0.0 0.0
Bi 9.527987448243e+00 1.836265056910e+00 2.826990612516e+01 1 1 1 0.0 0.0 0.0
Bi 1.000517091581e+01 6.019289287770e+00 2.825141651333e+01 1 1 1 0.0 0.0 0.0
Bi 1.049027172171e+01 1.019931181360e+01 2.825839789586e+01 1 1 1 0.0 0.0 0.0
Bi 1.095821739497e+01 1.437330034294e+01 2.826341322615e+01 1 1 1 0.0 0.0 0.0
Bi 6.147727114981e+00 4.357483121720e+00 2.827218470948e+01 1 1 1 0.0 0.0 0.0
Bi 6.637743554182e+00 8.532436394096e+00 2.826371072960e+01 1 1 1 0.0 0.0 0.0
Bi 2.544341184386e+01 1.271059023631e+01 2.826047682160e+01 1 1 1 0.0 0.0 0.0
Bi 2.274649619009e+00 2.684405691937e+00 2.826940187216e+01 1 1 1 0.0 0.0 0.0
Bi 2.109173697163e+01 6.867880728896e+00 2.826579769884e+01 1 1 1 0.0 0.0 0.0
Bi 1.676357720172e+01 1.010195452418e+00 2.826719975396e+01 1 1 1 0.0 0.0 0.0
Bi 2.014828468767e+01 9.087965082558e+00 2.443255391445e+01 1 1 1 0.0 0.0 0.0
Bi 2.063617912610e+01 1.324921732095e+01 2.444249392697e+01 1 1 1 0.0 0.0 0.0
Bi 1.578213999274e+01 3.245166038354e+00 2.445879523213e+01 1 1 1 0.0 0.0 0.0
Bi 1.628102549555e+01 7.422678994002e+00 2.445278605404e+01 1 1 1 0.0 0.0 0.0
Bi 1.674477950290e+01 1.159603018226e+01 2.445119132549e+01 1 1 1 0.0 0.0 0.0
Bi 1.195410304789e+01 1.557429552091e+00 2.444783279624e+01 1 1 1 0.0 0.0 0.0
Bi 1.242598336566e+01 5.746261820765e+00 2.443230726493e+01 1 1 1 0.0 0.0 0.0
Bi 1.290527385828e+01 9.923846956189e+00 2.444735516085e+01 1 1 1 0.0 0.0 0.0
Bi 1.338162376585e+01 1.410563624610e+01 2.444077314840e+01 1 1 1 0.0 0.0 0.0
Bi 1.724631920004e+01 1.576885759087e+01 2.447594867141e+01 1 1 1 0.0 0.0 0.0
Bi 8.560704301889e+00 4.073753203608e+00 2.444599665702e+01 1 1 1 0.0 0.0 0.0
Bi 9.040366964872e+00 8.247693842400e+00 2.444732901950e+01 1 1 1 0.0 0.0 0.0
Bi 9.539264427090e+00 1.243702459604e+01 2.443767767316e+01 1 1 1 0.0 0.0 0.0
Bi 4.699331201228e+00 2.400382450876e+00 2.446681306122e+01 1 1 1 0.0 0.0 0.0
Bi 5.187272366012e+00 6.582149303675e+00 2.445056689633e+01 1 1 1 0.0 0.0 0.0
Bi 2.398368079468e+01 1.074824234970e+01 2.444545790166e+01 1 1 1 0.0 0.0 0.0
Bi 8.388000744882e-01 7.333759541650e-01 2.443611919324e+01 1 1 1 0.0 0.0 0.0
Bi 1.966544950124e+01 4.916692290867e+00 2.446729508877e+01 1 1 1 0.0 0.0 0.0
Bi 2.448354315870e+01 1.493798718454e+01 2.444876584156e+01 1 1 1 0.0 0.0 0.0
Se 2.622284537491e+01 1.558475735512e+01 9.845903751255e+00 1 1 1 0.0 0.0 0.0
Se 1.349512688815e+00 1.979853757937e+00 9.842030861722e+00 1 1 1 0.0 0.0 0.0
Se 4.627375742701e+00 8.514246031997e-01 9.848649122822e+00 1 1 1 0.0 0.0 0.0
Se 1.706493284981e+01 1.557758404001e+01 9.835072815911e+00 1 1 1 0.0 0.0 0.0
Se 3.972507784349e+00 4.247213060739e+00 9.844093965063e+00 1 1 1 0.0 0.0 0.0
Se 7.245132512647e+00 3.113738095098e+00 9.849795638250e+00 1 1 1 0.0 0.0 0.0
Se 1.051583214703e+01 1.977572421898e+00 9.853913536849e+00 1 1 1 0.0 0.0 0.0
Se 1.378829621712e+01 8.542172302959e-01 9.849537876012e+00 1 1 1 0.0 0.0 0.0
Se 2.164838074239e+01 7.644529729256e+00 9.838256187488e+00 1 1 1 0.0 0.0 0.0
Se 6.596921233663e+00 6.517614656464e+00 9.846397420710e+00 1 1 1 0.0 0.0 0.0
Se 9.869287353039e+00 5.389059557542e+00 9.856391991412e+00 1 1 1 0.0 0.0 0.0
Se 1.313822630888e+01 4.257187628541e+00 9.857686782305e+00 1 1 1 0.0 0.0 0.0
Se 1.640299153792e+01 3.117445881328e+00 9.852201278024e+00 1 1 1 0.0 0.0 0.0
Se 5.938753484739e+00 9.917512492848e+00 9.846435786061e+00 1 1 1 0.0 0.0 0.0
Se 9.209169903459e+00 8.783372827664e+00 9.843643741060e+00 1 1 1 0.0 0.0 0.0
Se 1.248069135011e+01 7.651651132084e+00 9.848770304412e+00 1 1 1 0.0 0.0 0.0
Se 1.575232106643e+01 6.518727939560e+00 9.840918742816e+00 1 1 1 0.0 0.0 0.0
Se 1.902514561206e+01 5.371316085630e+00 9.848280762539e+00 1 1 1 0.0 0.0 0.0
Se 8.561396730320e+00 1.218372681484e+01 9.848163338108e+00 1 1 1 0.0 0.0 0.0
Se 1.182529373825e+01 1.105376426319e+01 9.838561734431e+00 1 1 1 0.0 0.0 0.0
Se 1.509353026421e+01 9.917050626945e+00 9.848145081493e+00 1 1 1 0.0 0.0 0.0
Se 1.836900186027e+01 8.787288950978e+00 9.839252945754e+00 1 1 1 0.0 0.0 0.0
Se 1.116792113106e+01 1.446538665653e+01 9.854972685112e+00 1 1 1 0.0 0.0 0.0
Se 1.443598583317e+01 1.331046212612e+01 9.841217145867e+00 1 1 1 0.0 0.0 0.0
Se 1.771153876377e+01 1.218541499610e+01 9.841526026627e+00 1 1 1 0.0 0.0 0.0
Se 2.098660003580e+01 1.105913419516e+01 9.835262684708e+00 1 1 1 0.0 0.0 0.0
Se 2.032877016655e+01 1.446082382570e+01 9.843554786364e+00 1 1 1 0.0 0.0 0.0
Se 2.361471089947e+01 1.332524030040e+01 9.846698416729e+00 1 1 1 0.0 0.0 0.0
Se 9.189683215854e+00 1.406665038231e+01 1.624388900041e+01 1 1 1 0.0 0.0 0.0
Se 2.658596923738e+00 4.694712912623e-01 1.624456110843e+01 1 1 1 0.0 0.0 0.0
Se 1.508707504262e+01 1.519439472877e+01 1.623609120322e+01 1 1 1 0.0 0.0 0.0
Se 1.838603036080e+01 1.405370469593e+01 1.622492122401e+01 1 1 1 0.0 0.0 0.0
Se 5.269891539872e+00 2.722799194719e+00 1.624327160931e+01 1 1 1 0.0 0.0 0.0
Se 8.549854474918e+00 1.599823634875e+00 1.623366471386e+01 1 1 1 0.0 0.0 0.0
Se 1.183078474597e+01 4.624086800263e-01 1.622465922835e+01 1 1 1 0.0 0.0 0.0
Se 2.426147090985e+01 1.519176111944e+01 1.622505552920e+01 1 1 1 0.0 0.0 0.0
Se 4.629051064954e+00 6.117771819694e+00 1.623843783973e+01 1 1 1 0.0 0.0 0.0
Se 7.889357499415e+00 4.978228355196e+00 1.622338137113e+01 1 1 1 0.0 0.0 0.0
Se 1.116486407409e+01 3.851943426673e+00 1.623891785641e+01 1 1 1 0.0 0.0 0.0
Se 1.443652204847e+01 2.710510746478e+00 1.622909071739e+01 1 1 1 0.0 0.0 0.0
Se 1.772388288146e+01 1.581632849435e+00 1.624216589345e+01 1 1 1 0.0 0.0 0.0
Se 7.238287022836e+00 8.381267493566e+00 1.622478638965e+01 1 1 1 0.0 0.0 0.0
Se 1.052118630952e+01 7.254804126474e+00 1.622577425774e+01 1 1 1 0.0 0.0 0.0
Se 1.379040863978e+01 6.125921149328e+00 1.623065866958e+01 1 1 1 0.0 0.0 0.0
Se 1.705605494894e+01 4.988454017603e+00 1.623263959169e+01 1 1 1 0.0 0.0 0.0
Se 2.035272961901e+01 3.868603090661e+00 1.623727941781e+01 1 1 1 0.0 0.0 0.0
Se 9.859660825114e+00 1.067186894907e+01 1.621284783340e+01 1 1 1 0.0 0.0 0.0
Se 1.314575930577e+01 9.531526056507e+00 1.621169496785e+01 1 1 1 0.0 0.0 0.0
Se 1.640978352791e+01 8.393236212913e+00 1.623311511037e+01 1 1 1 0.0 0.0 0.0
Se 1.968007786544e+01 7.254871543655e+00 1.623167410780e+01 1 1 1 0.0 0.0 0.0
Se 1.248421921608e+01 1.293353859101e+01 1.623455272620e+01 1 1 1 0.0 0.0 0.0
Se 1.575731618215e+01 1.177858167495e+01 1.623370022165e+01 1 1 1 0.0 0.0 0.0
Se 1.904145427277e+01 1.065683206004e+01 1.624450930198e+01 1 1 1 0.0 0.0 0.0
Se 2.229668864914e+01 9.524678714576e+00 1.623709828044e+01 1 1 1 0.0 0.0 0.0
Se 2.164412726858e+01 1.292558262275e+01 1.623019108856e+01 1 1 1 0.0 0.0 0.0
Se 2.489913954925e+01 1.179847085477e+01 1.622438204531e+01 1 1 1 0.0 0.0 0.0
Se 2.622388250940e+01 1.558855065640e+01 1.320588590650e+01 1 1 1 0.0 0.0 0.0
Se 1.354933686390e+00 1.980795217180e+00 1.320748693227e+01 1 1 1 0.0 0.0 0.0
Se 4.627100940956e+00 8.497123443752e-01 1.320106499593e+01 1 1 1 0.0 0.0 0.0
Se 1.705590196380e+01 1.557299792538e+01 1.321391114407e+01 1 1 1 0.0 0.0 0.0
Se 3.969833375450e+00 4.250441994477e+00 1.320299331782e+01 1 1 1 0.0 0.0 0.0
Se 7.238661098234e+00 3.111263979788e+00 1.319567098639e+01 1 1 1 0.0 0.0 0.0
Se 1.051429070662e+01 1.982369731167e+00 1.320802034293e+01 1 1 1 0.0 0.0 0.0
Se 1.378618136024e+01 8.458116201197e-01 1.319315183810e+01 1 1 1 0.0 0.0 0.0
Se 2.163863578460e+01 7.653615490950e+00 1.319381293924e+01 1 1 1 0.0 0.0 0.0
Se 6.591688094012e+00 6.512126241708e+00 1.320640910405e+01 1 1 1 0.0 0.0 0.0
Se 9.861385149180e+00 5.382214226484e+00 1.320313942366e+01 1 1 1 0.0 0.0 0.0
Se 1.313762712148e+01 4.254166185202e+00 1.321559911366e+01 1 1 1 0.0 0.0 0.0
Se 1.640162303264e+01 3.120303544308e+00 1.321048784353e+01 1 1 1 0.0 0.0 0.0
Se 5.935003840588e+00 9.913139742486e+00 1.319129611932e+01 1 1 1 0.0 0.0 0.0
Se 9.214195499793e+00 8.787198144162e+00 1.320691563251e+01 1 1 1 0.0 0.0 0.0
Se 1.248249282822e+01 7.658314796592e+00 1.320391816090e+01 1 1 1 0.0 0.0 0.0
Se 1.576148001334e+01 6.523286378219e+00 1.320559660530e+01 1 1 1 0.0 0.0 0.0
Se 1.902435856673e+01 5.377254089376e+00 1.319936718364e+01 1 1 1 0.0 0.0 0.0
Se 8.561982635370e+00 1.219065866637e+01 1.320603841538e+01 1 1 1 0.0 0.0 0.0
Se 1.182006557287e+01 1.105090183761e+01 1.320360229500e+01 1 1 1 0.0 0.0 0.0
Se 1.509914531108e+01 9.917150588527e+00 1.320048173676e+01 1 1 1 0.0 0.0 0.0
Se 1.837700995250e+01 8.783071302468e+00 1.319254418386e+01 1 1 1 0.0 0.0 0.0
Se 1.117925023387e+01 1.445442321521e+01 1.320260410796e+01 1 1 1 0.0 0.0 0.0
Se 1.444352830233e+01 1.331620470471e+01 1.319753548951e+01 1 1 1 0.0 0.0 0.0
Se 1.771131396928e+01 1.218346381374e+01 1.319590038473e+01 1 1 1 0.0 0.0 0.0
Se 2.098552813436e+01 1.105530321646e+01 1.318460213296e+01 1 1 1 0.0 0.0 0.0
Se 2.033258415865e+01 1.445266269542e+01 1.320384931494e+01 1 1 1 0.0 0.0 0.0
Se 2.360949427015e+01 1.331400475613e+01 1.319509143147e+01 1 1 1 0.0 0.0 0.0
Se 9.195559358780e+00 1.405123264441e+01 1.958654070658e+01 1 1 1 0.0 0.0 0.0
Se 2.667567166039e+00 4.575209872837e-01 1.961001109344e+01 1 1 1 0.0 0.0 0.0
Se 1.510401924522e+01 1.518719537813e+01 1.955624933082e+01 1 1 1 0.0 0.0 0.0
Se 1.837416345516e+01 1.406468993935e+01 1.955506143374e+01 1 1 1 0.0 0.0 0.0
Se 5.284774438329e+00 2.727823891452e+00 1.960129549123e+01 1 1 1 0.0 0.0 0.0
Se 8.552175287579e+00 1.581710003477e+00 1.956615044882e+01 1 1 1 0.0 0.0 0.0
Se 1.182180746562e+01 4.547515381511e-01 1.958031959301e+01 1 1 1 0.0 0.0 0.0
Se 2.425174558453e+01 1.519455919706e+01 1.959019552217e+01 1 1 1 0.0 0.0 0.0
Se 4.627178730012e+00 6.125717786511e+00 1.959857028131e+01 1 1 1 0.0 0.0 0.0
Se 7.891523421895e+00 4.994583953937e+00 1.959613516637e+01 1 1 1 0.0 0.0 0.0
Se 1.116821614738e+01 3.859770169856e+00 1.959152179911e+01 1 1 1 0.0 0.0 0.0
Se 1.444919610818e+01 2.712540934994e+00 1.958346031290e+01 1 1 1 0.0 0.0 0.0
Se 1.772065754613e+01 1.592920941004e+00 1.956956316582e+01 1 1 1 0.0 0.0 0.0
Se 7.258168159163e+00 8.389562876121e+00 1.953921125219e+01 1 1 1 0.0 0.0 0.0
Se 1.052073709095e+01 7.272552043475e+00 1.955327138586e+01 1 1 1 0.0 0.0 0.0
Se 1.379748130538e+01 6.121690430140e+00 1.957762131821e+01 1 1 1 0.0 0.0 0.0
Se 1.705839417697e+01 4.980920332780e+00 1.954488329145e+01 1 1 1 0.0 0.0 0.0
Se 2.033334903145e+01 3.871191243668e+00 1.958041479199e+01 1 1 1 0.0 0.0 0.0
Se 9.853352873553e+00 1.065522955258e+01 1.954056700430e+01 1 1 1 0.0 0.0 0.0
Se 1.312686397374e+01 9.524036663820e+00 1.958860301616e+01 1 1 1 0.0 0.0 0.0
Se 1.639548939206e+01 8.386687961963e+00 1.958186796564e+01 1 1 1 0.0 0.0 0.0
Se 1.966881528022e+01 7.260371176969e+00 1.959511829936e+01 1 1 1 0.0 0.0 0.0
Se 1.247947545955e+01 1.291358220568e+01 1.959061785853e+01 1 1 1 0.0 0.0 0.0
Se 1.576076451278e+01 1.179498675176e+01 1.956875326004e+01 1 1 1 0.0 0.0 0.0
Se 1.903402308958e+01 1.065659250150e+01 1.959308594122e+01 1 1 1 0.0 0.0 0.0
Se 2.230648059787e+01 9.521602924734e+00 1.958777813466e+01 1 1 1 0.0 0.0 0.0
Se 2.165190823793e+01 1.294100459407e+01 1.959534790937e+01 1 1 1 0.0 0.0 0.0
Se 2.490962593729e+01 1.177814372786e+01 1.957422765160e+01 1 1 1 0.0 0.0 0.0
Se 2.150495746217e+01 1.109035036107e+01 3.990092280832e+01 1 1 1 0.0 0.0 0.0
Se 2.199712595941e+01 1.526553927608e+01 3.990618828070e+01 1 1 1 0.0 0.0 0.0
Se 1.716562305630e+01 5.245763068192e+00 3.988184416929e+01 1 1 1 0.0 0.0 0.0
Se 1.763200273532e+01 9.409732578835e+00 3.988330533351e+01 1 1 1 0.0 0.0 0.0
Se 1.814489947582e+01 1.358731766134e+01 3.988803951193e+01 1 1 1 0.0 0.0 0.0
Se 1.329759777428e+01 3.583685751720e+00 3.987753031635e+01 1 1 1 0.0 0.0 0.0
Se 1.377250059374e+01 7.741345141175e+00 3.987840732181e+01 1 1 1 0.0 0.0 0.0
Se 1.427488856201e+01 1.190773759569e+01 3.990203566807e+01 1 1 1 0.0 0.0 0.0
Se 5.571744138313e+00 2.268647426062e-01 3.989976936067e+01 1 1 1 0.0 0.0 0.0
Se 9.434117489810e+00 1.906566042767e+00 3.989989456400e+01 1 1 1 0.0 0.0 0.0
Se 9.915428487006e+00 6.075920937356e+00 3.988637202150e+01 1 1 1 0.0 0.0 0.0
Se 1.039519587417e+01 1.023592114237e+01 3.988744492837e+01 1 1 1 0.0 0.0 0.0
Se 1.088349386317e+01 1.441505983636e+01 3.988972716401e+01 1 1 1 0.0 0.0 0.0
Se 6.043746801864e+00 4.404653293765e+00 3.989085097774e+01 1 1 1 0.0 0.0 0.0
Se 6.528823688952e+00 8.573513143037e+00 3.986890610306e+01 1 1 1 0.0 0.0 0.0
Se 2.535539358037e+01 1.274837523817e+01 3.990012359192e+01 1 1 1 0.0 0.0 0.0
Se 2.192615080173e+00 2.736788206967e+00 3.989215042539e+01 1 1 1 0.0 0.0 0.0
Se 2.100092687480e+01 6.903540078668e+00 3.988679393452e+01 1 1 1 0.0 0.0 0.0
Se 1.667290130425e+01 1.075499840856e+00 3.988779122197e+01 1 1 1 0.0 0.0 0.0
Se 2.005603152448e+01 9.128386075052e+00 3.637662698968e+01 1 1 1 0.0 0.0 0.0
Se 2.053954686243e+01 1.331594699539e+01 3.640201977164e+01 1 1 1 0.0 0.0 0.0
Se 1.571463623782e+01 3.284880102961e+00 3.638910266083e+01 1 1 1 0.0 0.0 0.0
Se 1.619692118574e+01 7.469300673828e+00 3.636789688801e+01 1 1 1 0.0 0.0 0.0
Se 1.668098580967e+01 1.165152087278e+01 3.639155740825e+01 1 1 1 0.0 0.0 0.0
Se 1.185547822020e+01 1.622647208377e+00 3.639634466315e+01 1 1 1 0.0 0.0 0.0
Se 1.233486454683e+01 5.784484558049e+00 3.638414490502e+01 1 1 1 0.0 0.0 0.0
Se 1.282379119840e+01 9.967076133590e+00 3.638351380823e+01 1 1 1 0.0 0.0 0.0
Se 1.329904221650e+01 1.413884021344e+01 3.639712832174e+01 1 1 1 0.0 0.0 0.0
Se 1.716701648583e+01 1.581609634429e+01 3.640883345790e+01 1 1 1 0.0 0.0 0.0
Se 8.468431717900e+00 4.114661832936e+00 3.639223729518e+01 1 1 1 0.0 0.0 0.0
Se 8.945024464908e+00 8.280419698092e+00 3.639877236962e+01 1 1 1 0.0 0.0 0.0
Se 9.452070410077e+00 1.247265531733e+01 3.640142905108e+01 1 1 1 0.0 0.0 0.0
Se 4.611850634735e+00 2.430825330080e+00 3.639626729744e+01 1 1 1 0.0 0.0 0.0
Se 5.097413729880e+00 6.619906682486e+00 3.637921260263e+01 1 1 1 0.0 0.0 0.0
Se 2.391507291143e+01 1.080447521131e+01 3.639002655139e+01 1 1 1 0.0 0.0 0.0
Se 7.606259366020e-01 7.787000913768e-01 3.639721859938e+01 1 1 1 0.0 0.0 0.0
Se 1.956827805887e+01 4.972642677662e+00 3.638305506447e+01 1 1 1 0.0 0.0 0.0
Se 2.439793640884e+01 1.499089268545e+01 3.639278589323e+01 1 1 1 0.0 0.0 0.0
Se 1.908568751109e+01 1.137277321138e+01 3.288955693838e+01 1 1 1 0.0 0.0 0.0
Se 1.958528391062e+01 1.554000472934e+01 3.290562498221e+01 1 1 1 0.0 0.0 0.0
Se 1.474749078338e+01 5.518037515971e+00 3.289275528567e+01 1 1 1 0.0 0.0 0.0
Se 1.523042005753e+01 9.691760345408e+00 3.289658324806e+01 1 1 1 0.0 0.0 0.0
Se 1.572399658959e+01 1.386343420054e+01 3.290525545773e+01 1 1 1 0.0 0.0 0.0
Se 1.088695029021e+01 3.841183983175e+00 3.290226756423e+01 1 1 1 0.0 0.0 0.0
Se 1.137343552963e+01 8.018463571656e+00 3.288544607784e+01 1 1 1 0.0 0.0 0.0
Se 1.184452620911e+01 1.217802323661e+01 3.290147094080e+01 1 1 1 0.0 0.0 0.0
Se 3.179330461794e+00 4.967735564115e-01 3.290579003259e+01 1 1 1 0.0 0.0 0.0
Se 7.035847990772e+00 2.160128835940e+00 3.290648685319e+01 1 1 1 0.0 0.0 0.0
Se 7.505336639048e+00 6.345427629369e+00 3.289290133860e+01 1 1 1 0.0 0.0 0.0
Se 7.988504360457e+00 1.052675711717e+01 3.289897650509e+01 1 1 1 0.0 0.0 0.0
Se 8.483298211862e+00 1.470007951818e+01 3.290258348305e+01 1 1 1 0.0 0.0 0.0
Se 3.647822457639e+00 4.678697574853e+00 3.289038880502e+01 1 1 1 0.0 0.0 0.0
Se 2.246220216903e+01 8.860631594745e+00 3.288508666065e+01 1 1 1 0.0 0.0 0.0
Se 2.294271945327e+01 1.303273937522e+01 3.289832334161e+01 1 1 1 0.0 0.0 0.0
Se 1.812627190748e+01 2.998262782107e+00 3.289099423671e+01 1 1 1 0.0 0.0 0.0
Se 1.859620956265e+01 7.193554611624e+00 3.287501673511e+01 1 1 1 0.0 0.0 0.0
Se 1.427701887086e+01 1.334691333672e+00 3.289535867899e+01 1 1 1 0.0 0.0 0.0
Se 2.012763523889e+01 9.097507682972e+00 2.982547858261e+01 1 1 1 0.0 0.0 0.0
Se 2.061306021878e+01 1.325792916600e+01 2.982098607944e+01 1 1 1 0.0 0.0 0.0
Se 1.580405618601e+01 3.246466914785e+00 2.982083468183e+01 1 1 1 0.0 0.0 0.0
Se 1.626963077477e+01 7.423227539138e+00 2.981473078102e+01 1 1 1 0.0 0.0 0.0
Se 1.673857918599e+01 1.160211079927e+01 2.981669556322e+01 1 1 1 0.0 0.0 0.0
Se 1.193773347887e+01 1.565744778793e+00 2.982406038759e+01 1 1 1 0.0 0.0 0.0
Se 1.240823121524e+01 5.748165377165e+00 2.981794114063e+01 1 1 1 0.0 0.0 0.0
Se 1.289504465039e+01 9.924102442965e+00 2.981680187493e+01 1 1 1 0.0 0.0 0.0
Se 1.336366147915e+01 1.410570980174e+01 2.982725487189e+01 1 1 1 0.0 0.0 0.0
Se 1.724460334281e+01 1.576162050990e+01 2.983245409128e+01 1 1 1 0.0 0.0 0.0
Se 8.560500304060e+00 4.080590861595e+00 2.980980043659e+01 1 1 1 0.0 0.0 0.0
Se 9.037801460651e+00 8.252495067580e+00 2.980988081861e+01 1 1 1 0.0 0.0 0.0
Se 9.515509819136e+00 1.241937304222e+01 2.981903632587e+01 1 1 1 0.0 0.0 0.0
Se 4.694157752771e+00 2.406255048315e+00 2.980984012488e+01 1 1 1 0.0 0.0 0.0
Se 5.181568946540e+00 6.591573527138e+00 2.982246042018e+01 1 1 1 0.0 0.0 0.0
Se 2.400711847838e+01 1.075333404027e+01 2.980625568987e+01 1 1 1 0.0 0.0 0.0
Se 8.514793730450e-01 7.298983600378e-01 2.982609708498e+01 1 1 1 0.0 0.0 0.0
Se 1.963899270258e+01 4.931734471676e+00 2.981715769372e+01 1 1 1 0.0 0.0 0.0
Se 2.447705375226e+01 1.492427445573e+01 2.982429370184e+01 1 1 1 0.0 0.0 0.0
Se 1.918077679974e+01 1.131439845194e+01 2.635109862509e+01 1 1 1 0.0 0.0 0.0
Se 1.964944326532e+01 1.549684206952e+01 2.636620531261e+01 1 1 1 0.0 0.0 0.0
Se 1.480893434753e+01 5.472995906492e+00 2.636650408608e+01 1 1 1 0.0 0.0 0.0
Se 1.531385850360e+01 9.649262173459e+00 2.637193921269e+01 1 1 1 0.0 0.0 0.0
Se 1.579589039896e+01 1.382119754798e+01 2.636547324880e+01 1 1 1 0.0 0.0 0.0
Se 1.097323470445e+01 3.795312412099e+00 2.634592671125e+01 1 1 1 0.0 0.0 0.0
Se 1.144576088305e+01 7.977647812934e+00 2.633932612467e+01 1 1 1 0.0 0.0 0.0
Se 1.192144497980e+01 1.214542792895e+01 2.635426882016e+01 1 1 1 0.0 0.0 0.0
Se 3.235372449172e+00 4.546940695019e-01 2.636206518857e+01 1 1 1 0.0 0.0 0.0
Se 7.118617186382e+00 2.124562092187e+00 2.636943456385e+01 1 1 1 0.0 0.0 0.0
Se 7.606553323982e+00 6.289436337172e+00 2.634389821610e+01 1 1 1 0.0 0.0 0.0
Se 8.083919146033e+00 1.048025698936e+01 2.632984443256e+01 1 1 1 0.0 0.0 0.0
Se 8.564305088480e+00 1.466726730077e+01 2.635522488469e+01 1 1 1 0.0 0.0 0.0
Se 3.727989794552e+00 4.654612389872e+00 2.637041565847e+01 1 1 1 0.0 0.0 0.0
Se 2.253826578929e+01 8.804840331548e+00 2.634629681782e+01 1 1 1 0.0 0.0 0.0
Se 2.302308602541e+01 1.298914834641e+01 2.635434824966e+01 1 1 1 0.0 0.0 0.0
Se 1.819415465915e+01 2.956479687375e+00 2.635682262956e+01 1 1 1 0.0 0.0 0.0
Se 1.869309768353e+01 7.146018460594e+00 2.634718726437e+01 1 1 1 0.0 0.0 0.0
Se 1.436353617601e+01 1.290040944934e+00 2.638101264455e+01 1 1 1 0.0 0.0 0.0
Se 2.157737843792e+01 1.104406836012e+01 2.286870258477e+01 1 1 1 0.0 0.0 0.0
Se 2.208557820117e+01 1.519993166908e+01 2.289517472957e+01 1 1 1 0.0 0.0 0.0
Se 1.724157544351e+01 5.193030661165e+00 2.292823507820e+01 1 1 1 0.0 0.0 0.0
Se 1.771318799759e+01 9.364731557251e+00 2.290649748225e+01 1 1 1 0.0 0.0 0.0
Se 1.819995661142e+01 1.353441925141e+01 2.292783681940e+01 1 1 1 0.0 0.0 0.0
Se 1.338238271186e+01 3.518085024023e+00 2.289004985958e+01 1 1 1 0.0 0.0 0.0
Se 1.387592966292e+01 7.711226541789e+00 2.289442377413e+01 1 1 1 0.0 0.0 0.0
Se 1.434454072364e+01 1.188142928417e+01 2.289268563854e+01 1 1 1 0.0 0.0 0.0
Se 5.661770576551e+00 1.899129832394e-01 2.291586704170e+01 1 1 1 0.0 0.0 0.0
Se 9.548568103976e+00 1.828852447841e+00 2.292284297370e+01 1 1 1 0.0 0.0 0.0
Se 1.000591541529e+01 6.013441614580e+00 2.290068769815e+01 1 1 1 0.0 0.0 0.0
Se 1.049938785818e+01 1.020188552007e+01 2.290401982145e+01 1 1 1 0.0 0.0 0.0
Se 1.099270218292e+01 1.439293869274e+01 2.287531280237e+01 1 1 1 0.0 0.0 0.0
Se 6.132964339759e+00 4.344682641573e+00 2.290396605704e+01 1 1 1 0.0 0.0 0.0
Se 6.616281289153e+00 8.538745086506e+00 2.289532940808e+01 1 1 1 0.0 0.0 0.0
Se 2.544168154009e+01 1.270772722864e+01 2.291642654080e+01 1 1 1 0.0 0.0 0.0
Se 2.292613440327e+00 2.677455001690e+00 2.291837063218e+01 1 1 1 0.0 0.0 0.0
Se 2.111224528883e+01 6.851522219680e+00 2.289728524719e+01 1 1 1 0.0 0.0 0.0
Se 1.673457961142e+01 1.032448149504e+00 2.289862337770e+01 1 1 1 0.0 0.0 0.0
"
