calculation_mode = "Quench Electrons"
unoccupied_states_per_kpoint = "2048"
spinorbit="True"
ecutwfc="200"
cell_relax = "False"
charge_density_mixing = "0.1"
charge_mixing_type = "Broyden"
description = "Example parameters for high-throughput bulk relaxation of a vdW material"
dipole_moment = "True"
dos_broading = "0.05"
dos_method = "Gaussian"
energy_convergence_criterion = "2.796e-08"
energy_output_units = "Hartrees"
kohn_sham_mucycles = "3"
kohn_sham_solver = "multigrid"
kpoint_distribution = "1"
kpoint_mesh = "1 1 1"
localize_projectors = "False"
max_md_steps = "100"
max_scf_steps = "200"
non_local_block_size = "12000"
#potential_acceleration_constant_step = "1.5"
processor_grid = "8 16 16"
pseudopotential = "Bi Bi.upf
Se Se.upf
Nb Nb.upf"
rms_convergence_criterion = "2.796e-05"
scalapack_block_factor = "64"
start_mode = "LCAO Start"
state_block_size = "64"
#stress = "True"
subdiag_driver = "scalapack"
use_async_allreduce = "False"
vdw_corr = "DFT-D3"
vdwdf_kernel_filepath = "/lustre/orion/world-shared/cph162/rjmorelock/rmgdft/XC/vdW_kernel_table"
#wavefunction_grid = "178 178 426"
wavefunction_grid = "192 192 448"
write_data_period = "25"

atomic_coordinate_type = "Absolute"
crds_units = "Angstrom"
lattice_units = "Angstrom"

lattice_vector = "
2.078131974525e+01 0.000000000000e+00 0.000000000000e+00
1.039092446125e+01 1.799731823829e+01 0.000000000000e+00
0.000000000000e+00 0.000000000000e+00 4.998925800348e+01
"
atoms = "
Nb 2.306343388561e+01 1.157406281754e+01 1.792058293334e+01 1 1 1 0.0 0.0 0.0
Nb 1.970351073363e+01 1.154966139624e+01 1.788564691595e+01 1 1 1 0.0 0.0 0.0
Nb 1.613000296545e+01 1.157318697628e+01 1.784641667811e+01 1 1 1 0.0 0.0 0.0
Nb 1.272597294268e+01 1.158234629361e+01 1.784618018879e+01 1 1 1 0.0 0.0 0.0
Nb 9.267701669793e+00 1.154317135478e+01 1.787784800749e+01 1 1 1 0.0 0.0 0.0
Nb 2.658097713797e+01 1.157809102060e+01 1.791055486572e+01 1 1 1 0.0 0.0 0.0
Nb 2.136860107952e+01 8.507196650193e+00 1.789990707862e+01 1 1 1 0.0 0.0 0.0
Nb 1.793953361731e+01 8.457692330220e+00 1.785314506099e+01 1 1 1 0.0 0.0 0.0
Nb 1.443105681168e+01 8.516671039659e+00 1.781737252021e+01 1 1 1 0.0 0.0 0.0
Nb 1.096096991043e+01 8.478922762697e+00 1.784693003295e+01 1 1 1 0.0 0.0 0.0
Nb 7.564752184305e+00 8.481322740274e+00 1.789423969612e+01 1 1 1 0.0 0.0 0.0
Nb 2.481158484503e+01 8.484694287281e+00 1.791764255996e+01 1 1 1 0.0 0.0 0.0
Nb 1.960717422712e+01 5.522783759635e+00 1.789797875673e+01 1 1 1 0.0 0.0 0.0
Nb 1.624695478880e+01 5.506485576625e+00 1.786278275456e+01 1 1 1 0.0 0.0 0.0
Nb 1.265972503121e+01 5.540352232631e+00 1.785514752062e+01 1 1 1 0.0 0.0 0.0
Nb 9.267756439639e+00 5.550441314389e+00 1.788730604538e+01 1 1 1 0.0 0.0 0.0
Nb 5.801925658081e+00 5.481985781269e+00 1.792621708351e+01 1 1 1 0.0 0.0 0.0
Nb 2.311302864198e+01 5.525505000720e+00 1.793137121700e+01 1 1 1 0.0 0.0 0.0
Nb 1.791544605103e+01 2.568492484773e+00 1.790970479539e+01 1 1 1 0.0 0.0 0.0
Nb 1.447962533461e+01 2.500738270262e+00 1.790008805724e+01 1 1 1 0.0 0.0 0.0
Nb 1.096836595625e+01 2.571923670056e+00 1.790910179791e+01 1 1 1 0.0 0.0 0.0
Nb 7.481436771939e+00 2.535227556218e+00 1.793059957074e+01 1 1 1 0.0 0.0 0.0
Nb 4.109990097429e+00 2.524761594423e+00 1.794364246698e+01 1 1 1 0.0 0.0 0.0
Nb 2.135890978030e+01 2.541802318948e+00 1.793688074593e+01 1 1 1 0.0 0.0 0.0
Nb 2.652324247132e+01 1.754331289298e+01 1.792943167655e+01 1 1 1 0.0 0.0 0.0
Nb 2.316919064675e+01 1.752562228587e+01 1.793410658712e+01 1 1 1 0.0 0.0 0.0
Nb 1.959106062114e+01 1.754300808688e+01 1.793246862478e+01 1 1 1 0.0 0.0 0.0
Nb 1.617653680185e+01 1.755251285112e+01 1.793414050738e+01 1 1 1 0.0 0.0 0.0
Nb 1.274222196512e+01 1.750720607092e+01 1.793590901775e+01 1 1 1 0.0 0.0 0.0
Nb 3.004612633923e+01 1.754558660886e+01 1.793589187240e+01 1 1 1 0.0 0.0 0.0
Nb 2.484000224539e+01 1.452079267869e+01 1.793053300024e+01 1 1 1 0.0 0.0 0.0
Nb 2.139941607617e+01 1.445553528120e+01 1.792380202438e+01 1 1 1 0.0 0.0 0.0
Nb 1.788652307472e+01 1.452143330067e+01 1.790086377817e+01 1 1 1 0.0 0.0 0.0
Nb 1.441677500566e+01 1.448804973058e+01 1.789108315383e+01 1 1 1 0.0 0.0 0.0
Nb 1.104065421435e+01 1.448490123178e+01 1.789982114024e+01 1 1 1 0.0 0.0 0.0
Nb 2.827974850449e+01 1.448744636268e+01 1.792160461586e+01 1 1 1 0.0 0.0 0.0
Nb 2.304068233313e+01 1.154770539837e+01 1.150271215569e+01 1 1 1 0.0 0.0 0.0
Nb 1.971199646124e+01 1.154736698952e+01 1.150467058777e+01 1 1 1 0.0 0.0 0.0
Nb 1.617381704246e+01 1.152989540888e+01 1.150190087405e+01 1 1 1 0.0 0.0 0.0
Nb 1.266174971628e+01 1.155892385022e+01 1.149994672831e+01 1 1 1 0.0 0.0 0.0
Nb 9.307306300545e+00 1.155605359282e+01 1.149771090151e+01 1 1 1 0.0 0.0 0.0
Nb 2.659640752321e+01 1.153234179530e+01 1.149559572713e+01 1 1 1 0.0 0.0 0.0
Nb 2.137937364662e+01 8.563394109846e+00 1.149706038392e+01 1 1 1 0.0 0.0 0.0
Nb 1.792848561346e+01 8.492281154417e+00 1.150061153369e+01 1 1 1 0.0 0.0 0.0
Nb 1.443395246959e+01 8.505232291327e+00 1.149714134804e+01 1 1 1 0.0 0.0 0.0
Nb 1.097922271544e+01 8.565010217164e+00 1.148671507454e+01 1 1 1 0.0 0.0 0.0
Nb 7.560682705425e+00 8.510431457798e+00 1.148566095346e+01 1 1 1 0.0 0.0 0.0
Nb 2.483170781536e+01 8.488973637858e+00 1.149138395249e+01 1 1 1 0.0 0.0 0.0
Nb 1.959010799625e+01 5.517148709863e+00 1.148796827210e+01 1 1 1 0.0 0.0 0.0
Nb 1.618570003509e+01 5.473240333464e+00 1.149141247514e+01 1 1 1 0.0 0.0 0.0
Nb 1.275818470267e+01 5.518173355771e+00 1.148832488465e+01 1 1 1 0.0 0.0 0.0
Nb 9.228297015124e+00 5.541055985454e+00 1.147899294970e+01 1 1 1 0.0 0.0 0.0
Nb 5.777492962400e+00 5.477079937747e+00 1.147960229730e+01 1 1 1 0.0 0.0 0.0
Nb 2.316757766158e+01 5.512158621323e+00 1.148503562470e+01 1 1 1 0.0 0.0 0.0
Nb 1.784860937695e+01 2.545678965639e+00 1.149458351689e+01 1 1 1 0.0 0.0 0.0
Nb 1.451092537512e+01 2.537072109355e+00 1.149651940602e+01 1 1 1 0.0 0.0 0.0
Nb 1.100521061014e+01 2.537440628391e+00 1.149262122182e+01 1 1 1 0.0 0.0 0.0
Nb 7.451652189232e+00 2.538575819426e+00 1.148605413216e+01 1 1 1 0.0 0.0 0.0
Nb 4.118112703612e+00 2.540149380893e+00 1.148877098107e+01 1 1 1 0.0 0.0 0.0
Nb 2.138658474499e+01 2.503665943392e+00 1.149372905439e+01 1 1 1 0.0 0.0 0.0
Nb 2.657148692610e+01 1.758736065466e+01 1.149994223030e+01 1 1 1 0.0 0.0 0.0
Nb 2.314334875206e+01 1.752854249760e+01 1.150090797878e+01 1 1 1 0.0 0.0 0.0
Nb 1.963346957380e+01 1.752297417708e+01 1.149617919797e+01 1 1 1 0.0 0.0 0.0
Nb 1.618826194091e+01 1.759664311154e+01 1.149904575112e+01 1 1 1 0.0 0.0 0.0
Nb 1.271985777039e+01 1.752274144493e+01 1.149463426499e+01 1 1 1 0.0 0.0 0.0
Nb 3.004186397524e+01 1.751303173034e+01 1.150069673122e+01 1 1 1 0.0 0.0 0.0
Nb 2.480313367269e+01 1.452041093023e+01 1.150311512417e+01 1 1 1 0.0 0.0 0.0
Nb 2.137178281065e+01 1.446005006273e+01 1.150695462262e+01 1 1 1 0.0 0.0 0.0
Nb 1.796319964100e+01 1.450374486319e+01 1.150449722931e+01 1 1 1 0.0 0.0 0.0
Nb 1.439926400132e+01 1.450246102627e+01 1.149580607509e+01 1 1 1 0.0 0.0 0.0
Nb 1.098745983558e+01 1.446356406425e+01 1.150024063335e+01 1 1 1 0.0 0.0 0.0
Nb 2.836676567046e+01 1.450150258044e+01 1.150403060081e+01 1 1 1 0.0 0.0 0.0
Bi 8.269439428929e+00 9.521408293342e+00 3.837104576930e+01 1 1 1 0.0 0.0 0.0
Bi 6.195282422227e+00 5.925860239820e+00 3.837707182814e+01 1 1 1 0.0 0.0 0.0
Bi 4.120699057417e+00 2.324573629457e+00 3.837454003251e+01 1 1 1 0.0 0.0 0.0
Bi 1.243106664231e+01 1.671604946461e+01 3.837172110530e+01 1 1 1 0.0 0.0 0.0
Bi 1.034954174202e+01 1.312442901755e+01 3.837836958242e+01 1 1 1 0.0 0.0 0.0
Bi 1.243268169128e+01 9.518545232754e+00 3.837027438762e+01 1 1 1 0.0 0.0 0.0
Bi 1.034584591520e+01 5.923786288346e+00 3.837191182078e+01 1 1 1 0.0 0.0 0.0
Bi 8.273422810670e+00 2.320998137539e+00 3.837069661815e+01 1 1 1 0.0 0.0 0.0
Bi 1.659035759106e+01 1.671402229241e+01 3.837302796144e+01 1 1 1 0.0 0.0 0.0
Bi 1.450305592733e+01 1.311411725801e+01 3.836335380756e+01 1 1 1 0.0 0.0 0.0
Bi 1.658602691029e+01 9.514807018832e+00 3.836017662736e+01 1 1 1 0.0 0.0 0.0
Bi 1.451292370717e+01 5.922658347040e+00 3.837042737276e+01 1 1 1 0.0 0.0 0.0
Bi 1.242866237840e+01 2.321064178860e+00 3.837562966138e+01 1 1 1 0.0 0.0 0.0
Bi 2.073968762478e+01 1.672023578583e+01 3.836770724295e+01 1 1 1 0.0 0.0 0.0
Bi 1.866558697546e+01 1.311752113774e+01 3.836638816282e+01 1 1 1 0.0 0.0 0.0
Bi 2.074476751470e+01 9.523025247344e+00 3.836523381557e+01 1 1 1 0.0 0.0 0.0
Bi 1.866849072978e+01 5.924325837469e+00 3.835763493611e+01 1 1 1 0.0 0.0 0.0
Bi 1.659137842689e+01 2.328274271795e+00 3.836770147492e+01 1 1 1 0.0 0.0 0.0
Bi 2.489657060538e+01 1.672631201067e+01 3.837344648772e+01 1 1 1 0.0 0.0 0.0
Bi 2.281311976449e+01 1.313078750554e+01 3.836635725887e+01 1 1 1 0.0 0.0 0.0
Bi 2.489650953832e+01 9.527691161902e+00 3.836489694133e+01 1 1 1 0.0 0.0 0.0
Bi 2.282529777344e+01 5.928936664675e+00 3.836750652602e+01 1 1 1 0.0 0.0 0.0
Bi 2.074738366119e+01 2.330766537885e+00 3.836424356618e+01 1 1 1 0.0 0.0 0.0
Bi 2.905818638854e+01 1.672858752576e+01 3.837302087046e+01 1 1 1 0.0 0.0 0.0
Bi 2.697099675163e+01 1.312503810056e+01 3.837357894079e+01 1 1 1 0.0 0.0 0.0
Bi 2.696710407087e+01 1.072933521702e+01 3.446076901776e+01 1 1 1 0.0 0.0 0.0
Bi 4.112391715456e+00 7.117497500240e+00 3.444869636800e+01 1 1 1 0.0 0.0 0.0
Bi 2.281732487150e+01 3.521159226333e+00 3.445913788181e+01 1 1 1 0.0 0.0 0.0
Bi 3.112919632522e+01 1.791982340524e+01 3.445639049936e+01 1 1 1 0.0 0.0 0.0
Bi 2.903975599164e+01 1.432212382286e+01 3.446289160062e+01 1 1 1 0.0 0.0 0.0
Bi 1.033533730172e+01 1.071746069122e+01 3.446549166012e+01 1 1 1 0.0 0.0 0.0
Bi 8.268800923660e+00 7.118885585082e+00 3.445805222176e+01 1 1 1 0.0 0.0 0.0
Bi 6.186924014662e+00 3.515362354159e+00 3.445060346989e+01 1 1 1 0.0 0.0 0.0
Bi 1.450356690088e+01 1.791477299049e+01 3.446160548824e+01 1 1 1 0.0 0.0 0.0
Bi 1.242270590637e+01 1.431578766615e+01 3.445717003037e+01 1 1 1 0.0 0.0 0.0
Bi 1.450131805633e+01 1.072215369965e+01 3.446268119975e+01 1 1 1 0.0 0.0 0.0
Bi 1.241601451297e+01 7.119925312541e+00 3.446387872786e+01 1 1 1 0.0 0.0 0.0
Bi 1.034635043279e+01 3.521485781613e+00 3.446118749113e+01 1 1 1 0.0 0.0 0.0
Bi 1.865616396910e+01 1.791602523553e+01 3.445702678209e+01 1 1 1 0.0 0.0 0.0
Bi 1.657597598221e+01 1.431537363787e+01 3.445619422752e+01 1 1 1 0.0 0.0 0.0
Bi 1.865624149357e+01 1.072352717920e+01 3.445045614694e+01 1 1 1 0.0 0.0 0.0
Bi 1.657117491579e+01 7.121959946146e+00 3.445594355626e+01 1 1 1 0.0 0.0 0.0
Bi 1.449929956263e+01 3.526375326476e+00 3.445803026091e+01 1 1 1 0.0 0.0 0.0
Bi 2.282269152257e+01 1.792581199833e+01 3.445800062698e+01 1 1 1 0.0 0.0 0.0
Bi 2.073800272442e+01 1.432935598248e+01 3.445675986508e+01 1 1 1 0.0 0.0 0.0
Bi 2.281484594068e+01 1.072718257689e+01 3.445486980270e+01 1 1 1 0.0 0.0 0.0
Bi 2.073775866788e+01 7.120669600342e+00 3.445524128513e+01 1 1 1 0.0 0.0 0.0
Bi 1.866203429108e+01 3.528646872735e+00 3.444735283988e+01 1 1 1 0.0 0.0 0.0
Bi 2.697673313884e+01 1.792570468118e+01 3.446097190432e+01 1 1 1 0.0 0.0 0.0
Bi 2.489245302429e+01 1.432610270659e+01 3.445586645514e+01 1 1 1 0.0 0.0 0.0
Bi 2.692470263252e+01 1.078747660930e+01 2.830598897549e+01 1 1 1 0.0 0.0 0.0
Bi 2.484646450504e+01 7.189604091790e+00 2.830317629257e+01 1 1 1 0.0 0.0 0.0
Bi 2.277507096777e+01 3.585525753932e+00 2.829242468090e+01 1 1 1 0.0 0.0 0.0
Bi 3.108831045051e+01 1.797912734701e+01 2.829745879698e+01 1 1 1 0.0 0.0 0.0
Bi 2.900277851426e+01 1.439383966993e+01 2.830068503192e+01 1 1 1 0.0 0.0 0.0
Bi 1.029784366485e+01 1.078998988372e+01 2.829892138998e+01 1 1 1 0.0 0.0 0.0
Bi 8.215545901182e+00 7.183973645860e+00 2.830125701961e+01 1 1 1 0.0 0.0 0.0
Bi 6.145275278033e+00 3.582360797724e+00 2.830120404896e+01 1 1 1 0.0 0.0 0.0
Bi 1.446209813744e+01 1.798525363202e+01 2.829194974432e+01 1 1 1 0.0 0.0 0.0
Bi 1.237972062676e+01 1.439055295003e+01 2.830348252745e+01 1 1 1 0.0 0.0 0.0
Bi 1.445605186403e+01 1.078844373364e+01 2.830496507043e+01 1 1 1 0.0 0.0 0.0
Bi 1.237751014756e+01 7.175078970071e+00 2.829592677593e+01 1 1 1 0.0 0.0 0.0
Bi 1.030769001300e+01 3.574279096941e+00 2.830450315161e+01 1 1 1 0.0 0.0 0.0
Bi 1.862395242078e+01 1.798551583935e+01 2.830552721542e+01 1 1 1 0.0 0.0 0.0
Bi 1.654415512545e+01 1.439557066162e+01 2.830375420705e+01 1 1 1 0.0 0.0 0.0
Bi 1.861741115497e+01 1.079538563954e+01 2.829243886285e+01 1 1 1 0.0 0.0 0.0
Bi 1.654300538204e+01 7.185899163116e+00 2.829487747036e+01 1 1 1 0.0 0.0 0.0
Bi 1.446898310387e+01 3.573898777253e+00 2.828829058948e+01 1 1 1 0.0 0.0 0.0
Bi 2.277802181886e+01 1.797896504835e+01 2.829921952845e+01 1 1 1 0.0 0.0 0.0
Bi 2.070023201035e+01 1.439091421934e+01 2.830525183158e+01 1 1 1 0.0 0.0 0.0
Bi 2.277168968390e+01 1.078980498919e+01 2.830254778875e+01 1 1 1 0.0 0.0 0.0
Bi 2.069913439090e+01 7.192411853355e+00 2.829432998358e+01 1 1 1 0.0 0.0 0.0
Bi 1.862592598733e+01 3.580034322866e+00 2.828857973192e+01 1 1 1 0.0 0.0 0.0
Bi 2.693446145476e+01 1.798139063811e+01 2.828843902369e+01 1 1 1 0.0 0.0 0.0
Bi 2.485208516119e+01 1.438450381906e+01 2.829060108318e+01 1 1 1 0.0 0.0 0.0
Bi 8.209067554547e+00 1.199443370983e+01 2.445005645196e+01 1 1 1 0.0 0.0 0.0
Bi 6.133218609427e+00 8.391365571338e+00 2.443948687726e+01 1 1 1 0.0 0.0 0.0
Bi 4.068148634446e+00 4.792311401035e+00 2.442105743288e+01 1 1 1 0.0 0.0 0.0
Bi 1.996193798866e+00 1.200233215653e+00 2.441772504499e+01 1 1 1 0.0 0.0 0.0
Bi 1.029441840635e+01 1.559042193298e+01 2.444148817269e+01 1 1 1 0.0 0.0 0.0
Bi 1.237609073542e+01 1.199534437095e+01 2.446677369043e+01 1 1 1 0.0 0.0 0.0
Bi 1.028399123325e+01 8.386707488603e+00 2.446176825575e+01 1 1 1 0.0 0.0 0.0
Bi 8.207722174309e+00 4.778653600827e+00 2.444902445049e+01 1 1 1 0.0 0.0 0.0
Bi 6.147028283506e+00 1.202655418675e+00 2.442742047179e+01 1 1 1 0.0 0.0 0.0
Bi 1.446913667111e+01 1.560785752957e+01 2.445021086588e+01 1 1 1 0.0 0.0 0.0
Bi 1.654535238898e+01 1.199849678566e+01 2.446384114887e+01 1 1 1 0.0 0.0 0.0
Bi 1.445350112385e+01 8.390801309637e+00 2.446307400061e+01 1 1 1 0.0 0.0 0.0
Bi 1.237122267516e+01 4.778516120578e+00 2.445078978579e+01 1 1 1 0.0 0.0 0.0
Bi 1.030347564539e+01 1.182504560704e+00 2.443490986448e+01 1 1 1 0.0 0.0 0.0
Bi 1.862877703560e+01 1.559994797015e+01 2.444467974652e+01 1 1 1 0.0 0.0 0.0
Bi 2.069984301215e+01 1.200037028479e+01 2.444185626839e+01 1 1 1 0.0 0.0 0.0
Bi 1.862752479055e+01 8.393141596021e+00 2.445133393875e+01 1 1 1 0.0 0.0 0.0
Bi 1.654080553930e+01 4.776091959600e+00 2.444542768564e+01 1 1 1 0.0 0.0 0.0
Bi 1.445798748857e+01 1.180243068813e+00 2.442470986717e+01 1 1 1 0.0 0.0 0.0
Bi 2.278167144851e+01 1.559042627224e+01 2.442740718944e+01 1 1 1 0.0 0.0 0.0
Bi 2.484719794471e+01 1.199270684571e+01 2.443221608769e+01 1 1 1 0.0 0.0 0.0
Bi 2.277823729984e+01 8.390821682961e+00 2.443708308960e+01 1 1 1 0.0 0.0 0.0
Bi 2.070715682383e+01 4.784675532085e+00 2.443637917803e+01 1 1 1 0.0 0.0 0.0
Bi 1.862301376618e+01 1.173158126297e+00 2.442785143374e+01 1 1 1 0.0 0.0 0.0
Bi 2.692991889142e+01 1.558391628080e+01 2.441547223160e+01 1 1 1 0.0 0.0 0.0
Se 2.484036314428e+01 1.251173341671e+01 9.827602156098e+00 1 1 1 0.0 0.0 0.0
Se 2.137428862368e+01 1.252387120819e+01 9.756874759213e+00 1 1 1 0.0 0.0 0.0
Se 1.791687805759e+01 1.250766118611e+01 9.820970453896e+00 1 1 1 0.0 0.0 0.0
Se 1.444633511138e+01 1.251172383861e+01 9.808864836395e+00 1 1 1 0.0 0.0 0.0
Se 1.098908525642e+01 1.253030457476e+01 9.755673050598e+00 1 1 1 0.0 0.0 0.0
Se 7.534771276839e+00 1.251515846354e+01 9.805485087141e+00 1 1 1 0.0 0.0 0.0
Se 2.311966187879e+01 9.530879401909e+00 9.812307769412e+00 1 1 1 0.0 0.0 0.0
Se 1.963887972324e+01 9.527188972692e+00 9.813292779944e+00 1 1 1 0.0 0.0 0.0
Se 1.618383283317e+01 9.518617359613e+00 9.818789873206e+00 1 1 1 0.0 0.0 0.0
Se 1.272712893038e+01 9.540865717446e+00 9.808177646819e+00 1 1 1 0.0 0.0 0.0
Se 9.254680205227e+00 9.543714437330e+00 9.794061790785e+00 1 1 1 0.0 0.0 0.0
Se 5.794611846404e+00 9.519121242190e+00 9.817654999678e+00 1 1 1 0.0 0.0 0.0
Se 2.137785972342e+01 6.519676595615e+00 9.840698816751e+00 1 1 1 0.0 0.0 0.0
Se 1.789589575632e+01 6.522293482946e+00 9.785141661569e+00 1 1 1 0.0 0.0 0.0
Se 1.446436021142e+01 6.527797931773e+00 9.794144077847e+00 1 1 1 0.0 0.0 0.0
Se 1.099788087023e+01 6.528467288075e+00 9.818554495166e+00 1 1 1 0.0 0.0 0.0
Se 7.509114012086e+00 6.524575348162e+00 9.786478998313e+00 1 1 1 0.0 0.0 0.0
Se 4.073393786420e+00 6.525180832770e+00 9.774699936092e+00 1 1 1 0.0 0.0 0.0
Se 1.964377889913e+01 3.511360557049e+00 9.816806781465e+00 1 1 1 0.0 0.0 0.0
Se 1.618316739278e+01 3.528336774867e+00 9.754087794313e+00 1 1 1 0.0 0.0 0.0
Se 1.273259263256e+01 3.521014125931e+00 9.804522354972e+00 1 1 1 0.0 0.0 0.0
Se 9.249511678119e+00 3.519826546349e+00 9.816208811174e+00 1 1 1 0.0 0.0 0.0
Se 5.788677652734e+00 3.522332412294e+00 9.748027603540e+00 1 1 1 0.0 0.0 0.0
Se 2.332621145389e+00 3.510518636046e+00 9.807972273129e+00 1 1 1 0.0 0.0 0.0
Se 1.792999879581e+01 5.294583479488e-01 9.808275438775e+00 1 1 1 0.0 0.0 0.0
Se 1.445090275772e+01 5.366287525904e-01 9.796230676657e+00 1 1 1 0.0 0.0 0.0
Se 1.099526752839e+01 5.242631503068e-01 9.815980735780e+00 1 1 1 0.0 0.0 0.0
Se 7.535913823438e+00 5.302440703281e-01 9.792897971261e+00 1 1 1 0.0 0.0 0.0
Se 4.052006452889e+00 5.240636504839e-01 9.798775701719e+00 1 1 1 0.0 0.0 0.0
Se 5.955334830494e-01 5.175138649199e-01 9.796999941624e+00 1 1 1 0.0 0.0 0.0
Se 2.658380257405e+01 1.552443390046e+01 9.856707910230e+00 1 1 1 0.0 0.0 0.0
Se 2.309482129329e+01 1.552792012018e+01 9.817796025415e+00 1 1 1 0.0 0.0 0.0
Se 1.966303872845e+01 1.552346270145e+01 9.811347418541e+00 1 1 1 0.0 0.0 0.0
Se 1.618504099775e+01 1.552583034630e+01 9.857899194052e+00 1 1 1 0.0 0.0 0.0
Se 1.270531190492e+01 1.552426043616e+01 9.803557929436e+00 1 1 1 0.0 0.0 0.0
Se 9.269622212783e+00 1.552504938652e+01 9.802798295495e+00 1 1 1 0.0 0.0 0.0
Se 2.312595543673e+01 1.353349620754e+01 1.622106156391e+01 1 1 1 0.0 0.0 0.0
Se 1.963803415092e+01 1.354358232590e+01 1.622377232729e+01 1 1 1 0.0 0.0 0.0
Se 1.617495043429e+01 1.355546346641e+01 1.617852095194e+01 1 1 1 0.0 0.0 0.0
Se 1.271811291425e+01 1.354901787585e+01 1.615456128781e+01 1 1 1 0.0 0.0 0.0
Se 9.252293245410e+00 1.355193734673e+01 1.622406882530e+01 1 1 1 0.0 0.0 0.0
Se 2.655861580079e+01 1.354112228671e+01 1.621725148772e+01 1 1 1 0.0 0.0 0.0
Se 2.139330847111e+01 1.050994690226e+01 1.621695117963e+01 1 1 1 0.0 0.0 0.0
Se 1.791648688976e+01 1.052595424945e+01 1.622951093704e+01 1 1 1 0.0 0.0 0.0
Se 1.444059232112e+01 1.052864971960e+01 1.615660327698e+01 1 1 1 0.0 0.0 0.0
Se 1.098023730698e+01 1.051814062986e+01 1.619881061311e+01 1 1 1 0.0 0.0 0.0
Se 7.509082261451e+00 1.051837219783e+01 1.623671965412e+01 1 1 1 0.0 0.0 0.0
Se 2.483989646286e+01 1.051770966791e+01 1.627326156571e+01 1 1 1 0.0 0.0 0.0
Se 1.967462056631e+01 7.504959494422e+00 1.618328143048e+01 1 1 1 0.0 0.0 0.0
Se 1.618380023585e+01 7.511268080996e+00 1.616926326056e+01 1 1 1 0.0 0.0 0.0
Se 1.270496963308e+01 7.518977505584e+00 1.614520622781e+01 1 1 1 0.0 0.0 0.0
Se 9.234410282375e+00 7.511378784877e+00 1.615919158874e+01 1 1 1 0.0 0.0 0.0
Se 5.782201105302e+00 7.505713730755e+00 1.624956892441e+01 1 1 1 0.0 0.0 0.0
Se 2.310775115727e+01 7.508442644911e+00 1.622067478826e+01 1 1 1 0.0 0.0 0.0
Se 1.793625912141e+01 4.508936772528e+00 1.617239080394e+01 1 1 1 0.0 0.0 0.0
Se 1.444024168828e+01 4.519760034801e+00 1.622745174961e+01 1 1 1 0.0 0.0 0.0
Se 1.096044078610e+01 4.518737505603e+00 1.617689838866e+01 1 1 1 0.0 0.0 0.0
Se 7.519606168155e+00 4.516614975658e+00 1.623132363371e+01 1 1 1 0.0 0.0 0.0
Se 4.051711224902e+00 4.513747840405e+00 1.625379218220e+01 1 1 1 0.0 0.0 0.0
Se 2.138805612233e+01 4.523598104471e+00 1.624502789568e+01 1 1 1 0.0 0.0 0.0
Se 1.620279854577e+01 1.518329438929e+00 1.622466414970e+01 1 1 1 0.0 0.0 0.0
Se 1.270507859067e+01 1.526276940360e+00 1.625150857070e+01 1 1 1 0.0 0.0 0.0
Se 9.238246976184e+00 1.530945394969e+00 1.625146131517e+01 1 1 1 0.0 0.0 0.0
Se 5.787056306561e+00 1.521937157741e+00 1.622914601641e+01 1 1 1 0.0 0.0 0.0
Se 2.335308042871e+00 1.530073998793e+00 1.628169379350e+01 1 1 1 0.0 0.0 0.0
Se 1.965245116172e+01 1.527816634484e+00 1.624518310337e+01 1 1 1 0.0 0.0 0.0
Se 2.484408156697e+01 1.651437096609e+01 1.623103533795e+01 1 1 1 0.0 0.0 0.0
Se 2.136936457646e+01 1.652945542816e+01 1.629919723061e+01 1 1 1 0.0 0.0 0.0
Se 1.789664745261e+01 1.653366228145e+01 1.623711658997e+01 1 1 1 0.0 0.0 0.0
Se 1.445819603732e+01 1.652802971882e+01 1.624358848065e+01 1 1 1 0.0 0.0 0.0
Se 1.099022282875e+01 1.653253846773e+01 1.626107122693e+01 1 1 1 0.0 0.0 0.0
Se 2.830343569526e+01 1.652822673151e+01 1.627668613627e+01 1 1 1 0.0 0.0 0.0
Se 2.483967055709e+01 1.251019679182e+01 1.316119551196e+01 1 1 1 0.0 0.0 0.0
Se 2.138054842011e+01 1.252163929731e+01 1.323569387884e+01 1 1 1 0.0 0.0 0.0
Se 1.792115280432e+01 1.250772119481e+01 1.317309215737e+01 1 1 1 0.0 0.0 0.0
Se 1.444431693519e+01 1.251709207721e+01 1.317568565506e+01 1 1 1 0.0 0.0 0.0
Se 1.098264643933e+01 1.252287640788e+01 1.322594283551e+01 1 1 1 0.0 0.0 0.0
Se 7.533656300376e+00 1.251531155452e+01 1.318374094990e+01 1 1 1 0.0 0.0 0.0
Se 2.312595829429e+01 9.524826302111e+00 1.317003435955e+01 1 1 1 0.0 0.0 0.0
Se 1.963887681277e+01 9.523118170869e+00 1.317558632850e+01 1 1 1 0.0 0.0 0.0
Se 1.618129923834e+01 9.516564522311e+00 1.316326766423e+01 1 1 1 0.0 0.0 0.0
Se 1.271868648947e+01 9.534290690127e+00 1.316457674291e+01 1 1 1 0.0 0.0 0.0
Se 9.251780049314e+00 9.536704320477e+00 1.317242433568e+01 1 1 1 0.0 0.0 0.0
Se 5.798301428938e+00 9.512023334831e+00 1.315089639975e+01 1 1 1 0.0 0.0 0.0
Se 2.138220966625e+01 6.511731687151e+00 1.312697859354e+01 1 1 1 0.0 0.0 0.0
Se 1.790027755562e+01 6.513824953595e+00 1.318440686655e+01 1 1 1 0.0 0.0 0.0
Se 1.446361650572e+01 6.520964824710e+00 1.317528686709e+01 1 1 1 0.0 0.0 0.0
Se 1.098923353189e+01 6.527520219552e+00 1.313433569191e+01 1 1 1 0.0 0.0 0.0
Se 7.503918973198e+00 6.519104872515e+00 1.316008979610e+01 1 1 1 0.0 0.0 0.0
Se 4.078483148612e+00 6.516947787295e+00 1.317881796104e+01 1 1 1 0.0 0.0 0.0
Se 1.964611945010e+01 3.516340697057e+00 1.315249880138e+01 1 1 1 0.0 0.0 0.0
Se 1.617926561017e+01 3.531331653508e+00 1.321822626703e+01 1 1 1 0.0 0.0 0.0
Se 1.273143870865e+01 3.522112009970e+00 1.316652443269e+01 1 1 1 0.0 0.0 0.0
Se 9.246992953167e+00 3.522651506175e+00 1.314120192547e+01 1 1 1 0.0 0.0 0.0
Se 5.789903227243e+00 3.532148068168e+00 1.321093441621e+01 1 1 1 0.0 0.0 0.0
Se 2.335822456075e+00 3.515533066739e+00 1.315645149084e+01 1 1 1 0.0 0.0 0.0
Se 1.792922804914e+01 5.336410178425e-01 1.317362583262e+01 1 1 1 0.0 0.0 0.0
Se 1.445202556601e+01 5.375837058539e-01 1.319115138934e+01 1 1 1 0.0 0.0 0.0
Se 1.099342715575e+01 5.299657230951e-01 1.316439322424e+01 1 1 1 0.0 0.0 0.0
Se 7.535466774498e+00 5.429619988240e-01 1.317946212850e+01 1 1 1 0.0 0.0 0.0
Se 4.051463569950e+00 5.301423095431e-01 1.317427089969e+01 1 1 1 0.0 0.0 0.0
Se 5.992248118675e-01 5.221360165190e-01 1.318424086365e+01 1 1 1 0.0 0.0 0.0
Se 2.658369308728e+01 1.552305941547e+01 1.313504828199e+01 1 1 1 0.0 0.0 0.0
Se 2.309356052849e+01 1.553041492632e+01 1.317980656997e+01 1 1 1 0.0 0.0 0.0
Se 1.966158915321e+01 1.553246141349e+01 1.318130572912e+01 1 1 1 0.0 0.0 0.0
Se 1.618106206109e+01 1.552918358377e+01 1.312732525755e+01 1 1 1 0.0 0.0 0.0
Se 1.270632533227e+01 1.552785910604e+01 1.317382332157e+01 1 1 1 0.0 0.0 0.0
Se 9.273025563342e+00 1.552856201218e+01 1.318669000179e+01 1 1 1 0.0 0.0 0.0
Se 2.311802550399e+01 1.352522209791e+01 1.963629659742e+01 1 1 1 0.0 0.0 0.0
Se 1.962166812738e+01 1.352100423773e+01 1.958246175543e+01 1 1 1 0.0 0.0 0.0
Se 1.616801916485e+01 1.350765738207e+01 1.956988352973e+01 1 1 1 0.0 0.0 0.0
Se 1.272421496294e+01 1.349664694980e+01 1.959702132659e+01 1 1 1 0.0 0.0 0.0
Se 9.262268024883e+00 1.351849657258e+01 1.957153424524e+01 1 1 1 0.0 0.0 0.0
Se 2.657089403591e+01 1.353100965656e+01 1.963217282495e+01 1 1 1 0.0 0.0 0.0
Se 2.136973473594e+01 1.050559351978e+01 1.958657912485e+01 1 1 1 0.0 0.0 0.0
Se 1.789129837022e+01 1.051651224563e+01 1.947697498052e+01 1 1 1 0.0 0.0 0.0
Se 1.443496256312e+01 1.050443742625e+01 1.949725416397e+01 1 1 1 0.0 0.0 0.0
Se 1.100731276676e+01 1.050539486664e+01 1.950710575098e+01 1 1 1 0.0 0.0 0.0
Se 7.534058316332e+00 1.051662929964e+01 1.954798956190e+01 1 1 1 0.0 0.0 0.0
Se 2.483964468033e+01 1.052361676771e+01 1.956394404428e+01 1 1 1 0.0 0.0 0.0
Se 1.963269189492e+01 7.526126901888e+00 1.957821817723e+01 1 1 1 0.0 0.0 0.0
Se 1.615823076160e+01 7.530044983158e+00 1.950303484332e+01 1 1 1 0.0 0.0 0.0
Se 1.272336637430e+01 7.537292859348e+00 1.951718520171e+01 1 1 1 0.0 0.0 0.0
Se 9.274214360032e+00 7.530952839646e+00 1.958664045649e+01 1 1 1 0.0 0.0 0.0
Se 5.800972451102e+00 7.524971178777e+00 1.957785711960e+01 1 1 1 0.0 0.0 0.0
Se 2.309325312943e+01 7.524345902939e+00 1.961396886300e+01 1 1 1 0.0 0.0 0.0
Se 1.790514979638e+01 4.539077068181e+00 1.960395995159e+01 1 1 1 0.0 0.0 0.0
Se 1.443585549681e+01 4.557444969247e+00 1.950763344654e+01 1 1 1 0.0 0.0 0.0
Se 1.098918939850e+01 4.550351665730e+00 1.958599692404e+01 1 1 1 0.0 0.0 0.0
Se 7.550532821201e+00 4.538173974288e+00 1.960141630239e+01 1 1 1 0.0 0.0 0.0
Se 4.056273156130e+00 4.529658771503e+00 1.962063141623e+01 1 1 1 0.0 0.0 0.0
Se 2.135974402824e+01 4.544724606535e+00 1.960138709181e+01 1 1 1 0.0 0.0 0.0
Se 1.619161417295e+01 1.543386140422e+00 1.960210021107e+01 1 1 1 0.0 0.0 0.0
Se 1.270891427904e+01 1.550467696203e+00 1.958037780250e+01 1 1 1 0.0 0.0 0.0
Se 9.256128351687e+00 1.542819814930e+00 1.960225055033e+01 1 1 1 0.0 0.0 0.0
Se 5.799992414837e+00 1.518723146802e+00 1.964517301659e+01 1 1 1 0.0 0.0 0.0
Se 2.326391564979e+00 1.528129536991e+00 1.960093602112e+01 1 1 1 0.0 0.0 0.0
Se 1.963314354770e+01 1.534535386344e+00 1.961613452089e+01 1 1 1 0.0 0.0 0.0
Se 2.484832371639e+01 1.651410034484e+01 1.963717556083e+01 1 1 1 0.0 0.0 0.0
Se 2.137109794945e+01 1.652272947949e+01 1.956626633864e+01 1 1 1 0.0 0.0 0.0
Se 1.789751011736e+01 1.650205235475e+01 1.961025425038e+01 1 1 1 0.0 0.0 0.0
Se 1.446043985469e+01 1.649173572677e+01 1.959546882637e+01 1 1 1 0.0 0.0 0.0
Se 1.098725028139e+01 1.649970143190e+01 1.959162774039e+01 1 1 1 0.0 0.0 0.0
Se 2.830004668540e+01 1.652085894375e+01 1.958507837817e+01 1 1 1 0.0 0.0 0.0
Se 6.189796759193e+00 1.072270049851e+01 3.995093593221e+01 1 1 1 0.0 0.0 0.0
Se 4.115979907628e+00 7.133619837650e+00 3.995080591336e+01 1 1 1 0.0 0.0 0.0
Se 2.282042463307e+01 3.531121411387e+00 3.994708389227e+01 1 1 1 0.0 0.0 0.0
Se 1.035782283679e+01 1.793282798905e+01 3.995083771692e+01 1 1 1 0.0 0.0 0.0
Se 2.904958694073e+01 1.432509975695e+01 3.995486798376e+01 1 1 1 0.0 0.0 0.0
Se 1.035100026036e+01 1.071733490579e+01 3.995048756033e+01 1 1 1 0.0 0.0 0.0
Se 8.274643146324e+00 7.127338821211e+00 3.996019753951e+01 1 1 1 0.0 0.0 0.0
Se 6.197601647357e+00 3.526707173529e+00 3.995502356187e+01 1 1 1 0.0 0.0 0.0
Se 1.451370784201e+01 1.791740945738e+01 3.994912995610e+01 1 1 1 0.0 0.0 0.0
Se 1.243013444367e+01 1.431335106951e+01 3.995540747997e+01 1 1 1 0.0 0.0 0.0
Se 1.451038016380e+01 1.071404659836e+01 3.994711103906e+01 1 1 1 0.0 0.0 0.0
Se 1.243156502145e+01 7.122014028061e+00 3.994904004888e+01 1 1 1 0.0 0.0 0.0
Se 1.034589613412e+01 3.526093222085e+00 3.995032462666e+01 1 1 1 0.0 0.0 0.0
Se 1.866562280076e+01 1.791763509856e+01 3.995247430340e+01 1 1 1 0.0 0.0 0.0
Se 1.657983304935e+01 1.431323756099e+01 3.994432317456e+01 1 1 1 0.0 0.0 0.0
Se 1.865848959728e+01 1.071398764802e+01 3.994176290919e+01 1 1 1 0.0 0.0 0.0
Se 1.659260749397e+01 7.119937324865e+00 3.994681110139e+01 1 1 1 0.0 0.0 0.0
Se 1.451522356441e+01 3.527507130776e+00 3.994803148997e+01 1 1 1 0.0 0.0 0.0
Se 2.281273457637e+01 1.791751915582e+01 3.995463276448e+01 1 1 1 0.0 0.0 0.0
Se 2.073841765230e+01 1.432414131112e+01 3.995291452595e+01 1 1 1 0.0 0.0 0.0
Se 2.281649903748e+01 1.073247159765e+01 3.994533279183e+01 1 1 1 0.0 0.0 0.0
Se 2.073990262950e+01 7.124162963951e+00 3.994330958846e+01 1 1 1 0.0 0.0 0.0
Se 1.866770564241e+01 3.532234853237e+00 3.994414515933e+01 1 1 1 0.0 0.0 0.0
Se 2.697508205291e+01 1.792938283349e+01 3.994998531820e+01 1 1 1 0.0 0.0 0.0
Se 2.488800042108e+01 1.432737379034e+01 3.995172705220e+01 1 1 1 0.0 0.0 0.0
Se 8.262995161308e+00 1.192607062397e+01 3.641409781901e+01 1 1 1 0.0 0.0 0.0
Se 6.187951941468e+00 8.327027090133e+00 3.639952448924e+01 1 1 1 0.0 0.0 0.0
Se 4.122518633387e+00 4.725499704121e+00 3.640622191526e+01 1 1 1 0.0 0.0 0.0
Se 2.041499996969e+00 1.118302236805e+00 3.640660456333e+01 1 1 1 0.0 0.0 0.0
Se 1.034761506058e+01 1.552307026361e+01 3.640533723673e+01 1 1 1 0.0 0.0 0.0
Se 1.241815519370e+01 1.192305045066e+01 3.640628906785e+01 1 1 1 0.0 0.0 0.0
Se 1.034034289515e+01 8.323311736668e+00 3.641173864100e+01 1 1 1 0.0 0.0 0.0
Se 8.266295533975e+00 4.719905771422e+00 3.640514630958e+01 1 1 1 0.0 0.0 0.0
Se 6.191294807068e+00 1.126831780293e+00 3.640794163548e+01 1 1 1 0.0 0.0 0.0
Se 1.450300163375e+01 1.551635092965e+01 3.640880985659e+01 1 1 1 0.0 0.0 0.0
Se 1.658495580262e+01 1.192104312260e+01 3.640585440166e+01 1 1 1 0.0 0.0 0.0
Se 1.449816124945e+01 8.320088359291e+00 3.640125415800e+01 1 1 1 0.0 0.0 0.0
Se 1.242571517863e+01 4.720289795352e+00 3.641457820611e+01 1 1 1 0.0 0.0 0.0
Se 1.034980929404e+01 1.124706710296e+00 3.641022662284e+01 1 1 1 0.0 0.0 0.0
Se 1.866004564298e+01 1.551574041786e+01 3.640255974411e+01 1 1 1 0.0 0.0 0.0
Se 2.073477918829e+01 1.192494733943e+01 3.640014415580e+01 1 1 1 0.0 0.0 0.0
Se 1.866179907179e+01 8.327009309777e+00 3.639639482915e+01 1 1 1 0.0 0.0 0.0
Se 1.658294545825e+01 4.724101511994e+00 3.640124664368e+01 1 1 1 0.0 0.0 0.0
Se 1.450425996433e+01 1.133000399484e+00 3.640893156736e+01 1 1 1 0.0 0.0 0.0
Se 2.281583285625e+01 1.553064093792e+01 3.640347474449e+01 1 1 1 0.0 0.0 0.0
Se 2.489004299234e+01 1.192926145695e+01 3.640456760134e+01 1 1 1 0.0 0.0 0.0
Se 2.281724792913e+01 8.328035596134e+00 3.639685034493e+01 1 1 1 0.0 0.0 0.0
Se 2.074641002797e+01 4.728412454453e+00 3.640164146283e+01 1 1 1 0.0 0.0 0.0
Se 1.866656658838e+01 1.125297166271e+00 3.640365736356e+01 1 1 1 0.0 0.0 0.0
Se 2.697455038853e+01 1.553165002601e+01 3.641488306513e+01 1 1 1 0.0 0.0 0.0
Se 8.259780779945e+00 9.523499972254e+00 3.287011295538e+01 1 1 1 0.0 0.0 0.0
Se 6.193458718674e+00 5.919941074784e+00 3.286207591716e+01 1 1 1 0.0 0.0 0.0
Se 4.104640697537e+00 2.313195366085e+00 3.286499173672e+01 1 1 1 0.0 0.0 0.0
Se 1.242843975353e+01 1.672047507978e+01 3.286706690530e+01 1 1 1 0.0 0.0 0.0
Se 1.033630140975e+01 1.311996958795e+01 3.287442278657e+01 1 1 1 0.0 0.0 0.0
Se 1.241944829122e+01 9.520373275561e+00 3.287845606972e+01 1 1 1 0.0 0.0 0.0
Se 1.034410015945e+01 5.919232453530e+00 3.286640125324e+01 1 1 1 0.0 0.0 0.0
Se 8.273143299248e+00 2.319231214705e+00 3.286700520323e+01 1 1 1 0.0 0.0 0.0
Se 1.658067661080e+01 1.671574804525e+01 3.286330905890e+01 1 1 1 0.0 0.0 0.0
Se 1.450043485950e+01 1.311687363646e+01 3.286173655579e+01 1 1 1 0.0 0.0 0.0
Se 1.657468695935e+01 9.522824847920e+00 3.286672140547e+01 1 1 1 0.0 0.0 0.0
Se 1.449013130220e+01 5.928225185864e+00 3.286723999918e+01 1 1 1 0.0 0.0 0.0
Se 1.242727836822e+01 2.326471153237e+00 3.286638516625e+01 1 1 1 0.0 0.0 0.0
Se 2.073881479983e+01 1.673058977372e+01 3.286835254143e+01 1 1 1 0.0 0.0 0.0
Se 1.865785379081e+01 1.312861756131e+01 3.286548789331e+01 1 1 1 0.0 0.0 0.0
Se 2.073644805458e+01 9.523778319487e+00 3.286500724161e+01 1 1 1 0.0 0.0 0.0
Se 1.865273410677e+01 5.928996514622e+00 3.286161923719e+01 1 1 1 0.0 0.0 0.0
Se 1.657945601056e+01 2.330958999650e+00 3.286589657690e+01 1 1 1 0.0 0.0 0.0
Se 2.489893184718e+01 1.672671974174e+01 3.286702827536e+01 1 1 1 0.0 0.0 0.0
Se 2.281785616546e+01 1.313255368752e+01 3.286425909082e+01 1 1 1 0.0 0.0 0.0
Se 2.489174450887e+01 9.526510673295e+00 3.286801111627e+01 1 1 1 0.0 0.0 0.0
Se 2.281336985366e+01 5.917473362519e+00 3.286136015201e+01 1 1 1 0.0 0.0 0.0
Se 2.074195133922e+01 2.329582715461e+00 3.286234944888e+01 1 1 1 0.0 0.0 0.0
Se 2.904683225565e+01 1.672291490440e+01 3.286750691618e+01 1 1 1 0.0 0.0 0.0
Se 2.696348227594e+01 1.313024827392e+01 3.286198537493e+01 1 1 1 0.0 0.0 0.0
Se 8.227390475546e+00 1.198839648535e+01 2.988445925001e+01 1 1 1 0.0 0.0 0.0
Se 6.144134742308e+00 8.380119073100e+00 2.988959290434e+01 1 1 1 0.0 0.0 0.0
Se 4.066892526410e+00 4.785040611469e+00 2.988132175810e+01 1 1 1 0.0 0.0 0.0
Se 1.996060128693e+00 1.184239838739e+00 2.987854950433e+01 1 1 1 0.0 0.0 0.0
Se 1.030942947154e+01 1.558534632940e+01 2.989073232879e+01 1 1 1 0.0 0.0 0.0
Se 1.237909275796e+01 1.198759462306e+01 2.988405606986e+01 1 1 1 0.0 0.0 0.0
Se 1.030345807670e+01 8.384110180830e+00 2.987315501853e+01 1 1 1 0.0 0.0 0.0
Se 8.227377246115e+00 4.779585481963e+00 2.988084311728e+01 1 1 1 0.0 0.0 0.0
Se 6.142691358444e+00 1.182306383824e+00 2.988440559144e+01 1 1 1 0.0 0.0 0.0
Se 1.446141084203e+01 1.559014750166e+01 2.987908730717e+01 1 1 1 0.0 0.0 0.0
Se 1.653663451131e+01 1.198776660567e+01 2.987775087002e+01 1 1 1 0.0 0.0 0.0
Se 1.445947781045e+01 8.377892506907e+00 2.987135883220e+01 1 1 1 0.0 0.0 0.0
Se 1.239352125191e+01 4.777374050239e+00 2.987612312081e+01 1 1 1 0.0 0.0 0.0
Se 1.030760994848e+01 1.185752491905e+00 2.989307526106e+01 1 1 1 0.0 0.0 0.0
Se 1.861903419451e+01 1.558885371621e+01 2.989184984530e+01 1 1 1 0.0 0.0 0.0
Se 2.068566630073e+01 1.198662284196e+01 2.988535985677e+01 1 1 1 0.0 0.0 0.0
Se 1.861418259166e+01 8.391871147281e+00 2.987605750283e+01 1 1 1 0.0 0.0 0.0
Se 1.654654150318e+01 4.785398282372e+00 2.986765353310e+01 1 1 1 0.0 0.0 0.0
Se 1.446959541487e+01 1.184690539002e+00 2.988008575880e+01 1 1 1 0.0 0.0 0.0
Se 2.277749766880e+01 1.558470766538e+01 2.988769903188e+01 1 1 1 0.0 0.0 0.0
Se 2.484734876022e+01 1.198045803285e+01 2.988486613440e+01 1 1 1 0.0 0.0 0.0
Se 2.276634631663e+01 8.385305539318e+00 2.988565635478e+01 1 1 1 0.0 0.0 0.0
Se 2.069662460904e+01 4.787104826082e+00 2.987337134619e+01 1 1 1 0.0 0.0 0.0
Se 1.862784182064e+01 1.186799416174e+00 2.987624334988e+01 1 1 1 0.0 0.0 0.0
Se 2.692588296237e+01 1.559071515010e+01 2.988056731010e+01 1 1 1 0.0 0.0 0.0
Se 8.212466565852e+00 9.585085408821e+00 2.637554502646e+01 1 1 1 0.0 0.0 0.0
Se 6.134263840330e+00 5.987116422303e+00 2.637293644722e+01 1 1 1 0.0 0.0 0.0
Se 4.069309702248e+00 2.390188274516e+00 2.636024862891e+01 1 1 1 0.0 0.0 0.0
Se 1.237967104285e+01 1.678813113191e+01 2.635989132843e+01 1 1 1 0.0 0.0 0.0
Se 1.029910543508e+01 1.319297715669e+01 2.637554153389e+01 1 1 1 0.0 0.0 0.0
Se 1.237460882745e+01 9.583450515710e+00 2.637181273933e+01 1 1 1 0.0 0.0 0.0
Se 1.029013688615e+01 5.976748040793e+00 2.637186512788e+01 1 1 1 0.0 0.0 0.0
Se 8.226357045297e+00 2.381805895221e+00 2.637287617393e+01 1 1 1 0.0 0.0 0.0
Se 1.654697431725e+01 1.679542605196e+01 2.636582890883e+01 1 1 1 0.0 0.0 0.0
Se 1.446262911389e+01 1.319702393386e+01 2.637581723524e+01 1 1 1 0.0 0.0 0.0
Se 1.653590890347e+01 9.588800550615e+00 2.636629521982e+01 1 1 1 0.0 0.0 0.0
Se 1.445998095218e+01 5.980082915816e+00 2.636096550532e+01 1 1 1 0.0 0.0 0.0
Se 1.238438262541e+01 2.376159468139e+00 2.636964422388e+01 1 1 1 0.0 0.0 0.0
Se 2.070585504779e+01 1.678589705140e+01 2.637862473222e+01 1 1 1 0.0 0.0 0.0
Se 1.862389992640e+01 1.319812007162e+01 2.637511205364e+01 1 1 1 0.0 0.0 0.0
Se 2.070016512234e+01 9.592075046514e+00 2.636865492701e+01 1 1 1 0.0 0.0 0.0
Se 1.862112947183e+01 5.982374994152e+00 2.635907046868e+01 1 1 1 0.0 0.0 0.0
Se 1.654319408665e+01 2.377658680203e+00 2.635979713488e+01 1 1 1 0.0 0.0 0.0
Se 2.485387833122e+01 1.678209967546e+01 2.637575849657e+01 1 1 1 0.0 0.0 0.0
Se 2.277363398695e+01 1.319022178367e+01 2.638055390080e+01 1 1 1 0.0 0.0 0.0
Se 2.484518643615e+01 9.594631290133e+00 2.637616204714e+01 1 1 1 0.0 0.0 0.0
Se 2.277502958611e+01 5.987702009847e+00 2.636362335098e+01 1 1 1 0.0 0.0 0.0
Se 2.069970066347e+01 2.378426569309e+00 2.635860368143e+01 1 1 1 0.0 0.0 0.0
Se 2.900625616130e+01 1.678136353699e+01 2.637138347074e+01 1 1 1 0.0 0.0 0.0
Se 2.692461997503e+01 1.319010922767e+01 2.638425226767e+01 1 1 1 0.0 0.0 0.0
Se 2.692134050487e+01 1.079072596928e+01 2.286358554661e+01 1 1 1 0.0 0.0 0.0
Se 2.484833853335e+01 7.190714623164e+00 2.285077839883e+01 1 1 1 0.0 0.0 0.0
Se 2.277862751514e+01 3.594651256838e+00 2.284050563964e+01 1 1 1 0.0 0.0 0.0
Se 3.109218408089e+01 1.798032529847e+01 2.285247330064e+01 1 1 1 0.0 0.0 0.0
Se 2.900113361970e+01 1.437925718539e+01 2.285611171173e+01 1 1 1 0.0 0.0 0.0
Se 1.028799715794e+01 1.079487842315e+01 2.289615423665e+01 1 1 1 0.0 0.0 0.0
Se 8.204214205408e+00 7.177139215854e+00 2.288154576952e+01 1 1 1 0.0 0.0 0.0
Se 6.142132123927e+00 3.592468083179e+00 2.284107805067e+01 1 1 1 0.0 0.0 0.0
Se 4.077195713283e+00 3.877281703380e-04 2.285341994582e+01 1 1 1 0.0 0.0 0.0
Se 1.237986657385e+01 1.439952583822e+01 2.289204427571e+01 1 1 1 0.0 0.0 0.0
Se 1.445937335087e+01 1.080412563682e+01 2.289781040269e+01 1 1 1 0.0 0.0 0.0
Se 1.236241705990e+01 7.183005145659e+00 2.289671034903e+01 1 1 1 0.0 0.0 0.0
Se 1.028131401971e+01 3.578034720795e+00 2.287547398976e+01 1 1 1 0.0 0.0 0.0
Se 1.861564560800e+01 1.799178341469e+01 2.285855852149e+01 1 1 1 0.0 0.0 0.0
Se 1.655228879144e+01 1.440431737946e+01 2.288684098166e+01 1 1 1 0.0 0.0 0.0
Se 1.862551619247e+01 1.079990460158e+01 2.288078989274e+01 1 1 1 0.0 0.0 0.0
Se 1.654534540384e+01 7.184788367153e+00 2.289559955306e+01 1 1 1 0.0 0.0 0.0
Se 1.445216918471e+01 3.580528309828e+00 2.287007262467e+01 1 1 1 0.0 0.0 0.0
Se 2.276934283572e+01 1.797884582472e+01 2.284833021320e+01 1 1 1 0.0 0.0 0.0
Se 2.070416750155e+01 1.439541122052e+01 2.286059511305e+01 1 1 1 0.0 0.0 0.0
Se 2.277595130704e+01 1.079401776927e+01 2.286277738711e+01 1 1 1 0.0 0.0 0.0
Se 2.070754947334e+01 7.186936879702e+00 2.286951079718e+01 1 1 1 0.0 0.0 0.0
Se 1.862896875651e+01 3.571267020040e+00 2.287003404764e+01 1 1 1 0.0 0.0 0.0
Se 2.692969997079e+01 1.797486678223e+01 2.284656323745e+01 1 1 1 0.0 0.0 0.0
Se 2.485253993612e+01 1.438693676438e+01 2.284539714246e+01 1 1 1 0.0 0.0 0.0
"
