0.000000  0.000000
0.042765  0.002322
0.085530  0.003233
0.128295  0.007644
0.171060  0.014155
0.213825  0.038383
0.256590  0.053424
0.299355  0.016220
0.342120  0.057830
0.384884  0.054651
0.427649  0.079483
0.470414  0.067447
0.513179  0.093679
0.555944  0.093479
0.598709  0.099837
0.641474  0.088672
0.684239  0.133105
0.727004  0.169734
0.769769  0.133537
0.812534  0.325114
0.855299  0.251204
0.898064  0.338556
0.940829  0.202327
0.983594  0.438675
1.026359  0.495073
1.069123  0.457441
1.111888  0.262813
1.154653  0.567863
1.197418  0.537693
1.240183  0.486579
1.282948  0.667780
1.325713  0.924632
1.368478  0.629473
1.411243  1.530172
1.454008  1.048556
1.496773  1.860216
1.539538  1.757436
1.582303  2.796531
1.625068  4.650383
1.667833  7.042134
1.710598  12.733094
1.753362  21.249705
1.796127  18.629133
1.838892  10.869517
1.881657  9.790209
1.924422  10.444295
1.967187  10.183220
2.009952  2.966038
2.052717  1.177561
2.095482  2.372447
2.138247  0.512358
2.181012  0.810021
2.223777  0.885031
2.266542  0.389129
2.309307  0.330244
2.352072  0.206651
2.394837  0.251113
2.437601  0.148878
2.480366  0.016250
2.523131  0.184346
2.565896  0.125051
2.608661  0.085020
2.651426  0.144484
2.694191  0.019073
2.736956  0.039213
2.779721  0.012370
2.822486  0.004997
2.865251  0.013380
2.908016  0.005430
2.950781  0.134773
2.993546  0.025002
3.036311  0.020475
3.079076  0.186449
3.121840  0.255226
3.164605  0.275497
3.207370  0.200829
3.250135  0.230929
3.292900  0.283906
3.335665  0.218612
3.378430  0.111520
3.421195  0.172099
3.463960  0.444517
3.506725  0.445706
3.549490  0.262288
3.592255  0.322077
3.635020  0.323122
3.677785  0.499500
3.720550  0.503188
3.763315  0.459778
3.806080  0.294160
3.848844  0.258901
3.891609  0.292606
3.934374  0.345635
3.977139  0.387022
4.019904  0.486345
4.062669  0.722213
4.105434  0.602068
4.148199  0.548189
4.190964  0.433421
4.233729  0.417699
4.276494  0.471680
4.319259  0.277977
4.362024  0.367848
4.404789  0.369372
4.447554  0.389452
4.490319  0.368184
4.533083  0.521693
4.575848  0.380858
4.618613  0.371848
4.661378  0.281621
4.704143  0.400009
4.746908  0.633309
4.789673  0.626827
4.832438  0.506372
4.875203  0.488295
4.917968  0.516143
4.960733  0.562327
5.003498  0.403041
5.046263  0.441007
5.089028  0.647973
5.131793  0.729864
5.174558  0.462442
5.217322  0.425399
5.260087  0.396809
5.302852  0.352034
5.345617  0.376479
5.388382  0.554940
5.431147  0.529928
5.473912  0.472016
5.516677  0.526513
5.559442  0.485725
5.602207  0.552053
5.644972  0.403469
5.687737  0.377722
5.730502  0.396030
5.773267  0.309942
5.816032  0.431328
5.858797  0.503832
5.901561  0.444371
5.944326  0.352034
5.987091  0.288782
6.029856  0.325511
6.072621  0.276853
6.115386  0.294534
6.158151  0.286550
6.200916  0.325087
6.243681  0.405342
6.286446  0.323615
6.329211  0.299807
6.371976  0.339683
6.414741  0.414798
6.457506  0.347979
6.500271  0.362481
6.543036  0.366692
6.585800  0.355017
6.628565  0.332662
6.671330  0.326749
6.714095  0.240819
6.756860  0.278263
6.799625  0.299616
6.842390  0.270139
6.885155  0.215571
6.927920  0.253791
6.970685  0.216039
7.013450  0.217336
7.056215  0.272630
7.098980  0.242840
7.141745  0.267385
7.184510  0.275073
7.227275  0.219500
7.270039  0.228471
7.312804  0.204737
7.355569  0.228354
7.398334  0.212505
7.441099  0.205527
7.483864  0.167928
7.526629  0.194990
7.569394  0.165246
7.612159  0.204075
7.654924  0.177594
7.697689  0.150450
7.740454  0.211204
7.783219  0.184280
7.825984  0.164057
7.868749  0.158819
7.911514  0.137187
7.954279  0.141796
7.997043  0.134099
8.039808  0.123943
8.082573  0.120717
8.125338  0.116003
8.168103  0.116528
8.210868  0.135927
8.253633  0.143168
8.296398  0.091130
8.339163  0.129179
8.381928  0.129925
8.424693  0.113470
8.467458  0.088093
8.510223  0.087770
8.552988  0.101034
8.595753  0.087725
8.638518  0.066805
8.681282  0.053465
8.724047  0.051235
8.766812  0.090636
8.809577  0.042191
8.852342  0.049355
8.895107  0.064913
8.937872  0.057758
8.980637  0.059216
9.023402  0.051298
9.066167  0.044339
9.108932  0.040478
9.151697  0.027296
9.194462  0.031793
9.237227  0.042703
9.279992  0.037399
9.322757  0.026805
9.365521  0.027124
9.408286  0.026094
9.451051  0.018874
9.493816  0.023489
9.536581  0.023087
9.579346  0.027350
9.622111  0.029027
9.664876  0.015272
9.707641  0.019190
9.750406  0.017915
9.793171  0.013948
9.835936  0.018304
9.878701  0.011077
9.921466  0.013678
9.964231  0.012322
10.006996  0.011847
10.049760  0.009080
10.092525  0.011104
10.135290  0.009544
10.178055  0.010890
10.220820  0.010716
10.263585  0.006323
10.306350  0.005641
10.349115  0.005919
10.391880  0.006457
10.434645  0.005887
10.477410  0.004835
10.520175  0.004501
10.562940  0.004170
10.605705  0.004036
10.648470  0.003746
10.691235  0.003536
10.733999  0.004312
10.776764  0.003070
10.819529  0.003039
10.862294  0.002445
10.905059  0.001854
10.947824  0.001140
10.990589  0.000519
11.033354  0.000161
11.076119  0.000284
11.118884  0.000412
11.161649  0.000709
11.204414  0.000802
11.247179  0.000483
11.289944  0.000976
11.332709  0.001032
11.375474  0.001187
11.418239  0.001257
11.461003  0.001256
11.503768  0.001688
11.546533  0.001467
11.589298  0.001500
11.632063  0.001977
11.674828  0.001331
11.717593  0.002033
11.760358  0.002083
11.803123  0.001127
11.845888  0.002352
11.888653  0.000445
11.931418  0.004212
11.974183  0.001585
12.016948  0.000852
12.059713  0.001687
12.102478  0.001776
12.145242  0.001987
12.188007  0.002147
12.230772  0.002094
12.273537  0.002179
12.316302  0.002232
12.359067  0.002285
12.401832  0.002357
12.444597  0.002437
12.487362  0.002468
12.530127  0.002498
12.572892  0.002501
12.615657  0.002514
12.658422  0.002544
12.701187  0.002529
12.743952  0.002583
12.786717  0.002631
12.829481  0.002653
12.872246  0.002674
12.915011  0.002681
12.957776  0.002697
13.000541  0.002721
13.043306  0.002726
13.086071  0.002747
13.128836  0.002742
13.171601  0.002791
13.214366  0.002807
13.257131  0.002840
13.299896  0.002858
13.342661  0.002847
13.385426  0.002868
13.428191  0.002872
13.470956  0.002875
13.513720  0.002908
13.556485  0.002918
13.599250  0.002925
13.642015  0.002934
13.684780  0.002946
13.727545  0.002957
13.770310  0.002965
13.813075  0.002970
13.855840  0.002965
13.898605  0.002968
13.941370  0.002988
13.984135  0.002997
14.026900  0.003014
14.069665  0.003018
14.112430  0.003042
14.155195  0.003056
14.197959  0.003056
14.240724  0.003056
14.283489  0.003039
14.326254  0.003070
14.369019  0.003087
14.411784  0.003092
14.454549  0.003089
14.497314  0.003100
14.540079  0.003088
14.582844  0.003069
14.625609  0.003077
14.668374  0.003078
14.711139  0.003098
14.753904  0.003118
14.796669  0.003147
14.839434  0.003175
14.882199  0.003157
14.924963  0.003143
14.967728  0.003113
&
0.000000  0.000000
0.042765  0.000046
0.085530  0.000007
0.128295  0.000022
0.171060  0.000024
0.213825  0.000001
0.256590  0.000026
0.299355  0.000050
0.342120  0.000007
0.384884  0.000030
0.427649  0.000016
0.470414  0.000019
0.513179  0.000004
0.555944  0.000006
0.598709  0.000000
0.641474  0.000010
0.684239  0.000052
0.727004  0.000028
0.769769  0.000001
0.812534  0.000021
0.855299  0.000031
0.898064  0.000021
0.940829  0.000007
0.983594  0.000029
1.026359  0.000031
1.069123  0.000024
1.111888  0.000021
1.154653  0.000057
1.197418  0.000063
1.240183  0.000047
1.282948  0.000007
1.325713  0.000108
1.368478  0.000057
1.411243  0.000068
1.454008  0.000087
1.496773  0.000175
1.539538  0.000061
1.582303  0.000031
1.625068  0.000243
1.667833  0.000008
1.710598  0.000195
1.753362  0.000474
1.796127  0.000152
1.838892  0.000018
1.881657  0.000019
1.924422  0.000217
1.967187  0.000324
2.009952  0.000277
2.052717  0.000042
2.095482  0.000092
2.138247  0.000079
2.181012  0.000288
2.223777  0.000268
2.266542  0.000075
2.309307  0.000034
2.352072  0.000036
2.394837  0.000063
2.437601  0.000149
2.480366  0.000133
2.523131  0.000068
2.565896  0.000690
2.608661  0.000058
2.651426  0.000632
2.694191  0.000236
2.736956  0.000083
2.779721  0.000292
2.822486  0.000205
2.865251  0.000222
2.908016  0.000056
2.950781  0.000004
2.993546  0.000287
3.036311  0.000101
3.079076  0.000202
3.121840  0.000015
3.164605  0.000129
3.207370  0.000322
3.250135  0.000432
3.292900  0.000161
3.335665  0.000008
3.378430  0.001001
3.421195  0.000437
3.463960  0.000469
3.506725  0.001623
3.549490  0.000253
3.592255  0.000242
3.635020  0.000330
3.677785  0.000525
3.720550  0.000553
3.763315  0.000385
3.806080  0.000224
3.848844  0.000703
3.891609  0.000501
3.934374  0.000338
3.977139  0.000498
4.019904  0.000023
4.062669  0.001501
4.105434  0.000976
4.148199  0.001121
4.190964  0.000217
4.233729  0.000265
4.276494  0.000449
4.319259  0.002087
4.362024  0.000166
4.404789  0.000257
4.447554  0.000240
4.490319  0.000209
4.533083  0.000379
4.575848  0.001742
4.618613  0.000895
4.661378  0.000419
4.704143  0.001478
4.746908  0.001892
4.789673  0.001863
4.832438  0.000203
4.875203  0.002720
4.917968  0.001222
4.960733  0.000284
5.003498  0.000336
5.046263  0.000361
5.089028  0.000743
5.131793  0.001449
5.174558  0.000198
5.217322  0.000545
5.260087  0.000723
5.302852  0.001870
5.345617  0.001138
5.388382  0.001070
5.431147  0.000246
5.473912  0.000905
5.516677  0.001808
5.559442  0.000313
5.602207  0.001364
5.644972  0.000319
5.687737  0.000209
5.730502  0.000151
5.773267  0.000287
5.816032  0.001075
5.858797  0.000996
5.901561  0.001243
5.944326  0.000260
5.987091  0.000617
6.029856  0.001154
6.072621  0.001539
6.115386  0.000405
6.158151  0.001324
6.200916  0.000098
6.243681  0.000267
6.286446  0.000432
6.329211  0.000029
6.371976  0.001243
6.414741  0.001005
6.457506  0.000301
6.500271  0.001376
6.543036  0.000818
6.585800  0.002985
6.628565  0.002807
6.671330  0.000703
6.714095  0.001632
6.756860  0.002407
6.799625  0.001231
6.842390  0.000230
6.885155  0.000008
6.927920  0.002907
6.970685  0.000962
7.013450  0.002054
7.056215  0.002280
7.098980  0.002166
7.141745  0.004692
7.184510  0.003836
7.227275  0.004157
7.270039  0.001871
7.312804  0.003764
7.355569  0.001872
7.398334  0.002641
7.441099  0.001328
7.483864  0.000252
7.526629  0.002335
7.569394  0.001744
7.612159  0.001411
7.654924  0.002197
7.697689  0.004517
7.740454  0.002477
7.783219  0.000571
7.825984  0.001650
7.868749  0.000374
7.911514  0.001398
7.954279  0.001280
7.997043  0.001724
8.039808  0.000304
8.082573  0.003394
8.125338  0.003328
8.168103  0.002234
8.210868  0.001065
8.253633  0.001214
8.296398  0.001474
8.339163  0.001591
8.381928  0.001411
8.424693  0.004598
8.467458  0.003409
8.510223  0.000918
8.552988  0.000025
8.595753  0.001859
8.638518  0.001911
8.681282  0.000190
8.724047  0.000850
8.766812  0.001401
8.809577  0.001474
8.852342  0.001284
8.895107  0.001202
8.937872  0.000919
8.980637  0.000612
9.023402  0.000930
9.066167  0.001067
9.108932  0.000109
9.151697  0.004404
9.194462  0.002126
9.237227  0.000790
9.279992  0.001736
9.322757  0.000351
9.365521  0.000157
9.408286  0.000945
9.451051  0.000075
9.493816  0.001095
9.536581  0.000329
9.579346  0.001116
9.622111  0.000981
9.664876  0.000533
9.707641  0.000532
9.750406  0.000404
9.793171  0.000927
9.835936  0.000820
9.878701  0.000240
9.921466  0.000121
9.964231  0.000131
10.006996  0.000125
10.049760  0.000025
10.092525  0.000121
10.135290  0.000156
10.178055  0.000373
10.220820  0.000192
10.263585  0.000363
10.306350  0.000343
10.349115  0.000321
10.391880  0.000144
10.434645  0.000156
10.477410  0.000298
10.520175  0.000072
10.562940  0.000145
10.605705  0.000104
10.648470  0.000438
10.691235  0.000132
10.733999  0.000091
10.776764  0.000341
10.819529  0.000005
10.862294  0.000086
10.905059  0.000016
10.947824  0.000007
10.990589  0.000082
11.033354  0.000091
11.076119  0.000162
11.118884  0.000035
11.161649  0.000054
11.204414  0.000063
11.247179  0.000067
11.289944  0.000104
11.332709  0.000073
11.375474  0.000075
11.418239  0.000071
11.461003  0.000052
11.503768  0.000034
11.546533  0.000082
11.589298  0.000133
11.632063  0.000060
11.674828  0.000297
11.717593  0.000040
11.760358  0.000034
11.803123  0.000142
11.845888  0.000105
11.888653  0.000092
11.931418  0.000102
11.974183  0.000146
12.016948  0.000024
12.059713  0.000066
12.102478  0.000028
12.145242  0.000041
12.188007  0.000074
12.230772  0.000066
12.273537  0.000056
12.316302  0.000062
12.359067  0.000064
12.401832  0.000065
12.444597  0.000052
12.487362  0.000051
12.530127  0.000058
12.572892  0.000061
12.615657  0.000063
12.658422  0.000056
12.701187  0.000053
12.743952  0.000052
12.786717  0.000054
12.829481  0.000053
12.872246  0.000055
12.915011  0.000050
12.957776  0.000052
13.000541  0.000052
13.043306  0.000054
13.086071  0.000053
13.128836  0.000047
13.171601  0.000051
13.214366  0.000055
13.257131  0.000051
13.299896  0.000048
13.342661  0.000050
13.385426  0.000049
13.428191  0.000048
13.470956  0.000049
13.513720  0.000049
13.556485  0.000049
13.599250  0.000047
13.642015  0.000049
13.684780  0.000046
13.727545  0.000046
13.770310  0.000046
13.813075  0.000044
13.855840  0.000043
13.898605  0.000045
13.941370  0.000049
13.984135  0.000048
14.026900  0.000041
14.069665  0.000045
14.112430  0.000045
14.155195  0.000046
14.197959  0.000045
14.240724  0.000041
14.283489  0.000042
14.326254  0.000045
14.369019  0.000044
14.411784  0.000044
14.454549  0.000038
14.497314  0.000040
14.540079  0.000041
14.582844  0.000040
14.625609  0.000042
14.668374  0.000039
14.711139  0.000039
14.753904  0.000045
14.796669  0.000042
14.839434  0.000035
14.882199  0.000036
14.924963  0.000043
14.967728  0.000042
&
0.000000  0.000000
0.042765  0.000029
0.085530  0.000010
0.128295  0.000009
0.171060  0.000020
0.213825  0.000028
0.256590  0.000027
0.299355  0.000063
0.342120  0.000042
0.384884  0.000017
0.427649  0.000018
0.470414  0.000013
0.513179  0.000009
0.555944  0.000046
0.598709  0.000000
0.641474  0.000033
0.684239  0.000048
0.727004  0.000034
0.769769  0.000025
0.812534  0.000038
0.855299  0.000061
0.898064  0.000033
0.940829  0.000049
0.983594  0.000073
1.026359  0.000059
1.069123  0.000097
1.111888  0.000002
1.154653  0.000059
1.197418  0.000052
1.240183  0.000081
1.282948  0.000089
1.325713  0.000136
1.368478  0.000081
1.411243  0.000229
1.454008  0.000295
1.496773  0.000483
1.539538  0.000160
1.582303  0.000405
1.625068  0.000905
1.667833  0.001137
1.710598  0.001660
1.753362  0.003548
1.796127  0.002852
1.838892  0.001884
1.881657  0.001696
1.924422  0.001488
1.967187  0.001954
2.009952  0.000445
2.052717  0.000154
2.095482  0.000426
2.138247  0.000120
2.181012  0.000344
2.223777  0.000425
2.266542  0.000340
2.309307  0.000031
2.352072  0.000285
2.394837  0.000258
2.437601  0.000078
2.480366  0.000151
2.523131  0.000969
2.565896  0.000963
2.608661  0.002056
2.651426  0.001513
2.694191  0.001110
2.736956  0.000415
2.779721  0.000943
2.822486  0.000422
2.865251  0.000011
2.908016  0.000262
2.950781  0.000139
2.993546  0.000018
3.036311  0.000070
3.079076  0.000703
3.121840  0.000641
3.164605  0.000680
3.207370  0.000639
3.250135  0.000312
3.292900  0.000345
3.335665  0.000411
3.378430  0.000989
3.421195  0.000172
3.463960  0.000091
3.506725  0.001621
3.549490  0.001662
3.592255  0.000392
3.635020  0.000833
3.677785  0.000781
3.720550  0.000600
3.763315  0.000176
3.806080  0.000718
3.848844  0.000329
3.891609  0.000008
3.934374  0.000343
3.977139  0.000615
4.019904  0.000349
4.062669  0.000447
4.105434  0.000014
4.148199  0.002688
4.190964  0.001513
4.233729  0.001187
4.276494  0.001244
4.319259  0.000266
4.362024  0.000162
4.404789  0.000625
4.447554  0.000439
4.490319  0.000003
4.533083  0.001027
4.575848  0.002985
4.618613  0.003037
4.661378  0.000200
4.704143  0.000289
4.746908  0.000283
4.789673  0.000098
4.832438  0.000550
4.875203  0.000620
4.917968  0.000321
4.960733  0.000412
5.003498  0.000349
5.046263  0.001942
5.089028  0.000828
5.131793  0.001458
5.174558  0.000892
5.217322  0.001814
5.260087  0.005072
5.302852  0.000284
5.345617  0.000669
5.388382  0.001653
5.431147  0.000840
5.473912  0.001229
5.516677  0.000449
5.559442  0.001101
5.602207  0.000653
5.644972  0.000351
5.687737  0.000651
5.730502  0.001134
5.773267  0.000110
5.816032  0.000098
5.858797  0.000869
5.901561  0.000012
5.944326  0.000442
5.987091  0.000149
6.029856  0.001042
6.072621  0.001018
6.115386  0.001290
6.158151  0.000185
6.200916  0.000602
6.243681  0.000712
6.286446  0.000750
6.329211  0.001575
6.371976  0.001722
6.414741  0.000654
6.457506  0.002036
6.500271  0.000435
6.543036  0.001226
6.585800  0.001804
6.628565  0.001444
6.671330  0.001277
6.714095  0.001626
6.756860  0.000338
6.799625  0.003053
6.842390  0.001854
6.885155  0.002957
6.927920  0.000345
6.970685  0.002937
7.013450  0.000727
7.056215  0.000603
7.098980  0.003176
7.141745  0.002150
7.184510  0.002075
7.227275  0.001471
7.270039  0.006855
7.312804  0.002885
7.355569  0.002006
7.398334  0.003787
7.441099  0.002645
7.483864  0.001636
7.526629  0.002372
7.569394  0.001235
7.612159  0.002652
7.654924  0.003135
7.697689  0.004143
7.740454  0.004914
7.783219  0.000317
7.825984  0.001296
7.868749  0.000471
7.911514  0.000391
7.954279  0.004637
7.997043  0.000584
8.039808  0.000344
8.082573  0.003090
8.125338  0.002196
8.168103  0.003619
8.210868  0.000645
8.253633  0.002480
8.296398  0.001406
8.339163  0.005846
8.381928  0.000384
8.424693  0.000317
8.467458  0.004536
8.510223  0.003467
8.552988  0.003365
8.595753  0.000949
8.638518  0.002551
8.681282  0.000427
8.724047  0.003788
8.766812  0.000214
8.809577  0.004121
8.852342  0.003028
8.895107  0.000148
8.937872  0.001941
8.980637  0.002173
9.023402  0.002263
9.066167  0.002233
9.108932  0.000987
9.151697  0.000837
9.194462  0.001838
9.237227  0.000735
9.279992  0.000794
9.322757  0.001310
9.365521  0.001434
9.408286  0.000181
9.451051  0.000870
9.493816  0.001533
9.536581  0.000957
9.579346  0.000095
9.622111  0.001042
9.664876  0.001091
9.707641  0.000929
9.750406  0.000457
9.793171  0.001321
9.835936  0.000043
9.878701  0.000439
9.921466  0.000359
9.964231  0.000252
10.006996  0.000605
10.049760  0.000487
10.092525  0.000329
10.135290  0.000180
10.178055  0.000918
10.220820  0.000410
10.263585  0.000264
10.306350  0.000304
10.349115  0.000551
10.391880  0.000495
10.434645  0.000391
10.477410  0.000187
10.520175  0.000156
10.562940  0.000395
10.605705  0.000216
10.648470  0.000150
10.691235  0.000148
10.733999  0.000137
10.776764  0.000095
10.819529  0.000041
10.862294  0.000118
10.905059  0.000035
10.947824  0.000090
10.990589  0.000036
11.033354  0.000004
11.076119  0.000040
11.118884  0.000062
11.161649  0.000082
11.204414  0.000014
11.247179  0.000003
11.289944  0.000056
11.332709  0.000063
11.375474  0.000026
11.418239  0.000023
11.461003  0.000042
11.503768  0.000015
11.546533  0.000042
11.589298  0.000056
11.632063  0.000095
11.674828  0.000413
11.717593  0.000147
11.760358  0.000108
11.803123  0.000074
11.845888  0.000018
11.888653  0.000160
11.931418  0.000010
11.974183  0.000089
12.016948  0.000189
12.059713  0.000140
12.102478  0.000083
12.145242  0.000027
12.188007  0.000010
12.230772  0.000054
12.273537  0.000042
12.316302  0.000041
12.359067  0.000035
12.401832  0.000030
12.444597  0.000034
12.487362  0.000037
12.530127  0.000029
12.572892  0.000030
12.615657  0.000033
12.658422  0.000029
12.701187  0.000033
12.743952  0.000032
12.786717  0.000032
12.829481  0.000029
12.872246  0.000028
12.915011  0.000032
12.957776  0.000029
13.000541  0.000025
13.043306  0.000026
13.086071  0.000028
13.128836  0.000025
13.171601  0.000024
13.214366  0.000023
13.257131  0.000025
13.299896  0.000032
13.342661  0.000029
13.385426  0.000021
13.428191  0.000023
13.470956  0.000030
13.513720  0.000033
13.556485  0.000027
13.599250  0.000029
13.642015  0.000026
13.684780  0.000028
13.727545  0.000025
13.770310  0.000021
13.813075  0.000027
13.855840  0.000026
13.898605  0.000023
13.941370  0.000025
13.984135  0.000021
14.026900  0.000021
14.069665  0.000027
14.112430  0.000027
14.155195  0.000018
14.197959  0.000023
14.240724  0.000024
14.283489  0.000028
14.326254  0.000023
14.369019  0.000023
14.411784  0.000024
14.454549  0.000023
14.497314  0.000023
14.540079  0.000027
14.582844  0.000019
14.625609  0.000022
14.668374  0.000026
14.711139  0.000024
14.753904  0.000022
14.796669  0.000022
14.839434  0.000020
14.882199  0.000026
14.924963  0.000021
14.967728  0.000018
&
