description="Cu111-vac15
"  
#******** REAL SPACE GRID ********   
wavefunction_grid="152 80 152"  
potential_grid_refinement="2"  
  
#******* CONTROL OPTIONS *******  
start_mode          ="LCAO Start"  
calculation_mode    ="Quench Electrons  "  
kohn_sham_solver    ="davidson"  
subdiag_driver      ="auto"  
#auto: if cuda available, use cusolver, otherwise use lapack for n<128 and scaplack for large system  
cube_rho = "True"  
  
#********* K POINT SETUP *********  
kpoint_mesh = "1 1 1"  
kpoint_is_shift = "0 0 0"  
  
#******* Pseudopotentials *******   
internal_pseudo_type = "sg15"  
#use Optimized Norm-Conserving Vanderbilt (ONCV) pseudopotenitals  
#those pseudopotentials are built in with RMG  
write_pseudopotential_plots ="False"  
  
#*****Exchange Correlation ******  
exchange_correlation_type="AUTO_XC"  
#AUTO_XC: XC will be determined from pseudopotential  
  
#****  LATTICE and ATOMS  ****   
bravais_lattice_type="None"  
crds_units = "Angstrom"  
lattice_units = "Angstrom"  
lattice_vector="  
 2.545879900000e+01  0.000000000000e+00  0.000000000000e+00   
 0.000000000000e+00  1.322878000000e+01  0.000000000000e+00   
 0.000000000000e+00  0.000000000000e+00  2.500000000000e+01   
"  
atomic_coordinate_type = "Cell Relative"  
atoms="  
Cu  0.000000000000e+00 0.000000000000e+00 0.000000000000e+00  1 1 1   0.00   0.00   0.00  
Cu  5.000000196396e-02 1.666666918643e-01 0.000000000000e+00  1 1 1   0.00   0.00   0.00  
Cu  5.000000196396e-02 5.555553875716e-02 8.314808000000e-02  1 1 1   0.00   0.00   0.00  
Cu  0.000000000000e+00 2.222222306214e-01 8.314808000000e-02  1 1 1   0.00   0.00   0.00  
Cu  0.000000000000e+00 1.134717133923e-01 1.660822181549e-01  1 1 1   0.00   0.00   0.00  
Cu  4.994417439900e-02 2.800971875373e-01 1.663789828764e-01  1 1 1   0.00   0.00   0.00  
Cu  0.000000000000e+00 4.129790155403e-03 2.489196795042e-01  1 1 1   0.00   0.00   0.00  
Cu  5.003965018158e-02 1.704637875444e-01 2.489739839641e-01  1 1 1   0.00   0.00   0.00  
Cu  1.000000039279e-01 0.000000000000e+00 0.000000000000e+00  1 1 1   0.00   0.00   0.00  
Cu  1.500000058919e-01 1.666666918643e-01 0.000000000000e+00  1 1 1   0.00   0.00   0.00  
Cu  1.500000058919e-01 5.555553875716e-02 8.314808000000e-02  1 1 1   0.00   0.00   0.00  
Cu  1.000000039279e-01 2.222222306214e-01 8.314808000000e-02  1 1 1   0.00   0.00   0.00  
Cu  9.987357651520e-02 1.132001687099e-01 1.659775582431e-01  1 1 1   0.00   0.00   0.00  
Cu  1.499761544206e-01 2.796025837125e-01 1.658760503148e-01  1 1 1   0.00   0.00   0.00  
Cu  1.000267851602e-01 3.734818025990e-03 2.487316700454e-01  1 1 1   0.00   0.00   0.00  
Cu  1.501346593405e-01 1.696899253015e-01 2.484601587847e-01  1 1 1   0.00   0.00   0.00  
Cu  2.000000078558e-01 0.000000000000e+00 0.000000000000e+00  1 1 1   0.00   0.00   0.00  
Cu  2.500000098198e-01 1.666666918643e-01 0.000000000000e+00  1 1 1   0.00   0.00   0.00  
Cu  2.500000098198e-01 5.555553875716e-02 8.314808000000e-02  1 1 1   0.00   0.00   0.00  
Cu  2.000000078558e-01 2.222222306214e-01 8.314808000000e-02  1 1 1   0.00   0.00   0.00  
Cu  1.999345457517e-01 1.127475057098e-01 1.657724134657e-01  1 1 1   0.00   0.00   0.00  
Cu  2.501844889402e-01 2.790939002925e-01 1.654139641918e-01  1 1 1   0.00   0.00   0.00  
Cu  2.001400011814e-01 2.851740130552e-03 2.481585846181e-01  1 1 1   0.00   0.00   0.00  
Cu  2.502414464856e-01 1.693739871268e-01 2.478082000054e-01  1 1 1   0.00   0.00   0.00  
Cu  3.000000117837e-01 0.000000000000e+00 0.000000000000e+00  1 1 1   0.00   0.00   0.00  
Cu  3.500000137477e-01 1.666666918643e-01 0.000000000000e+00  1 1 1   0.00   0.00   0.00  
Cu  3.500000137477e-01 5.555553875716e-02 8.314808000000e-02  1 1 1   0.00   0.00   0.00  
Cu  3.000000117837e-01 2.222222306214e-01 8.314808000000e-02  1 1 1   0.00   0.00   0.00  
Cu  3.000422914426e-01 1.123742164760e-01 1.655402974611e-01  1 1 1   0.00   0.00   0.00  
Cu  3.501794575053e-01 2.790448378744e-01 1.655065365541e-01  1 1 1   0.00   0.00   0.00  
Cu  3.000422114245e-01 2.269325511485e-03 2.477009931238e-01  1 1 1   0.00   0.00   0.00  
Cu  3.500870274682e-01 1.690248760110e-01 2.479364337042e-01  1 1 1   0.00   0.00   0.00  
Cu  4.000000157117e-01 0.000000000000e+00 0.000000000000e+00  1 1 1   0.00   0.00   0.00  
Cu  4.500000176756e-01 1.666666918643e-01 0.000000000000e+00  1 1 1   0.00   0.00   0.00  
Cu  4.500000176756e-01 5.555553875716e-02 8.314808000000e-02  1 1 1   0.00   0.00   0.00  
Cu  4.000000157117e-01 2.222222306214e-01 8.314808000000e-02  1 1 1   0.00   0.00   0.00  
Cu  4.000701736533e-01 1.123204627196e-01 1.655683281287e-01  1 1 1   0.00   0.00   0.00  
Cu  4.500633697386e-01 2.790783291525e-01 1.656275349302e-01  1 1 1   0.00   0.00   0.00  
Cu  3.999452576497e-01 2.209479797919e-03 2.478307295963e-01  1 1 1   0.00   0.00   0.00  
Cu  4.500313465621e-01 1.689830252967e-01 2.479936334309e-01  1 1 1   0.00   0.00   0.00  
Cu  5.000000196396e-01 0.000000000000e+00 0.000000000000e+00  1 1 1   0.00   0.00   0.00  
Cu  5.500000216035e-01 1.666666918643e-01 0.000000000000e+00  1 1 1   0.00   0.00   0.00  
Cu  5.500000216035e-01 5.555553875716e-02 8.314808000000e-02  1 1 1   0.00   0.00   0.00  
Cu  5.000000196396e-01 2.222222306214e-01 8.314808000000e-02  1 1 1   0.00   0.00   0.00  
Cu  5.000000196396e-01 1.123747018826e-01 1.655937109168e-01  1 1 1   0.00   0.00   0.00  
Cu  5.499366695405e-01 2.790783291525e-01 1.656275349302e-01  1 1 1   0.00   0.00   0.00  
Cu  5.000000196396e-01 2.195687003813e-03 2.477752389582e-01  1 1 1   0.00   0.00   0.00  
Cu  5.499686927170e-01 1.689830252967e-01 2.479936334309e-01  1 1 1   0.00   0.00   0.00  
Cu  6.000000235675e-01 0.000000000000e+00 0.000000000000e+00  1 1 1   0.00   0.00   0.00  
Cu  6.500000255314e-01 1.666666918643e-01 0.000000000000e+00  1 1 1   0.00   0.00   0.00  
Cu  6.500000255314e-01 5.555553875716e-02 8.314808000000e-02  1 1 1   0.00   0.00   0.00  
Cu  6.000000235675e-01 2.222222306214e-01 8.314808000000e-02  1 1 1   0.00   0.00   0.00  
Cu  5.999298656258e-01 1.123204627196e-01 1.655683281287e-01  1 1 1   0.00   0.00   0.00  
Cu  6.498205817739e-01 2.790448378744e-01 1.655065365541e-01  1 1 1   0.00   0.00   0.00  
Cu  6.000547816294e-01 2.209479797919e-03 2.478307295963e-01  1 1 1   0.00   0.00   0.00  
Cu  6.499130118109e-01 1.690248760110e-01 2.479364337042e-01  1 1 1   0.00   0.00   0.00  
Cu  7.000000274954e-01 0.000000000000e+00 0.000000000000e+00  1 1 1   0.00   0.00   0.00  
Cu  7.500000294594e-01 1.666666918643e-01 0.000000000000e+00  1 1 1   0.00   0.00   0.00  
Cu  7.500000294594e-01 5.555553875716e-02 8.314808000000e-02  1 1 1   0.00   0.00   0.00  
Cu  7.000000274954e-01 2.222222306214e-01 8.314808000000e-02  1 1 1   0.00   0.00   0.00  
Cu  6.999577478365e-01 1.123742164760e-01 1.655402974611e-01  1 1 1   0.00   0.00   0.00  
Cu  7.498155503390e-01 2.790939002925e-01 1.654139641918e-01  1 1 1   0.00   0.00   0.00  
Cu  6.999578278547e-01 2.269325511485e-03 2.477009931238e-01  1 1 1   0.00   0.00   0.00  
Cu  7.497585927935e-01 1.693739871268e-01 2.478082000054e-01  1 1 1   0.00   0.00   0.00  
Cu  8.000000314233e-01 0.000000000000e+00 0.000000000000e+00  1 1 1   0.00   0.00   0.00  
Cu  8.500000333873e-01 1.666666918643e-01 0.000000000000e+00  1 1 1   0.00   0.00   0.00  
Cu  8.500000333873e-01 5.555553875716e-02 8.314808000000e-02  1 1 1   0.00   0.00   0.00  
Cu  8.000000314233e-01 2.222222306214e-01 8.314808000000e-02  1 1 1   0.00   0.00   0.00  
Cu  8.000654935275e-01 1.127475057098e-01 1.657724134657e-01  1 1 1   0.00   0.00   0.00  
Cu  8.500238848586e-01 2.796025837125e-01 1.658760503148e-01  1 1 1   0.00   0.00   0.00  
Cu  7.998600380978e-01 2.851740130552e-03 2.481585846181e-01  1 1 1   0.00   0.00   0.00  
Cu  8.498653799387e-01 1.696899253015e-01 2.484601587847e-01  1 1 1   0.00   0.00   0.00  
Cu  9.000000353512e-01 0.000000000000e+00 0.000000000000e+00  1 1 1   0.00   0.00   0.00  
Cu  9.500000373152e-01 1.666666918643e-01 0.000000000000e+00  1 1 1   0.00   0.00   0.00  
Cu  9.500000373152e-01 5.555553875716e-02 8.314808000000e-02  1 1 1   0.00   0.00   0.00  
Cu  9.000000353512e-01 2.222222306214e-01 8.314808000000e-02  1 1 1   0.00   0.00   0.00  
Cu  9.001264627640e-01 1.132001687099e-01 1.659775582431e-01  1 1 1   0.00   0.00   0.00  
Cu  9.500558648801e-01 2.800971875373e-01 1.663789828764e-01  1 1 1   0.00   0.00   0.00  
Cu  8.999732541189e-01 3.734818025990e-03 2.487316700454e-01  1 1 1   0.00   0.00   0.00  
Cu  9.499603890976e-01 1.704637875444e-01 2.489739839641e-01  1 1 1   0.00   0.00   0.00  
Cu  0.000000000000e+00 3.333333081357e-01 0.000000000000e+00  1 1 1   0.00   0.00   0.00  
Cu  5.000000196396e-02 5.000000000000e-01 0.000000000000e+00  1 1 1   0.00   0.00   0.00  
Cu  5.000000196396e-02 3.888888468929e-01 8.314808000000e-02  1 1 1   0.00   0.00   0.00  
Cu  0.000000000000e+00 5.555555387572e-01 8.314808000000e-02  1 1 1   0.00   0.00   0.00  
Cu  0.000000000000e+00 4.462286802241e-01 1.655840406415e-01  1 1 1   0.00   0.00   0.00  
Cu  4.967466189380e-02 6.126976867521e-01 1.643783341460e-01  1 1 1   0.00   0.00   0.00  
Cu  0.000000000000e+00 3.373178259373e-01 2.495162838426e-01  1 1 1   0.00   0.00   0.00  
Cu  5.102237040554e-02 5.023066834183e-01 2.471214204188e-01  1 1 1   0.00   0.00   0.00  
Cu  1.000000039279e-01 3.333333081357e-01 0.000000000000e+00  1 1 1   0.00   0.00   0.00  
Cu  1.500000058919e-01 5.000000000000e-01 0.000000000000e+00  1 1 1   0.00   0.00   0.00  
Cu  1.500000058919e-01 3.888888468929e-01 8.314808000000e-02  1 1 1   0.00   0.00   0.00  
Cu  1.000000039279e-01 5.555555387572e-01 8.314808000000e-02  1 1 1   0.00   0.00   0.00  
Cu  9.991892766911e-02 4.458678611420e-01 1.649293379389e-01  1 1 1   0.00   0.00   0.00  
Cu  1.499042825065e-01 6.127103577284e-01 1.645948715465e-01  1 1 1   0.00   0.00   0.00  
Cu  1.005385289857e-01 3.365916993459e-01 2.488472399191e-01  1 1 1   0.00   0.00   0.00  
Cu  1.516450208083e-01 5.015445432789e-01 2.461570400182e-01  1 1 1   0.00   0.00   0.00  
Cu  2.000000078558e-01 3.333333081357e-01 0.000000000000e+00  1 1 1   0.00   0.00   0.00  
Cu  2.500000098198e-01 5.000000000000e-01 0.000000000000e+00  1 1 1   0.00   0.00   0.00  
Cu  2.500000098198e-01 3.888888468929e-01 8.314808000000e-02  1 1 1   0.00   0.00   0.00  
Cu  2.000000078558e-01 5.555555387572e-01 8.314808000000e-02  1 1 1   0.00   0.00   0.00  
Cu  2.002232528724e-01 4.456251874501e-01 1.650174354216e-01  1 1 1   0.00   0.00   0.00  
Cu  2.496877005471e-01 6.124861341428e-01 1.658721533696e-01  1 1 1   0.00   0.00   0.00  
Cu  2.006736625201e-01 3.355994522073e-01 2.478728348719e-01  1 1 1   0.00   0.00   0.00  
Cu  2.505996769331e-01 5.022554536761e-01 2.479029626243e-01  1 1 1   0.00   0.00   0.00  
Cu  3.000000117837e-01 3.333333081357e-01 0.000000000000e+00  1 1 1   0.00   0.00   0.00  
Cu  3.500000137477e-01 5.000000000000e-01 0.000000000000e+00  1 1 1   0.00   0.00   0.00  
Cu  3.500000137477e-01 3.888888468929e-01 8.314808000000e-02  1 1 1   0.00   0.00   0.00  
Cu  3.000000117837e-01 5.555555387572e-01 8.314808000000e-02  1 1 1   0.00   0.00   0.00  
Cu  3.001240644209e-01 4.457937214658e-01 1.654314772254e-01  1 1 1   0.00   0.00   0.00  
Cu  3.499668832887e-01 6.124217828624e-01 1.655929880450e-01  1 1 1   0.00   0.00   0.00  
Cu  3.003571596532e-01 3.356350871813e-01 2.479242127123e-01  1 1 1   0.00   0.00   0.00  
Cu  3.501138540725e-01 5.024236310737e-01 2.479278005279e-01  1 1 1   0.00   0.00   0.00  
Cu  4.000000157117e-01 3.333333081357e-01 0.000000000000e+00  1 1 1   0.00   0.00   0.00  
Cu  4.500000176756e-01 5.000000000000e-01 0.000000000000e+00  1 1 1   0.00   0.00   0.00  
Cu  4.500000176756e-01 3.888888468929e-01 8.314808000000e-02  1 1 1   0.00   0.00   0.00  
Cu  4.000000157117e-01 5.555555387572e-01 8.314808000000e-02  1 1 1   0.00   0.00   0.00  
Cu  4.000462142819e-01 4.457165608478e-01 1.656417249957e-01  1 1 1   0.00   0.00   0.00  
Cu  4.500469443734e-01 6.123925477053e-01 1.656694044797e-01  1 1 1   0.00   0.00   0.00  
Cu  4.001207843278e-01 3.355167774127e-01 2.480756629566e-01  1 1 1   0.00   0.00   0.00  
Cu  4.500300752416e-01 5.024228020403e-01 2.480046601716e-01  1 1 1   0.00   0.00   0.00  
Cu  5.000000196396e-01 3.333333081357e-01 0.000000000000e+00  1 1 1   0.00   0.00   0.00  
Cu  5.500000216035e-01 5.000000000000e-01 0.000000000000e+00  1 1 1   0.00   0.00   0.00  
Cu  5.500000216035e-01 3.888888468929e-01 8.314808000000e-02  1 1 1   0.00   0.00   0.00  
Cu  5.000000196396e-01 5.555555387572e-01 8.314808000000e-02  1 1 1   0.00   0.00   0.00  
Cu  5.000000196396e-01 4.455988907863e-01 1.657273026003e-01  1 1 1   0.00   0.00   0.00  
Cu  5.499530949057e-01 6.123925477053e-01 1.656694044797e-01  1 1 1   0.00   0.00   0.00  
Cu  5.000000196396e-01 3.354674077586e-01 2.482002449417e-01  1 1 1   0.00   0.00   0.00  
Cu  5.499699640375e-01 5.024228020403e-01 2.480046601716e-01  1 1 1   0.00   0.00   0.00  
Cu  6.000000235675e-01 3.333333081357e-01 0.000000000000e+00  1 1 1   0.00   0.00   0.00  
Cu  6.500000255314e-01 5.000000000000e-01 0.000000000000e+00  1 1 1   0.00   0.00   0.00  
Cu  6.500000255314e-01 3.888888468929e-01 8.314808000000e-02  1 1 1   0.00   0.00   0.00  
Cu  6.000000235675e-01 5.555555387572e-01 8.314808000000e-02  1 1 1   0.00   0.00   0.00  
Cu  5.999538249973e-01 4.457165608478e-01 1.656417249957e-01  1 1 1   0.00   0.00   0.00  
Cu  6.500331559905e-01 6.124217828624e-01 1.655929880450e-01  1 1 1   0.00   0.00   0.00  
Cu  5.998792549513e-01 3.355167774127e-01 2.480756629566e-01  1 1 1   0.00   0.00   0.00  
Cu  6.498861852066e-01 5.024236310737e-01 2.479278005279e-01  1 1 1   0.00   0.00   0.00  
Cu  7.000000274954e-01 3.333333081357e-01 0.000000000000e+00  1 1 1   0.00   0.00   0.00  
Cu  7.500000294594e-01 5.000000000000e-01 0.000000000000e+00  1 1 1   0.00   0.00   0.00  
Cu  7.500000294594e-01 3.888888468929e-01 8.314808000000e-02  1 1 1   0.00   0.00   0.00  
Cu  7.000000274954e-01 5.555555387572e-01 8.314808000000e-02  1 1 1   0.00   0.00   0.00  
Cu  6.998759748582e-01 4.457937214658e-01 1.654314772254e-01  1 1 1   0.00   0.00   0.00  
Cu  7.503123387320e-01 6.124861341428e-01 1.658721533696e-01  1 1 1   0.00   0.00   0.00  
Cu  6.996428796259e-01 3.356350871813e-01 2.479242127123e-01  1 1 1   0.00   0.00   0.00  
Cu  7.494003623460e-01 5.022554536761e-01 2.479029626243e-01  1 1 1   0.00   0.00   0.00  
Cu  8.000000314233e-01 3.333333081357e-01 0.000000000000e+00  1 1 1   0.00   0.00   0.00  
Cu  8.500000333873e-01 5.000000000000e-01 0.000000000000e+00  1 1 1   0.00   0.00   0.00  
Cu  8.500000333873e-01 3.888888468929e-01 8.314808000000e-02  1 1 1   0.00   0.00   0.00  
Cu  8.000000314233e-01 5.555555387572e-01 8.314808000000e-02  1 1 1   0.00   0.00   0.00  
Cu  7.997767864068e-01 4.456251874501e-01 1.650174354216e-01  1 1 1   0.00   0.00   0.00  
Cu  8.500957567726e-01 6.127103577284e-01 1.645948715465e-01  1 1 1   0.00   0.00   0.00  
Cu  7.993263767590e-01 3.355994522073e-01 2.478728348719e-01  1 1 1   0.00   0.00   0.00  
Cu  8.483550184709e-01 5.015445432789e-01 2.461570400182e-01  1 1 1   0.00   0.00   0.00  
Cu  9.000000353512e-01 3.333333081357e-01 0.000000000000e+00  1 1 1   0.00   0.00   0.00  
Cu  9.500000373152e-01 5.000000000000e-01 0.000000000000e+00  1 1 1   0.00   0.00   0.00  
Cu  9.500000373152e-01 3.888888468929e-01 8.314808000000e-02  1 1 1   0.00   0.00   0.00  
Cu  9.000000353512e-01 5.555555387572e-01 8.314808000000e-02  1 1 1   0.00   0.00   0.00  
Cu  9.000811116100e-01 4.458678611420e-01 1.649293379389e-01  1 1 1   0.00   0.00   0.00  
Cu  9.503253773854e-01 6.126976867521e-01 1.643783341460e-01  1 1 1   0.00   0.00   0.00  
Cu  8.994615102935e-01 3.365916993459e-01 2.488472399191e-01  1 1 1   0.00   0.00   0.00  
Cu  9.489776688736e-01 5.023066834183e-01 2.471214204188e-01  1 1 1   0.00   0.00   0.00  
Cu  0.000000000000e+00 6.666666162715e-01 0.000000000000e+00  1 1 1   0.00   0.00   0.00  
Cu  5.000000196396e-02 8.333333081357e-01 0.000000000000e+00  1 1 1   0.00   0.00   0.00  
Cu  5.000000196396e-02 7.222221550287e-01 8.314808000000e-02  1 1 1   0.00   0.00   0.00  
Cu  0.000000000000e+00 8.888888468929e-01 8.314808000000e-02  1 1 1   0.00   0.00   0.00  
Cu  0.000000000000e+00 7.792396221795e-01 1.662042720275e-01  1 1 1   0.00   0.00   0.00  
Cu  4.985332266040e-02 9.468051522119e-01 1.658880084327e-01  1 1 1   0.00   0.00   0.00  
Cu  0.000000000000e+00 6.714098586658e-01 2.482858361922e-01  1 1 1   0.00   0.00   0.00  
Cu  4.995324074882e-02 8.380602454399e-01 2.485053157793e-01  1 1 1   0.00   0.00   0.00  
Cu  1.000000039279e-01 6.666666162715e-01 0.000000000000e+00  1 1 1   0.00   0.00   0.00  
Cu  1.500000058919e-01 8.333333081357e-01 0.000000000000e+00  1 1 1   0.00   0.00   0.00  
Cu  1.500000058919e-01 7.222221550287e-01 8.314808000000e-02  1 1 1   0.00   0.00   0.00  
Cu  1.000000039279e-01 8.888888468929e-01 8.314808000000e-02  1 1 1   0.00   0.00   0.00  
Cu  9.978547798882e-02 7.801746731771e-01 1.651808064988e-01  1 1 1   0.00   0.00   0.00  
Cu  1.498785921059e-01 9.464407028606e-01 1.657917981275e-01  1 1 1   0.00   0.00   0.00  
Cu  9.989638790666e-02 6.728460974572e-01 2.454450823560e-01  1 1 1   0.00   0.00   0.00  
Cu  1.500123046127e-01 8.372290637143e-01 2.481457032234e-01  1 1 1   0.00   0.00   0.00  
Cu  2.000000078558e-01 6.666666162715e-01 0.000000000000e+00  1 1 1   0.00   0.00   0.00  
Cu  2.500000098198e-01 8.333333081357e-01 0.000000000000e+00  1 1 1   0.00   0.00   0.00  
Cu  2.500000098198e-01 7.222221550287e-01 8.314808000000e-02  1 1 1   0.00   0.00   0.00  
Cu  2.000000078558e-01 8.888888468929e-01 8.314808000000e-02  1 1 1   0.00   0.00   0.00  
Cu  1.997932361986e-01 7.788205518064e-01 1.659957373926e-01  1 1 1   0.00   0.00   0.00  
Cu  2.498625807920e-01 9.456313689857e-01 1.656299830369e-01  1 1 1   0.00   0.00   0.00  
Cu  1.993608825576e-01 6.685977702743e-01 2.490361326378e-01  1 1 1   0.00   0.00   0.00  
Cu  2.499180945063e-01 8.352414073234e-01 2.479285063101e-01  1 1 1   0.00   0.00   0.00  
Cu  3.000000117837e-01 6.666666162715e-01 0.000000000000e+00  1 1 1   0.00   0.00   0.00  
Cu  3.500000137477e-01 8.333333081357e-01 0.000000000000e+00  1 1 1   0.00   0.00   0.00  
Cu  3.500000137477e-01 7.222221550287e-01 8.314808000000e-02  1 1 1   0.00   0.00   0.00  
Cu  3.000000117837e-01 8.888888468929e-01 8.314808000000e-02  1 1 1   0.00   0.00   0.00  
Cu  3.000100896905e-01 7.790380080937e-01 1.655352663784e-01  1 1 1   0.00   0.00   0.00  
Cu  3.499720538787e-01 9.455403270051e-01 1.655125117035e-01  1 1 1   0.00   0.00   0.00  
Cu  2.997381078173e-01 6.691985152451e-01 2.480419273138e-01  1 1 1   0.00   0.00   0.00  
Cu  3.499570700970e-01 8.356259199296e-01 2.480054193185e-01  1 1 1   0.00   0.00   0.00  
Cu  4.000000157117e-01 6.666666162715e-01 0.000000000000e+00  1 1 1   0.00   0.00   0.00  
Cu  4.500000176756e-01 8.333333081357e-01 0.000000000000e+00  1 1 1   0.00   0.00   0.00  
Cu  4.500000176756e-01 7.222221550287e-01 8.314808000000e-02  1 1 1   0.00   0.00   0.00  
Cu  4.000000157117e-01 8.888888468929e-01 8.314808000000e-02  1 1 1   0.00   0.00   0.00  
Cu  4.000355313001e-01 7.790388506686e-01 1.655946055105e-01  1 1 1   0.00   0.00   0.00  
Cu  4.499954694971e-01 9.455514694859e-01 1.655527934530e-01  1 1 1   0.00   0.00   0.00  
Cu  3.998974637120e-01 6.692876460726e-01 2.480244912052e-01  1 1 1   0.00   0.00   0.00  
Cu  4.499843488065e-01 8.357936107339e-01 2.481949559132e-01  1 1 1   0.00   0.00   0.00  
Cu  5.000000196396e-01 6.666666162715e-01 0.000000000000e+00  1 1 1   0.00   0.00   0.00  
Cu  5.500000216035e-01 8.333333081357e-01 0.000000000000e+00  1 1 1   0.00   0.00   0.00  
Cu  5.500000216035e-01 7.222221550287e-01 8.314808000000e-02  1 1 1   0.00   0.00   0.00  
Cu  5.000000196396e-01 8.888888468929e-01 8.314808000000e-02  1 1 1   0.00   0.00   0.00  
Cu  5.000000196396e-01 7.790586157832e-01 1.657022050279e-01  1 1 1   0.00   0.00   0.00  
Cu  5.500045697821e-01 9.455514694859e-01 1.655527934530e-01  1 1 1   0.00   0.00   0.00  
Cu  5.000000196396e-01 6.692215179863e-01 2.481890607129e-01  1 1 1   0.00   0.00   0.00  
Cu  5.500156904727e-01 8.357936107339e-01 2.481949559132e-01  1 1 1   0.00   0.00   0.00  
Cu  6.000000235675e-01 6.666666162715e-01 0.000000000000e+00  1 1 1   0.00   0.00   0.00  
Cu  6.500000255314e-01 8.333333081357e-01 0.000000000000e+00  1 1 1   0.00   0.00   0.00  
Cu  6.500000255314e-01 7.222221550287e-01 8.314808000000e-02  1 1 1   0.00   0.00   0.00  
Cu  6.000000235675e-01 8.888888468929e-01 8.314808000000e-02  1 1 1   0.00   0.00   0.00  
Cu  5.999645079791e-01 7.790388506686e-01 1.655946055105e-01  1 1 1   0.00   0.00   0.00  
Cu  6.500279854005e-01 9.455403270051e-01 1.655125117035e-01  1 1 1   0.00   0.00   0.00  
Cu  6.001025755671e-01 6.692876460726e-01 2.480244912052e-01  1 1 1   0.00   0.00   0.00  
Cu  6.500429691822e-01 8.356259199296e-01 2.480054193185e-01  1 1 1   0.00   0.00   0.00  
Cu  7.000000274954e-01 6.666666162715e-01 0.000000000000e+00  1 1 1   0.00   0.00   0.00  
Cu  7.500000294594e-01 8.333333081357e-01 0.000000000000e+00  1 1 1   0.00   0.00   0.00  
Cu  7.500000294594e-01 7.222221550287e-01 8.314808000000e-02  1 1 1   0.00   0.00   0.00  
Cu  7.000000274954e-01 8.888888468929e-01 8.314808000000e-02  1 1 1   0.00   0.00   0.00  
Cu  6.999899495887e-01 7.790380080937e-01 1.655352663784e-01  1 1 1   0.00   0.00   0.00  
Cu  7.501374584871e-01 9.456313689857e-01 1.656299830369e-01  1 1 1   0.00   0.00   0.00  
Cu  7.002619314619e-01 6.691985152451e-01 2.480419273138e-01  1 1 1   0.00   0.00   0.00  
Cu  7.500819447728e-01 8.352414073234e-01 2.479285063101e-01  1 1 1   0.00   0.00   0.00  
Cu  8.000000314233e-01 6.666666162715e-01 0.000000000000e+00  1 1 1   0.00   0.00   0.00  
Cu  8.500000333873e-01 8.333333081357e-01 0.000000000000e+00  1 1 1   0.00   0.00   0.00  
Cu  8.500000333873e-01 7.222221550287e-01 8.314808000000e-02  1 1 1   0.00   0.00   0.00  
Cu  8.000000314233e-01 8.888888468929e-01 8.314808000000e-02  1 1 1   0.00   0.00   0.00  
Cu  8.002068030805e-01 7.788205518064e-01 1.659957373926e-01  1 1 1   0.00   0.00   0.00  
Cu  8.501214471733e-01 9.464407028606e-01 1.657917981275e-01  1 1 1   0.00   0.00   0.00  
Cu  8.006391567216e-01 6.685977702743e-01 2.490361326378e-01  1 1 1   0.00   0.00   0.00  
Cu  8.499877346665e-01 8.372290637143e-01 2.481457032234e-01  1 1 1   0.00   0.00   0.00  
Cu  9.000000353512e-01 6.666666162715e-01 0.000000000000e+00  1 1 1   0.00   0.00   0.00  
Cu  9.500000373152e-01 8.333333081357e-01 0.000000000000e+00  1 1 1   0.00   0.00   0.00  
Cu  9.500000373152e-01 7.222221550287e-01 8.314808000000e-02  1 1 1   0.00   0.00   0.00  
Cu  9.000000353512e-01 8.888888468929e-01 8.314808000000e-02  1 1 1   0.00   0.00   0.00  
Cu  9.002145612903e-01 7.801746731771e-01 1.651808064988e-01  1 1 1   0.00   0.00   0.00  
Cu  9.501467166188e-01 9.468051522119e-01 1.658880084327e-01  1 1 1   0.00   0.00   0.00  
Cu  9.001036513725e-01 6.728460974572e-01 2.454450823560e-01  1 1 1   0.00   0.00   0.00  
Cu  9.500467985303e-01 8.380602454399e-01 2.485053157793e-01  1 1 1   0.00   0.00   0.00  
Cu  0.000000000000e+00 5.552645756261e-01 3.234650962133e-01  1 1 1   0.00   0.00   0.00  
Cu  8.959038056049e-01 5.658560910592e-01 3.214823631438e-01  1 1 1   0.00   0.00   0.00  
Cu  1.040961943951e-01 5.658560910592e-01 3.214823631438e-01  1 1 1   0.00   0.00   0.00  
C  0.000000000000e+00 1.077580959697e-01 4.023130350321e-01  1 1 1   0.00   0.00   0.00  
C  4.775133771270e-02 5.144176405543e-02 4.010272111700e-01  1 1 1   0.00   0.00   0.00  
C  4.777046687514e-02 9.416816052877e-01 4.016916944348e-01  1 1 1   0.00   0.00   0.00  
C  0.000000000000e+00 8.853653165416e-01 4.035853136517e-01  1 1 1   0.00   0.00   0.00  
C  9.522295331249e-01 9.416816052877e-01 4.016916944348e-01  1 1 1   0.00   0.00   0.00  
C  9.522486622873e-01 5.144176405543e-02 4.010272111700e-01  1 1 1   0.00   0.00   0.00  
C  0.000000000000e+00 2.179695809077e-01 4.032389376826e-01  1 1 1   0.00   0.00   0.00  
C  4.828554593481e-02 2.735005162588e-01 4.030334924055e-01  1 1 1   0.00   0.00   0.00  
C  9.594157036339e-02 2.164018554937e-01 3.990646610688e-01  1 1 1   0.00   0.00   0.00  
C  9.577630894076e-02 1.069570576734e-01 3.979169950761e-01  1 1 1   0.00   0.00   0.00  
C  1.434910718204e-01 5.120749771297e-02 3.930770719038e-01  1 1 1   0.00   0.00   0.00  
C  1.435081987771e-01 9.422419741343e-01 3.933235482987e-01  1 1 1   0.00   0.00   0.00  
C  9.583683322411e-02 8.863000435018e-01 3.987957932890e-01  1 1 1   0.00   0.00   0.00  
C  9.604681789341e-02 7.767939879813e-01 4.002291302624e-01  1 1 1   0.00   0.00   0.00  
C  4.841838999412e-02 7.196373438628e-01 4.051640454068e-01  1 1 1   0.00   0.00   0.00  
C  0.000000000000e+00 7.749856977416e-01 4.055286063428e-01  1 1 1   0.00   0.00   0.00  
C  9.515816100059e-01 7.196373438628e-01 4.051640454068e-01  1 1 1   0.00   0.00   0.00  
C  9.039531821066e-01 7.767939879813e-01 4.002291302624e-01  1 1 1   0.00   0.00   0.00  
C  9.041631667759e-01 8.863000435018e-01 3.987957932890e-01  1 1 1   0.00   0.00   0.00  
C  8.564918012229e-01 9.422419741343e-01 3.933235482987e-01  1 1 1   0.00   0.00   0.00  
C  8.565089281796e-01 5.120749771297e-02 3.930770719038e-01  1 1 1   0.00   0.00   0.00  
C  9.042236910592e-01 1.069570576734e-01 3.979169950761e-01  1 1 1   0.00   0.00   0.00  
C  9.040584296366e-01 2.164018554937e-01 3.990646610688e-01  1 1 1   0.00   0.00   0.00  
C  9.517144540652e-01 2.735005162588e-01 4.030334924055e-01  1 1 1   0.00   0.00   0.00  
C  9.514103731837e-01 3.838571985379e-01 4.052448687509e-01  1 1 1   0.00   0.00   0.00  
C  0.000000000000e+00 4.390664372353e-01 4.072078752209e-01  1 1 1   0.00   0.00   0.00  
C  4.858962681629e-02 3.838571985379e-01 4.052448687509e-01  1 1 1   0.00   0.00   0.00  
C  9.843920598166e-02 4.376535022164e-01 4.034379588105e-01  1 1 1   0.00   0.00   0.00  
C  1.441901491226e-01 3.791886825448e-01 3.982316967563e-01  1 1 1   0.00   0.00   0.00  
C  1.446520264141e-01 2.704801215336e-01 3.956019717764e-01  1 1 1   0.00   0.00   0.00  
C  1.913917576471e-01 2.130781700692e-01 3.891054036321e-01  1 1 1   0.00   0.00   0.00  
C  1.917649924075e-01 1.064991425959e-01 3.878502645544e-01  1 1 1   0.00   0.00   0.00  
C  2.392334236506e-01 4.861642955363e-02 3.814040800030e-01  1 1 1   0.00   0.00   0.00  
C  2.391887332795e-01 9.447798940224e-01 3.812803748330e-01  1 1 1   0.00   0.00   0.00  
C  1.917045030646e-01 8.870490228963e-01 3.877808495634e-01  1 1 1   0.00   0.00   0.00  
C  1.912209201636e-01 7.802387156003e-01 3.883036561538e-01  1 1 1   0.00   0.00   0.00  
C  1.447152850047e-01 7.230718259467e-01 3.948651152357e-01  1 1 1   0.00   0.00   0.00  
C  1.444368673202e-01 6.129346472573e-01 3.946892733231e-01  1 1 1   0.00   0.00   0.00  
C  9.845525522831e-02 5.526476458638e-01 4.033095576565e-01  1 1 1   0.00   0.00   0.00  
C  4.870296564291e-02 6.083695256592e-01 4.063912822135e-01  1 1 1   0.00   0.00   0.00  
C  0.000000000000e+00 5.517779650433e-01 4.082248157893e-01  1 1 1   0.00   0.00   0.00  
C  9.512970343571e-01 6.083695256592e-01 4.063912822135e-01  1 1 1   0.00   0.00   0.00  
C  9.015447447717e-01 5.526476458638e-01 4.033095576565e-01  1 1 1   0.00   0.00   0.00  
C  8.555631326798e-01 6.129346472573e-01 3.946892733231e-01  1 1 1   0.00   0.00   0.00  
C  8.552847149953e-01 7.230718259467e-01 3.948651152357e-01  1 1 1   0.00   0.00   0.00  
C  8.087790798364e-01 7.802387156003e-01 3.883036561538e-01  1 1 1   0.00   0.00   0.00  
C  8.082954969354e-01 8.870490228963e-01 3.877808495634e-01  1 1 1   0.00   0.00   0.00  
C  7.608112667205e-01 9.447798940224e-01 3.812803748330e-01  1 1 1   0.00   0.00   0.00  
C  7.607665763494e-01 4.861642955363e-02 3.814040800030e-01  1 1 1   0.00   0.00   0.00  
C  8.082350075925e-01 1.064991425959e-01 3.878502645544e-01  1 1 1   0.00   0.00   0.00  
C  8.086082423529e-01 2.130781700692e-01 3.891054036321e-01  1 1 1   0.00   0.00   0.00  
C  8.553479735859e-01 2.704801215336e-01 3.956019717764e-01  1 1 1   0.00   0.00   0.00  
C  8.558098508774e-01 3.791886825448e-01 3.982316967563e-01  1 1 1   0.00   0.00   0.00  
C  9.015607940183e-01 4.376535022164e-01 4.034379588105e-01  1 1 1   0.00   0.00   0.00  
H  1.824196969186e-01 4.166503268493e-01 3.955355084402e-01  1 1 1   0.00   0.00   0.00  
H  2.289099360864e-01 2.530287507195e-01 3.852526164972e-01  1 1 1   0.00   0.00   0.00  
H  2.763699194558e-01 8.939528141028e-02 3.766931852433e-01  1 1 1   0.00   0.00   0.00  
H  2.762753763965e-01 9.039382948508e-01 3.764116138990e-01  1 1 1   0.00   0.00   0.00  
H  2.286170481829e-01 7.403272133667e-01 3.833293417832e-01  1 1 1   0.00   0.00   0.00  
H  1.829187343389e-01 5.762386559882e-01 3.935352069686e-01  1 1 1   0.00   0.00   0.00  
H  8.170812656611e-01 5.762386559882e-01 3.935352069686e-01  1 1 1   0.00   0.00   0.00  
H  7.713829518171e-01 7.403272133667e-01 3.833293417832e-01  1 1 1   0.00   0.00   0.00  
H  7.237246236035e-01 9.039382948508e-01 3.764116138990e-01  1 1 1   0.00   0.00   0.00  
H  7.236300805442e-01 8.939528141028e-02 3.766931852433e-01  1 1 1   0.00   0.00   0.00  
H  7.710900639136e-01 2.530287507195e-01 3.852526164972e-01  1 1 1   0.00   0.00   0.00  
H  8.175803030814e-01 4.166503268493e-01 3.955355084402e-01  1 1 1   0.00   0.00   0.00  
"  
