
  &&electric field:  0.000000  0.000004  0.000000 
  0.000000       -0.5773702105       -0.0765337666       -0.8156088873 
  0.200000       -0.5773615672       -0.0764925158       -0.8158247084 
  0.400000       -0.5773443471       -0.0764900971       -0.8162488528 
  0.600000       -0.5773190864       -0.0765243017       -0.8168695276 
  0.800000       -0.5772865722       -0.0765915231       -0.8176703636 
  1.000000       -0.5772478012       -0.0766871553       -0.8186316508 
  1.200000       -0.5772039719       -0.0768059936       -0.8197315213 
  1.400000       -0.5771565114       -0.0769425541       -0.8209469015 
  1.600000       -0.5771071028       -0.0770912830       -0.8222541507 
  1.800000       -0.5770576728       -0.0772466349       -0.8236294177 
  2.000000       -0.5770102977       -0.0774030514       -0.8250488323 
  2.200000       -0.5769670189       -0.0775548951       -0.8264887078 
  2.400000       -0.5769295962       -0.0776964056       -0.8279258719 
  2.600000       -0.5768992624       -0.0778217182       -0.8293381421 
  2.800000       -0.5768765612       -0.0779249708       -0.8307049005 
  3.000000       -0.5768613201       -0.0780004929       -0.8320076366 
  3.200000       -0.5768527647       -0.0780430280       -0.8332303054 
  3.400000       -0.5768497337       -0.0780479609       -0.8343594196 
  3.600000       -0.5768509099       -0.0780114983       -0.8353838585 
  3.800000       -0.5768549717       -0.0779307847       -0.8362944683 
  4.000000       -0.5768606129       -0.0778039671       -0.8370836390 
  4.200000       -0.5768664248       -0.0776302558       -0.8377450405 
  4.400000       -0.5768707129       -0.0774100002       -0.8382736181 
  4.600000       -0.5768713601       -0.0771448060       -0.8386659137 
  4.800000       -0.5768658482       -0.0768376862       -0.8389206273 
  5.000000       -0.5768514822       -0.0764931914       -0.8390392193 
  5.200000       -0.5768257991       -0.0761174617       -0.8390263710 
  5.400000       -0.5767870534       -0.0757181150       -0.8388901321 
  5.600000       -0.5767346165       -0.0753039294       -0.8386416609 
  5.800000       -0.5766691340       -0.0748843175       -0.8382945872 
  6.000000       -0.5765923774       -0.0744686616       -0.8378641327 
  6.200000       -0.5765068101       -0.0740656210       -0.8373661785 
  6.400000       -0.5764149989       -0.0736825487       -0.8368164712 
  6.600000       -0.5763190505       -0.0733251206       -0.8362300873 
  6.800000       -0.5762202524       -0.0729972277       -0.8356211825 
  7.000000       -0.5761190212       -0.0727011218       -0.8350029681 
  7.200000       -0.5760151461       -0.0724377288       -0.8343877943 
  7.400000       -0.5759082180       -0.0722070235       -0.8337872163 
  7.600000       -0.5757980692       -0.0720083470       -0.8332119570 
  7.800000       -0.5756850465       -0.0718405906       -0.8326717397 
  8.000000       -0.5755700226       -0.0717022322       -0.8321750434 
  8.200000       -0.5754541538       -0.0715912712       -0.8317288707 
  8.400000       -0.5753385077       -0.0715051431       -0.8313386191 
  8.600000       -0.5752237351       -0.0714406991       -0.8310081129 
  8.800000       -0.5751099582       -0.0713943044       -0.8307397873 
  9.000000       -0.5749969395       -0.0713620475       -0.8305349533 
  9.200000       -0.5748844970       -0.0713400065       -0.8303940378 
  9.400000       -0.5747730049       -0.0713244843       -0.8303166993 
  9.600000       -0.5746637712       -0.0713121340       -0.8303017548 
  9.800000       -0.5745591182       -0.0712999410       -0.8303469374 
  10.000000       -0.5744620867       -0.0712850839       -0.8304485608 
  10.200000       -0.5743758197       -0.0712647431       -0.8306012126 
  10.400000       -0.5743028155       -0.0712359645       -0.8307976073 
  10.600000       -0.5742442900       -0.0711956561       -0.8310286852 
  10.800000       -0.5741998604       -0.0711407641       -0.8312839938 
  11.000000       -0.5741676655       -0.0710686062       -0.8315523037 
  11.200000       -0.5741448702       -0.0709772536       -0.8318223468 
  11.400000       -0.5741283819       -0.0708658466       -0.8320835430 
  11.600000       -0.5741155227       -0.0707347249       -0.8323265823 
  11.800000       -0.5741044414       -0.0705853329       -0.8325437934 
  12.000000       -0.5740941439       -0.0704199183       -0.8327292810 
  12.200000       -0.5740841724       -0.0702411208       -0.8328788716 
  12.400000       -0.5740740986       -0.0700515806       -0.8329899451 
  12.600000       -0.5740630472       -0.0698536857       -0.8330612316 
  12.800000       -0.5740494578       -0.0696495288       -0.8330926329 
  13.000000       -0.5740311790       -0.0694410602       -0.8330850871 
  13.200000       -0.5740058671       -0.0692303543       -0.8330404646 
  13.400000       -0.5739715276       -0.0690198756       -0.8329614618 
  13.600000       -0.5739269882       -0.0688126273       -0.8328514563 
  13.800000       -0.5738721130       -0.0686121158       -0.8327143066 
  14.000000       -0.5738076817       -0.0684221259       -0.8325541093 
  14.200000       -0.5737349881       -0.0682463898       -0.8323749593 
  14.400000       -0.5736553284       -0.0680882488       -0.8321807697 
  14.600000       -0.5735695911       -0.0679504160       -0.8319751976 
  14.800000       -0.5734781220       -0.0678348838       -0.8317616948 
  15.000000       -0.5733809308       -0.0677429761       -0.8315436608 
  15.200000       -0.5732781643       -0.0676754719       -0.8313246445 
  15.400000       -0.5731706680       -0.0676327080       -0.8311085259 
  15.600000       -0.5730604084       -0.0676145795       -0.8308995989 
  15.800000       -0.5729505724       -0.0676204134       -0.8307025230 
  16.000000       -0.5728452721       -0.0676487509       -0.8305221306 
  16.200000       -0.5727489308       -0.0676971301       -0.8303631324 
  16.400000       -0.5726655418       -0.0677619829       -0.8302297856 
  16.600000       -0.5725980342       -0.0678387285       -0.8301256006 
  16.800000       -0.5725479416       -0.0679221031       -0.8300531523 
  17.000000       -0.5725154559       -0.0680066607       -0.8300140132 
  17.200000       -0.5724998156       -0.0680873362       -0.8300087968 
  17.400000       -0.5724998696       -0.0681599344       -0.8300372658 
  17.600000       -0.5725145949       -0.0682214234       -0.8300984428 
  17.800000       -0.5725434008       -0.0682699806       -0.8301906809 
  18.000000       -0.5725861338       -0.0683048284       -0.8303116759 
  18.200000       -0.5726428372       -0.0683259459       -0.8304584370 
  18.400000       -0.5727133961       -0.0683337737       -0.8306272514 
  18.600000       -0.5727972453       -0.0683290208       -0.8308136983 
  18.800000       -0.5728932722       -0.0683126126       -0.8310127412 
  19.000000       -0.5729999649       -0.0682857664       -0.8312189147 
  19.200000       -0.5731157398       -0.0682501114       -0.8314265747 
  19.400000       -0.5732393029       -0.0682077544       -0.8316301695 
  19.600000       -0.5733698902       -0.0681612225       -0.8318244717 
  19.800000       -0.5735072631       -0.0681132445       -0.8320047264 
  20.000000       -0.5736514377       -0.0680664302       -0.8321667065 
  20.200000       -0.5738022373       -0.0680229364       -0.8323066993 
  20.400000       -0.5739588257       -0.0679842317       -0.8324214768 
  20.600000       -0.5741193956       -0.0679510379       -0.8325083111 
  20.800000       -0.5742811240       -0.0679234612       -0.8325650548 
  21.000000       -0.5744404304       -0.0679012623       -0.8325902983 
  21.200000       -0.5745934558       -0.0678841596       -0.8325835573 
  21.400000       -0.5747366136       -0.0678720669       -0.8325454341 
  21.600000       -0.5748670481       -0.0678651826       -0.8324776892 
  21.800000       -0.5749828687       -0.0678639054       -0.8323831682 
  22.000000       -0.5750831253       -0.0678686207       -0.8322655797 
  22.200000       -0.5751675776       -0.0678794580       -0.8321291652 
  22.400000       -0.5752363773       -0.0678961170       -0.8319783400 
  22.600000       -0.5752898042       -0.0679178416       -0.8318173938 
  22.800000       -0.5753281598       -0.0679435619       -0.8316503279 
  23.000000       -0.5753518430       -0.0679721539       -0.8314808421 
  23.200000       -0.5753615548       -0.0680027223       -0.8313124450 
  23.400000       -0.5753585230       -0.0680347984       -0.8311486055 
  23.600000       -0.5753446338       -0.0680683850       -0.8309928613 
  23.800000       -0.5753223891       -0.0681038319       -0.8308488049 
  24.000000       -0.5752946806       -0.0681415853       -0.8307199119 
  24.200000       -0.5752644439       -0.0681819145       -0.8306092736 
  24.400000       -0.5752343049       -0.0682247093       -0.8305193112 
  24.600000       -0.5752063200       -0.0682694290       -0.8304515572 
  24.800000       -0.5751818852       -0.0683152056       -0.8304065824 
  25.000000       -0.5751618205       -0.0683610613       -0.8303841012 
  25.200000       -0.5751465750       -0.0684061565       -0.8303832167 
  25.400000       -0.5751364559       -0.0684499669       -0.8304027229 
  25.600000       -0.5751317854       -0.0684923239       -0.8304413451 
  25.800000       -0.5751329257       -0.0685333106       -0.8304978413 
  26.000000       -0.5751401685       -0.0685730643       -0.8305709390 
  26.200000       -0.5751535342       -0.0686115640       -0.8306591295 
  26.400000       -0.5751725669       -0.0686484834       -0.8307604141 
  26.600000       -0.5751962095       -0.0686831828       -0.8308721193 
  26.800000       -0.5752228106       -0.0687148449       -0.8309908741 
  27.000000       -0.5752502613       -0.0687427084       -0.8311127763 
  27.200000       -0.5752762309       -0.0687663204       -0.8312337195 
  27.400000       -0.5752984301       -0.0687857191       -0.8313497843 
  27.600000       -0.5753148300       -0.0688014933       -0.8314575768 
  27.800000       -0.5753237827       -0.0688146964       -0.8315544011 
  28.000000       -0.5753240357       -0.0688266502       -0.8316382339 
  28.200000       -0.5753146665       -0.0688387154       -0.8317075406 
  28.400000       -0.5752949855       -0.0688520935       -0.8317610045 
  28.600000       -0.5752644635       -0.0688677205       -0.8317973038 
  28.800000       -0.5752227178       -0.0688862712       -0.8318150613 
  29.000000       -0.5751695665       -0.0689082423       -0.8318130039 
  29.200000       -0.5751051272       -0.0689340605       -0.8317903008 
  29.400000       -0.5750299175       -0.0689641451       -0.8317469702 
  29.600000       -0.5749449156       -0.0689988971       -0.8316842135 
  29.800000       -0.5748515384       -0.0690385960       -0.8316045450 
  30.000000       -0.5747515447       -0.0690832506       -0.8315116577 
  30.200000       -0.5746468674       -0.0691324478       -0.8314100400 
  30.400000       -0.5745394125       -0.0691852765       -0.8313044451 
  30.600000       -0.5744308648       -0.0692403609       -0.8311993613 
  30.800000       -0.5743225472       -0.0692960156       -0.8310986240 
  31.000000       -0.5742153481       -0.0693504821       -0.8310052633 
  31.200000       -0.5741097342       -0.0694021970       -0.8309215902 
  31.400000       -0.5740058275       -0.0694500082       -0.8308494465 
  31.600000       -0.5739035331       -0.0694932961       -0.8307904855 
  31.800000       -0.5738026828       -0.0695319783       -0.8307463721 
  32.000000       -0.5737031751       -0.0695664075       -0.8307188134 
  32.200000       -0.5736050825       -0.0695972084       -0.8307094150 
  32.400000       -0.5735087141       -0.0696250969       -0.8307194228 
  32.600000       -0.5734146276       -0.0696507398       -0.8307494677 
  32.800000       -0.5733235948       -0.0696746615       -0.8307994043 
  33.000000       -0.5732365423       -0.0696972169       -0.8308683205 
  33.200000       -0.5731544903       -0.0697186116       -0.8309547192 
  33.400000       -0.5730784997       -0.0697389371       -0.8310568048 
  33.600000       -0.5730096419       -0.0697582053       -0.8311727678 
  33.800000       -0.5729489738       -0.0697763571       -0.8313009560 
  34.000000       -0.5728975058       -0.0697932537       -0.8314398615 
  34.200000       -0.5728561395       -0.0698086612       -0.8315879364 
  34.400000       -0.5728255706       -0.0698222503       -0.8317433031 
  34.600000       -0.5728061537       -0.0698336231       -0.8319034734 
  34.800000       -0.5727977657       -0.0698423743       -0.8320651849 
  35.000000       -0.5727997045       -0.0698481815       -0.8322244515 
  35.200000       -0.5728106748       -0.0698509055       -0.8323768301 
  35.400000       -0.5728288842       -0.0698506724       -0.8325178417 
  35.600000       -0.5728522527       -0.0698479151       -0.8326434360 
  35.800000       -0.5728787034       -0.0698433629       -0.8327503832 
  36.000000       -0.5729064667       -0.0698379792       -0.8328365016 
  36.200000       -0.5729343218       -0.0698328582       -0.8329006802 
  36.400000       -0.5729617197       -0.0698291045       -0.8329427241 
  36.600000       -0.5729887538       -0.0698277217       -0.8329630995 
  36.800000       -0.5730159965       -0.0698295400       -0.8329626738 
  37.000000       -0.5730442547       -0.0698351898       -0.8329425235 
  37.200000       -0.5730743202       -0.0698451216       -0.8329038576 
  37.400000       -0.5731067838       -0.0698596618       -0.8328480430 
  37.600000       -0.5731419596       -0.0698790756       -0.8327766829 
  37.800000       -0.5731799254       -0.0699036260       -0.8326916951 
  38.000000       -0.5732206382       -0.0699335969       -0.8325953357 
  38.200000       -0.5732640676       -0.0699692826       -0.8324901520 
  38.400000       -0.5733102786       -0.0700109336       -0.8323788700 
  38.600000       -0.5733594312       -0.0700586785       -0.8322642539 
  38.800000       -0.5734116987       -0.0701124401       -0.8321489793 
  39.000000       -0.5734671522       -0.0701718725       -0.8320355507 
  39.200000       -0.5735256720       -0.0702363350       -0.8319262759 
  39.400000       -0.5735869414       -0.0703049162       -0.8318232790 
  39.600000       -0.5736505406       -0.0703764997       -0.8317285220 
  39.800000       -0.5737161259       -0.0704498641       -0.8316438245 
  40.000000       -0.5737836296       -0.0705237852       -0.8315708515 
  40.200000       -0.5738533936       -0.0705971252       -0.8315110515 
  40.400000       -0.5739261794       -0.0706688858       -0.8314655659 
  40.600000       -0.5740030212       -0.0707382291       -0.8314351282 
  40.800000       -0.5740849569       -0.0708044660       -0.8314199777 
  41.000000       -0.5741727183       -0.0708670282       -0.8314198019 
  41.200000       -0.5742664735       -0.0709254412       -0.8314337232 
  41.400000       -0.5743657066       -0.0709793078       -0.8314603217 
  41.600000       -0.5744692834       -0.0710282983       -0.8314976953 
  41.800000       -0.5745756732       -0.0710721402       -0.8315435520 
  42.000000       -0.5746832547       -0.0711105960       -0.8315953296 
  42.200000       -0.5747906113       -0.0711434167       -0.8316503318 
  42.400000       -0.5748967263       -0.0711702754       -0.8317058756 
  42.600000       -0.5750010287       -0.0711906961       -0.8317594297 
  42.800000       -0.5751032960       -0.0712040070       -0.8318087253 
  43.000000       -0.5752034715       -0.0712093308       -0.8318518188 
  43.200000       -0.5753014761       -0.0712056383       -0.8318870954 
  43.400000       -0.5753970878       -0.0711918620       -0.8319132231 
  43.600000       -0.5754899307       -0.0711670522       -0.8319290834 
  43.800000       -0.5755795663       -0.0711305477       -0.8319337053 
  44.000000       -0.5756656275       -0.0710821221       -0.8319262576 
  44.200000       -0.5757479313       -0.0710220847       -0.8319061243 
  44.400000       -0.5758265027       -0.0709512989       -0.8318730270 
  44.600000       -0.5759014920       -0.0708711315       -0.8318271687 
  44.800000       -0.5759730098       -0.0707833365       -0.8317693463 
  45.000000       -0.5760409457       -0.0706899205       -0.8317009796 
  45.200000       -0.5761048539       -0.0705930060       -0.8316240231 
  45.400000       -0.5761639600       -0.0704947130       -0.8315407615 
  45.600000       -0.5762173015       -0.0703970719       -0.8314535342 
  45.800000       -0.5762639674       -0.0703019601       -0.8313644676 
  46.000000       -0.5763033623       -0.0702110560       -0.8312752880 
  46.200000       -0.5763354078       -0.0701257984       -0.8311872720 
  46.400000       -0.5763606127       -0.0700473486       -0.8311013475 
  46.600000       -0.5763799898       -0.0699765600       -0.8310183006 
  46.800000       -0.5763948464       -0.0699139616       -0.8309390218 
  47.000000       -0.5764065251       -0.0698597734       -0.8308646974 
  47.200000       -0.5764161764       -0.0698139479       -0.8307968816 
  47.400000       -0.5764246289       -0.0697762433       -0.8307374216 
  47.600000       -0.5764323779       -0.0697463018       -0.8306882663 
  47.800000       -0.5764396682       -0.0697237128       -0.8306512186 
  48.000000       -0.5764466203       -0.0697080384       -0.8306277162 
  48.200000       -0.5764533321       -0.0696987917       -0.8306186999 
  48.400000       -0.5764599104       -0.0696953831       -0.8306245988 
  48.600000       -0.5764664228       -0.0696970536       -0.8306454050 
  48.800000       -0.5764728025       -0.0697028224       -0.8306807792 
  49.000000       -0.5764787551       -0.0697114751       -0.8307301164 
  49.200000       -0.5764837229       -0.0697216006       -0.8307925209 
  49.400000       -0.5764869392       -0.0697316742       -0.8308666871 
  49.600000       -0.5764875670       -0.0697401696       -0.8309507318 
  49.800000       -0.5764848798       -0.0697456722       -0.8310420586 
  50.000000       -0.5764784268       -0.0697469747       -0.8311373437 
  50.200000       -0.5764681215       -0.0697431349       -0.8312326970 
  50.400000       -0.5764542289       -0.0697335044       -0.8313239975 
  50.600000       -0.5764372484       -0.0697177326       -0.8314073447 
  50.800000       -0.5764177475       -0.0696957657       -0.8314795195 
  51.000000       -0.5763962048       -0.0696678445       -0.8315383329 
  51.200000       -0.5763729150       -0.0696345077       -0.8315827762 
  51.400000       -0.5763479881       -0.0695965814       -0.8316129365 
  51.600000       -0.5763214294       -0.0695551496       -0.8316297164 
  51.800000       -0.5762932671       -0.0695114860       -0.8316344471 
  52.000000       -0.5762636669       -0.0694669493       -0.8316285092 
  52.200000       -0.5762329899       -0.0694228592       -0.8316130606 
  52.400000       -0.5762017706       -0.0693803728       -0.8315889289 
  52.600000       -0.5761706237       -0.0693403962       -0.8315566584 
  52.800000       -0.5761401218       -0.0693035527       -0.8315166637 
  53.000000       -0.5761106926       -0.0692702225       -0.8314694076 
  53.200000       -0.5760825795       -0.0692406397       -0.8314155323 
  53.400000       -0.5760558742       -0.0692150221       -0.8313559045 
  53.600000       -0.5760306061       -0.0691936925       -0.8312915805 
  53.800000       -0.5760068398       -0.0691771597       -0.8312237270 
  54.000000       -0.5759847377       -0.0691661403       -0.8311535573 
  54.200000       -0.5759645549       -0.0691615211       -0.8310823190 
  54.400000       -0.5759465661       -0.0691642884       -0.8310113511 
  54.600000       -0.5759309495       -0.0691754433       -0.8309421761 
  54.800000       -0.5759176778       -0.0691959361       -0.8308765782 
  55.000000       -0.5759064597       -0.0692266281       -0.8308166098 
  55.200000       -0.5758967632       -0.0692682742       -0.8307644873 
  55.400000       -0.5758879158       -0.0693215120       -0.8307223830 
  55.600000       -0.5758792516       -0.0693868318       -0.8306921515 
  55.800000       -0.5758702531       -0.0694645165       -0.8306750623 
  56.000000       -0.5758606454       -0.0695545538       -0.8306716142 
  56.200000       -0.5758504059       -0.0696565369       -0.8306814785 
  56.400000       -0.5758396956       -0.0697695932       -0.8307035837 
  56.600000       -0.5758287366       -0.0698923647       -0.8307363120 
  56.800000       -0.5758176847       -0.0700230662       -0.8307777441 
  57.000000       -0.5758065367       -0.0701596168       -0.8308258930 
  57.200000       -0.5757950980       -0.0702998182       -0.8308788621 
  57.400000       -0.5757830095       -0.0704415398       -0.8309349024 
  57.600000       -0.5757698168       -0.0705828718       -0.8309924028 
  57.800000       -0.5757550460       -0.0707222175       -0.8310498409 
  58.000000       -0.5757382541       -0.0708583118       -0.8311057349 
  58.200000       -0.5757190370       -0.0709901840       -0.8311586307 
  58.400000       -0.5756970006       -0.0711170884       -0.8312071270 
  58.600000       -0.5756717222       -0.0712384382       -0.8312499259 
  58.800000       -0.5756427284       -0.0713537691       -0.8312858902 
  59.000000       -0.5756095200       -0.0714627343       -0.8313140837 
  59.200000       -0.5755716469       -0.0715651313       -0.8313337873 
  59.400000       -0.5755288159       -0.0716609264       -0.8313444969 
  59.600000       -0.5754809974       -0.0717502592       -0.8313459229 
  59.800000       -0.5754284913       -0.0718334138       -0.8313380092 
  60.000000       -0.5753719268       -0.0719107564       -0.8313209787 
  60.200000       -0.5753121868       -0.0719826642       -0.8312953976 
  60.400000       -0.5752502772       -0.0720494695       -0.8312622259 
  60.600000       -0.5751871765       -0.0721114462       -0.8312228263 
  60.800000       -0.5751237055       -0.0721688431       -0.8311789039 
  61.000000       -0.5750604503       -0.0722219593       -0.8311323757 
  61.200000       -0.5749977518       -0.0722712284       -0.8310851878 
  61.400000       -0.5749357566       -0.0723172823       -0.8310391325 
  61.600000       -0.5748745086       -0.0723609634       -0.8309957250 
  61.800000       -0.5748140428       -0.0724032691       -0.8309561428 
  62.000000       -0.5747544589       -0.0724452380       -0.8309212510 
  62.200000       -0.5746959671       -0.0724878130       -0.8308917042 
  62.400000       -0.5746389019       -0.0725317091       -0.8308680735 
  62.600000       -0.5745837145       -0.0725773216       -0.8308509475 
  62.800000       -0.5745309604       -0.0726246954       -0.8308409760 
  63.000000       -0.5744812856       -0.0726735557       -0.8308388348 
  63.200000       -0.5744354135       -0.0727233749       -0.8308451365 
  63.400000       -0.5743941238       -0.0727734571       -0.8308603200 
  63.600000       -0.5743582116       -0.0728230102       -0.8308845615 
  63.800000       -0.5743284289       -0.0728711960       -0.8309177418 
  64.000000       -0.5743054015       -0.0729171553       -0.8309594688 
  64.200000       -0.5742895421       -0.0729600225       -0.8310091394 
  64.400000       -0.5742809756       -0.0729989436       -0.8310660015 
  64.600000       -0.5742794978       -0.0730331110       -0.8311291850 
  64.800000       -0.5742845789       -0.0730618152       -0.8311976834 
  65.000000       -0.5742954195       -0.0730845007       -0.8312703019 
  65.200000       -0.5743110434       -0.0731008084       -0.8313456011 
  65.400000       -0.5743304090       -0.0731105848       -0.8314218843 
  65.600000       -0.5743525167       -0.0731138497       -0.8314972617 
  65.800000       -0.5743764907       -0.0731107224       -0.8315697992 
  66.000000       -0.5744016297       -0.0731013352       -0.8316377241 
  66.200000       -0.5744274155       -0.0730857498       -0.8316996358 
  66.400000       -0.5744534992       -0.0730639112       -0.8317546547 
  66.600000       -0.5744796604       -0.0730356473       -0.8318024600 
  66.800000       -0.5745057602       -0.0730007184       -0.8318431970 
  67.000000       -0.5745316846       -0.0729588996       -0.8318772795 
  67.200000       -0.5745572907       -0.0729100675       -0.8319051416 
  67.400000       -0.5745823499       -0.0728542701       -0.8319270191 
  67.600000       -0.5746065002       -0.0727917565       -0.8319428190 
  67.800000       -0.5746292173       -0.0727229646       -0.8319521194 
  68.000000       -0.5746498075       -0.0726484774       -0.8319542900 
  68.200000       -0.5746674396       -0.0725689665       -0.8319487043 
  68.400000       -0.5746812136       -0.0724851391       -0.8319349593 
  68.600000       -0.5746902608       -0.0723977039       -0.8319130397 
  68.800000       -0.5746938567       -0.0723073526       -0.8318834062 
  69.000000       -0.5746915289       -0.0722147616       -0.8318469925 
  69.200000       -0.5746831268       -0.0721205900       -0.8318051206 
  69.400000       -0.5746688418       -0.0720254736       -0.8317593796 
  69.600000       -0.5746491802       -0.0719300021       -0.8317115084 
  69.800000       -0.5746248969       -0.0718346879       -0.8316633036 
  70.000000       -0.5745969071       -0.0717399358       -0.8316165570 
  70.200000       -0.5745661975       -0.0716460226       -0.8315730031 
  70.400000       -0.5745337570       -0.0715530967       -0.8315342531 
  70.600000       -0.5745005350       -0.0714611920       -0.8315016965 
  70.800000       -0.5744674186       -0.0713702572       -0.8314763733 
  71.000000       -0.5744352248       -0.0712801864       -0.8314588452 
  71.200000       -0.5744046944       -0.0711908407       -0.8314490982 
  71.400000       -0.5743764831       -0.0711020523       -0.8314465140 
  71.600000       -0.5743511496       -0.0710136168       -0.8314499430 
  71.800000       -0.5743291451       -0.0709252833       -0.8314578743 
  72.000000       -0.5743108148       -0.0708367509       -0.8314686610 
  72.200000       -0.5742964201       -0.0707476804       -0.8314807489 
  72.400000       -0.5742861839       -0.0706577279       -0.8314928636 
  72.600000       -0.5742803418       -0.0705665989       -0.8315041133 
  72.800000       -0.5742791882       -0.0704741139       -0.8315139914 
  73.000000       -0.5742830949       -0.0703802707       -0.8315222937 
  73.200000       -0.5742924933       -0.0702852938       -0.8315289888 
  73.400000       -0.5743078147       -0.0701896565       -0.8315340804 
  73.600000       -0.5743294047       -0.0700940717       -0.8315375061 
  73.800000       -0.5743574288       -0.0699994572       -0.8315390838 
  74.000000       -0.5743918062       -0.0699068743       -0.8315385161 
  74.200000       -0.5744321843       -0.0698174510       -0.8315354308 
  74.400000       -0.5744779693       -0.0697322996       -0.8315294403 
  74.600000       -0.5745284031       -0.0696524328       -0.8315202000 
  74.800000       -0.5745826657       -0.0695786884       -0.8315074542 
  75.000000       -0.5746399760       -0.0695116719       -0.8314910718 
  75.200000       -0.5746996621       -0.0694517200       -0.8314710715 
  75.400000       -0.5747611950       -0.0693988984       -0.8314476480 
  75.600000       -0.5748241810       -0.0693530388       -0.8314211931 
  75.800000       -0.5748883280       -0.0693137989       -0.8313923007 
  76.000000       -0.5749534042       -0.0692807412       -0.8313617436 
  76.200000       -0.5750192107       -0.0692534147       -0.8313304170 
  76.400000       -0.5750855713       -0.0692314142       -0.8312992460 
  76.600000       -0.5751523433       -0.0692144155       -0.8312690788 
  76.800000       -0.5752194364       -0.0692021745       -0.8312405876 
  77.000000       -0.5752868178       -0.0691944971       -0.8312142048 
  77.200000       -0.5753544973       -0.0691911977       -0.8311901194 
  77.400000       -0.5754224848       -0.0691920561       -0.8311683310 
  77.600000       -0.5754907289       -0.0691967909       -0.8311487531 
  77.800000       -0.5755590552       -0.0692050529       -0.8311313319 
  78.000000       -0.5756271230       -0.0692164366       -0.8311161475 
  78.200000       -0.5756944168       -0.0692304974       -0.8311034609 
  78.400000       -0.5757602821       -0.0692467691       -0.8310937087 
  78.600000       -0.5758239991       -0.0692647765       -0.8310874553 
  78.800000       -0.5758848701       -0.0692840393       -0.8310853010 
  79.000000       -0.5759423000       -0.0693040795       -0.8310877774 
  79.200000       -0.5759958503       -0.0693244420       -0.8310952692 
  79.400000       -0.5760452534       -0.0693447343       -0.8311079623 
  79.600000       -0.5760903927       -0.0693646790       -0.8311258283 
  79.800000       -0.5761312599       -0.0693841701       -0.8311486188 
  80.000000       -0.5761679049       -0.0694033042       -0.8311758536 
  80.200000       -0.5762004092       -0.0694223738       -0.8312068203 
  80.400000       -0.5762288863       -0.0694418099       -0.8312405865 
  80.600000       -0.5762535039       -0.0694620759       -0.8312760213 
  80.800000       -0.5762745134       -0.0694835365       -0.8313118459 
  81.000000       -0.5762922687       -0.0695063432       -0.8313467279 
  81.200000       -0.5763072194       -0.0695303722       -0.8313794252 
  81.400000       -0.5763198648       -0.0695552426       -0.8314089300 
  81.600000       -0.5763306777       -0.0695804165       -0.8314345850 
  81.800000       -0.5763400214       -0.0696053663       -0.8314561515 
  82.000000       -0.5763480811       -0.0696297671       -0.8314738004 
  82.200000       -0.5763548343       -0.0696536609       -0.8314880247 
  82.400000       -0.5763600702       -0.0696775512       -0.8314994914 
  82.600000       -0.5763634510       -0.0697024058       -0.8315088745 
  82.800000       -0.5763646034       -0.0697295689       -0.8315167124 
  83.000000       -0.5763632113       -0.0697606076       -0.8315233240 
  83.200000       -0.5763590843       -0.0697971431       -0.8315288092 
  83.400000       -0.5763521840       -0.0698406960       -0.8315331153 
  83.600000       -0.5763426077       -0.0698925737       -0.8315361303 
  83.800000       -0.5763305465       -0.0699538048       -0.8315377971 
  84.000000       -0.5763162310       -0.0700251079       -0.8315381992 
  84.200000       -0.5762998922       -0.0701068636       -0.8315375906 
  84.400000       -0.5762817487       -0.0701990774       -0.8315363657 
  84.600000       -0.5762620209       -0.0703013327       -0.8315349939 
  84.800000       -0.5762409606       -0.0704127495       -0.8315339384 
  85.000000       -0.5762188795       -0.0705319809       -0.8315335852 
  85.200000       -0.5761961591       -0.0706572746       -0.8315342007 
  85.400000       -0.5761732300       -0.0707866104       -0.8315359168 
  85.600000       -0.5761505255       -0.0709179057       -0.8315387368 
  85.800000       -0.5761284232       -0.0710492454       -0.8315425466 
  86.000000       -0.5761072002       -0.0711790861       -0.8315471252 
  86.200000       -0.5760870182       -0.0713063737       -0.8315521427 
  86.400000       -0.5760679482       -0.0714305472       -0.8315571654 
  86.600000       -0.5760500345       -0.0715514255       -0.8315616887 
  86.800000       -0.5760333653       -0.0716690150       -0.8315651793 
  87.000000       -0.5760181285       -0.0717832928       -0.8315671348 
  87.200000       -0.5760046260       -0.0718940405       -0.8315671644 
  87.400000       -0.5759932368       -0.0720007786       -0.8315650603 
  87.600000       -0.5759843322       -0.0721028170       -0.8315608431 
  87.800000       -0.5759781697       -0.0721994055       -0.8315547547 
  88.000000       -0.5759747944       -0.0722899311       -0.8315472000 
  88.200000       -0.5759739853       -0.0723741011       -0.8315386473 
  88.400000       -0.5759752565       -0.0724520519       -0.8315295021 
  88.600000       -0.5759779134       -0.0725243580       -0.8315199759 
  88.800000       -0.5759811515       -0.0725919465       -0.8315099987 
  89.000000       -0.5759841641       -0.0726559562       -0.8314991999 
  89.200000       -0.5759862346       -0.0727175845       -0.8314869570 
  89.400000       -0.5759867801       -0.0727779638       -0.8314724805 
  89.600000       -0.5759853524       -0.0728380877       -0.8314549242 
  89.800000       -0.5759816042       -0.0728987817       -0.8314335080 
  90.000000       -0.5759752469       -0.0729606942       -0.8314076266 
  90.200000       -0.5759660198       -0.0730242787       -0.8313769328 
  90.400000       -0.5759536859       -0.0730897422       -0.8313413836 
  90.600000       -0.5759380563       -0.0731569803       -0.8313012577 
  90.800000       -0.5759190247       -0.0732255114       -0.8312571366 
  91.000000       -0.5758965919       -0.0732944678       -0.8312098588 
  91.200000       -0.5758708630       -0.0733626720       -0.8311604461 
  91.400000       -0.5758420040       -0.0734288164       -0.8311100095 
  91.600000       -0.5758101726       -0.0734917246       -0.8310596406 
  91.800000       -0.5757754392       -0.0735506373       -0.8310103085 
  92.000000       -0.5757377335       -0.0736054520       -0.8309627753 
  92.200000       -0.5756968369       -0.0736568345       -0.8309175530 
  92.400000       -0.5756524286       -0.0737061753       -0.8308749114 
  92.600000       -0.5756041747       -0.0737553744       -0.8308349412 
  92.800000       -0.5755518369       -0.0738065094       -0.8307976556 
  93.000000       -0.5754953642       -0.0738614556       -0.8307631112 
  93.200000       -0.5754349354       -0.0739215532       -0.8307315134 
  93.400000       -0.5753709497       -0.0739873797       -0.8307032825 
  93.600000       -0.5753039638       -0.0740586775       -0.8306790628 
  93.800000       -0.5752346026       -0.0741344187       -0.8306596703 
  94.000000       -0.5751634758       -0.0742129751       -0.8306459947 
  94.200000       -0.5750911228       -0.0742923360       -0.8306388764 
  94.400000       -0.5750180044       -0.0743703151       -0.8306389821 
  94.600000       -0.5749445384       -0.0744447247       -0.8306467084 
  94.800000       -0.5748711459       -0.0745135017       -0.8306621149 
  95.000000       -0.5747982889       -0.0745748057       -0.8306848982 
  95.200000       -0.5747264766       -0.0746271178       -0.8307143986 
  95.400000       -0.5746562312       -0.0746693431       -0.8307496352 
  95.600000       -0.5745880263       -0.0747009182       -0.8307893623 
  95.800000       -0.5745222077       -0.0747218883       -0.8308321405 
  96.000000       -0.5744589333       -0.0747329208       -0.8308764271 
  96.200000       -0.5743981449       -0.0747352174       -0.8309206781 
  96.400000       -0.5743395877       -0.0747303182       -0.8309634597 
  96.600000       -0.5742828645       -0.0747198312       -0.8310035593 
  96.800000       -0.5742275052       -0.0747051323       -0.8310400738 
  97.000000       -0.5741730287       -0.0746871121       -0.8310724586 
  97.200000       -0.5741189882       -0.0746660395       -0.8311005260 
  97.400000       -0.5740649939       -0.0746415739       -0.8311243873 
  97.600000       -0.5740107214       -0.0746129310       -0.8311443537 
  97.800000       -0.5739559187       -0.0745791379       -0.8311608042 
  98.000000       -0.5739004262       -0.0745393152       -0.8311740593 
  98.200000       -0.5738442165       -0.0744929111       -0.8311842933 
  98.400000       -0.5737874400       -0.0744398244       -0.8311914898 
  98.600000       -0.5737304599       -0.0743804011       -0.8311954478 
  98.800000       -0.5736738543       -0.0743153214       -0.8311958484 
  99.000000       -0.5736183707       -0.0742454283       -0.8311923561 
  99.200000       -0.5735648256       -0.0741715556       -0.8311847188 
  99.400000       -0.5735139759       -0.0740944135       -0.8311728526 
  99.600000       -0.5734663810       -0.0740145478       -0.8311568886 
  99.800000       -0.5734223004       -0.0739323666       -0.8311371815 
  100.000000       -0.5733816413       -0.0738482071       -0.8311142860 
  100.200000       -0.5733439809       -0.0737624028       -0.8310889144 
  100.400000       -0.5733086431       -0.0736753163       -0.8310618829 
  100.600000       -0.5732748175       -0.0735873366       -0.8310340665 
  100.800000       -0.5732416837       -0.0734988462       -0.8310063565 
  101.000000       -0.5732085221       -0.0734101966       -0.8309796283 
  101.200000       -0.5731747952       -0.0733217160       -0.8309547227 
  101.400000       -0.5731401999       -0.0732337737       -0.8309324359 
  101.600000       -0.5731046920       -0.0731468718       -0.8309135141 
  101.800000       -0.5730684965       -0.0730617411       -0.8308986487 
  102.000000       -0.5730321037       -0.0729793903       -0.8308884783 
  102.200000       -0.5729962476       -0.0729010671       -0.8308835864 
  102.400000       -0.5729618534       -0.0728281105       -0.8308844940 
  102.600000       -0.5729299509       -0.0727617203       -0.8308916475 
  102.800000       -0.5729015525       -0.0727026894       -0.8309053948 
  103.000000       -0.5728775074       -0.0726511651       -0.8309259517 
  103.200000       -0.5728583651       -0.0726065083       -0.8309533627 
  103.400000       -0.5728442781       -0.0725672914       -0.8309874635 
  103.600000       -0.5728349772       -0.0725314366       -0.8310278525 
  103.800000       -0.5728298258       -0.0724964682       -0.8310738788 
  104.000000       -0.5728279554       -0.0724598161       -0.8311246571 
  104.200000       -0.5728284416       -0.0724190946       -0.8311791015 
  104.400000       -0.5728304772       -0.0723723108       -0.8312359787 
  104.600000       -0.5728334956       -0.0723179734       -0.8312939767 
  104.800000       -0.5728372207       -0.0722551171       -0.8313517846 
  105.000000       -0.5728416321       -0.0721832577       -0.8314081664 
  105.200000       -0.5728468668       -0.0721023271       -0.8314620307 
  105.400000       -0.5728530902       -0.0720126245       -0.8315124898 
  105.600000       -0.5728603773       -0.0719147964       -0.8315589051 
  105.800000       -0.5728686291       -0.0718098328       -0.8316009114 
  106.000000       -0.5728775371       -0.0716990523       -0.8316384139 
  106.200000       -0.5728865884       -0.0715840479       -0.8316715466 
  106.400000       -0.5728950928       -0.0714665738       -0.8317006077 
  106.600000       -0.5729022212       -0.0713483850       -0.8317259810 
  106.800000       -0.5729070358       -0.0712310534       -0.8317480385 
  107.000000       -0.5729085235       -0.0711158062       -0.8317670485 
  107.200000       -0.5729056507       -0.0710034292       -0.8317831261 
  107.400000       -0.5728974517       -0.0708942629       -0.8317962336 
  107.600000       -0.5728831573       -0.0707882866       -0.8318062363 
  107.800000       -0.5728623439       -0.0706852629       -0.8318130084 
  108.000000       -0.5728350712       -0.0705848938       -0.8318165518 
  108.200000       -0.5728019574       -0.0704869378       -0.8318170888 
  108.400000       -0.5727641653       -0.0703912618       -0.8318151265 
  108.600000       -0.5727232793       -0.0702978184       -0.8318114645 
  108.800000       -0.5726810864       -0.0702065755       -0.8318071327 
  109.000000       -0.5726393109       -0.0701174330       -0.8318032791 
  109.200000       -0.5725993632       -0.0700301777       -0.8318010360 
  109.400000       -0.5725621631       -0.0699445022       -0.8318013965 
  109.600000       -0.5725280799       -0.0698600885       -0.8318051256 
  109.800000       -0.5724969965       -0.0697767345       -0.8318127190 
  110.000000       -0.5724684680       -0.0696944780       -0.8318244068 
  110.200000       -0.5724419323       -0.0696136720       -0.8318401885 
  110.400000       -0.5724169108       -0.0695349822       -0.8318598794 
  110.600000       -0.5723931576       -0.0694592971       -0.8318831522 
  110.800000       -0.5723707363       -0.0693875725       -0.8319095666 
  111.000000       -0.5723500312       -0.0693206542       -0.8319385917 
  111.200000       -0.5723317115       -0.0692591218       -0.8319696290 
  111.400000       -0.5723166828       -0.0692031916       -0.8320020527 
  111.600000       -0.5723060340       -0.0691526968       -0.8320352659 
  111.800000       -0.5723009888       -0.0691071306       -0.8320687713 
  112.000000       -0.5723028407       -0.0690657263       -0.8321022339 
  112.200000       -0.5723128591       -0.0690275450       -0.8321355149 
  112.400000       -0.5723321550       -0.0689915364       -0.8321686543 
  112.600000       -0.5723615169       -0.0689565759       -0.8322017996 
  112.800000       -0.5724012528       -0.0689214821       -0.8322350865 
  113.000000       -0.5724510803       -0.0688850393       -0.8322684966 
  113.200000       -0.5725101091       -0.0688460553       -0.8323017388 
  113.400000       -0.5725769394       -0.0688034626       -0.8323341933 
  113.600000       -0.5726498608       -0.0687564534       -0.8323649265 
  113.800000       -0.5727271161       -0.0687046232       -0.8323927827 
  114.000000       -0.5728071576       -0.0686480847       -0.8324165358 
  114.200000       -0.5728888365       -0.0685875134       -0.8324350560 
  114.400000       -0.5729714804       -0.0685241098       -0.8324474544 
  114.600000       -0.5730548504       -0.0684594787       -0.8324531656 
  114.800000       -0.5731390031       -0.0683954553       -0.8324519602 
  115.000000       -0.5732241151       -0.0683339229       -0.8324438942 
  115.200000       -0.5733103248       -0.0682766607       -0.8324292206 
  115.400000       -0.5733976356       -0.0682252484       -0.8324082927 
  115.600000       -0.5734858994       -0.0681810375       -0.8323815002 
  115.800000       -0.5735748665       -0.0681451688       -0.8323492601 
  116.000000       -0.5736642655       -0.0681186035       -0.8323120336 
  116.200000       -0.5737538726       -0.0681021349       -0.8322703576 
  116.400000       -0.5738435531       -0.0680963624       -0.8322248751 
  116.600000       -0.5739332649       -0.0681016286       -0.8321763404 
  116.800000       -0.5740230439       -0.0681179348       -0.8321255827 
  117.000000       -0.5741129994       -0.0681448714       -0.8320734437 
  117.200000       -0.5742033349       -0.0681815883       -0.8320206997 
  117.400000       -0.5742943951       -0.0682268301       -0.8319679981 
  117.600000       -0.5743867211       -0.0682790289       -0.8319158274 
  117.800000       -0.5744810720       -0.0683364414       -0.8318645279 
  118.000000       -0.5745783828       -0.0683972966       -0.8318143363 
  118.200000       -0.5746796399       -0.0684599243       -0.8317654425 
  118.400000       -0.5747856872       -0.0685228441       -0.8317180334 
  118.600000       -0.5748970087       -0.0685848142       -0.8316723038 
  118.800000       -0.5750135492       -0.0686448467       -0.8316284304 
  119.000000       -0.5751346286       -0.0687022147       -0.8315865174 
  119.200000       -0.5752589915       -0.0687564643       -0.8315465425 
  119.400000       -0.5753849820       -0.0688074401       -0.8315083282 
  119.600000       -0.5755108051       -0.0688553134       -0.8314715614 
  119.800000       -0.5756348049       -0.0689005921       -0.8314358692 
  120.000000       -0.5757556902       -0.0689440956       -0.8314009345 
  120.200000       -0.5758726542       -0.0689868656       -0.8313666204 
  120.400000       -0.5759853763       -0.0690300311       -0.8313330661 
  120.600000       -0.5760939315       -0.0690746375       -0.8313007229 
  120.800000       -0.5761986491       -0.0691214778       -0.8312703125 
  121.000000       -0.5762999808       -0.0691709691       -0.8312427130 
  121.200000       -0.5763984070       -0.0692230949       -0.8312188006 
  121.400000       -0.5764943931       -0.0692774276       -0.8311992845 
  121.600000       -0.5765883759       -0.0693332238       -0.8311845778 
  121.800000       -0.5766807483       -0.0693895536       -0.8311747295 
  122.000000       -0.5767718195       -0.0694454370       -0.8311694335 
  122.200000       -0.5768617377       -0.0694999541       -0.8311680976 
  122.400000       -0.5769503951       -0.0695523147       -0.8311699533 
  122.600000       -0.5770373624       -0.0696018903       -0.8311741689 
  122.800000       -0.5771218884       -0.0696482136       -0.8311799408 
  123.000000       -0.5772029905       -0.0696909789       -0.8311865468 
  123.200000       -0.5772796308       -0.0697300461       -0.8311933655 
  123.400000       -0.5773509321       -0.0697654610       -0.8311998723 
  123.600000       -0.5774163684       -0.0697974808       -0.8312056348 
  123.800000       -0.5774758732       -0.0698265863       -0.8312103203 
  124.000000       -0.5775298314       -0.0698534656       -0.8312137205 
  124.200000       -0.5775789481       -0.0698789624       -0.8312157911 
  124.400000       -0.5776240412       -0.0699039924       -0.8312166741 
  124.600000       -0.5776658238       -0.0699294430       -0.8312166787 
  124.800000       -0.5777047487       -0.0699560815       -0.8312162305 
  125.000000       -0.5777409685       -0.0699844998       -0.8312157931 
  125.200000       -0.5777744053       -0.0700150911       -0.8312157559 
  125.400000       -0.5778049039       -0.0700480625       -0.8312163305 
  125.600000       -0.5778324049       -0.0700834638       -0.8312174842 
  125.800000       -0.5778570748       -0.0701212167       -0.8312189339 
  126.000000       -0.5778793489       -0.0701611189       -0.8312202024 
  126.200000       -0.5778998772       -0.0702028226       -0.8312207252 
  126.400000       -0.5779194085       -0.0702457936       -0.8312199735 
  126.600000       -0.5779386555       -0.0702892782       -0.8312175598 
  126.800000       -0.5779581968       -0.0703322950       -0.8312132927 
  127.000000       -0.5779784412       -0.0703736759       -0.8312071674 
  127.200000       -0.5779996505       -0.0704121563       -0.8311992979 
  127.400000       -0.5780219910       -0.0704465043       -0.8311898165 
  127.600000       -0.5780455654       -0.0704756588       -0.8311787759 
  127.800000       -0.5780703960       -0.0704988511       -0.8311660897 
  128.000000       -0.5780963486       -0.0705156823       -0.8311515302 
  128.200000       -0.5781230293       -0.0705261494       -0.8311347909 
  128.400000       -0.5781497003       -0.0705306230       -0.8311155876 
  128.600000       -0.5781752717       -0.0705297925       -0.8310937740 
  128.800000       -0.5781984003       -0.0705246001       -0.8310694299 
  129.000000       -0.5782176882       -0.0705161772       -0.8310429000 
  129.200000       -0.5782319356       -0.0705057885       -0.8310147709 
  129.400000       -0.5782403743       -0.0704947720       -0.8309857962 
  129.600000       -0.5782428114       -0.0704844766       -0.8309567948 
  129.800000       -0.5782396326       -0.0704761709       -0.8309285517 
  130.000000       -0.5782316710       -0.0704709448       -0.8309017467 
  130.200000       -0.5782199740       -0.0704695971       -0.8308769234 
  130.400000       -0.5782055524       -0.0704725489       -0.8308544941 
  130.600000       -0.5781891793       -0.0704797964       -0.8308347666 
  130.800000       -0.5781712937       -0.0704909229       -0.8308179661 
  131.000000       -0.5781520252       -0.0705051723       -0.8308042440 
  131.200000       -0.5781313032       -0.0705215681       -0.8307936637 
  131.400000       -0.5781089969       -0.0705390512       -0.8307861734 
  131.600000       -0.5780850242       -0.0705566024       -0.8307815821 
  131.800000       -0.5780593882       -0.0705733313       -0.8307795570 
  132.000000       -0.5780321404       -0.0705885145       -0.8307796576 
  132.200000       -0.5780033012       -0.0706015975       -0.8307814012 
  132.400000       -0.5779727873       -0.0706121812       -0.8307843469 
  132.600000       -0.5779403918       -0.0706200116       -0.8307881733 
  132.800000       -0.5779058364       -0.0706249941       -0.8307927211 
  133.000000       -0.5778688803       -0.0706272327       -0.8307979870 
  133.200000       -0.5778294360       -0.0706270723       -0.8308040602 
  133.400000       -0.5777876373       -0.0706251300       -0.8308110219 
  133.600000       -0.5777438219       -0.0706222761       -0.8308188321 
  133.800000       -0.5776984218       -0.0706195600       -0.8308272395 
  134.000000       -0.5776517936       -0.0706180829       -0.8308357418 
  134.200000       -0.5776040527       -0.0706188470       -0.8308436173 
  134.400000       -0.5775549816       -0.0706226045       -0.8308500167 
  134.600000       -0.5775040599       -0.0706297523       -0.8308541000 
  134.800000       -0.5774506160       -0.0706402873       -0.8308551855 