description="Cu111-vac15
"  
#******** REAL SPACE GRID ********   
wavefunction_grid="152 80 152"  
potential_grid_refinement="2"  
  
#******* CONTROL OPTIONS *******  
start_mode          ="LCAO Start"  
calculation_mode    ="Quench Electrons  "  
kohn_sham_solver    ="davidson"  
subdiag_driver      ="auto"  
#auto: if cuda available, use cusolver, otherwise use lapack for n<128 and scaplack for large system  
cube_rho = "True"  
  
#********* K POINT SETUP *********  
kpoint_mesh = "1 1 1"  
kpoint_is_shift = "0 0 0"  
  
#******* Pseudopotentials *******   
internal_pseudo_type = "nc_accuracy"  
#use Optimized Norm-Conserving Vanderbilt (ONCV) pseudopotenitals  
#those pseudopotentials are built in with RMG  
write_pseudopotential_plots ="False"  
  
#*****Exchange Correlation ******  
exchange_correlation_type="AUTO_XC"  
#AUTO_XC: XC will be determined from pseudopotential  
  
#****  LATTICE and ATOMS  ****   
bravais_lattice_type="None"  
crds_units = "Angstrom"  
lattice_units = "Angstrom"  
lattice_vector="  
 2.545879900000e+01  0.000000000000e+00  0.000000000000e+00   
 0.000000000000e+00  1.322878000000e+01  0.000000000000e+00   
 0.000000000000e+00  0.000000000000e+00  2.500000000000e+01   
"  
atomic_coordinate_type = "Absolute"  
atoms="  
Cu  0.000000000000e+00 0.000000000000e+00 0.000000000000e+00  1 1 1   0.00   0.00   0.00  
Cu  0.000000000000e+00 4.409593000000e+00 0.000000000000e+00  1 1 1   0.00   0.00   0.00  
Cu  0.000000000000e+00 8.819186000000e+00 0.000000000000e+00  1 1 1   0.00   0.00   0.00  
Cu  1.018352000000e+01 0.000000000000e+00 0.000000000000e+00  1 1 1   0.00   0.00   0.00  
Cu  1.018352000000e+01 4.409593000000e+00 0.000000000000e+00  1 1 1   0.00   0.00   0.00  
Cu  1.018352000000e+01 8.819186000000e+00 0.000000000000e+00  1 1 1   0.00   0.00   0.00  
Cu  1.145646000000e+01 1.102398300000e+01 0.000000000000e+00  1 1 1   0.00   0.00   0.00  
Cu  1.145646000000e+01 2.204797000000e+00 0.000000000000e+00  1 1 1   0.00   0.00   0.00  
Cu  1.145646000000e+01 6.614390000000e+00 0.000000000000e+00  1 1 1   0.00   0.00   0.00  
Cu  1.272940000000e+00 1.102398300000e+01 0.000000000000e+00  1 1 1   0.00   0.00   0.00  
Cu  1.272940000000e+00 2.204797000000e+00 0.000000000000e+00  1 1 1   0.00   0.00   0.00  
Cu  1.272940000000e+00 6.614390000000e+00 0.000000000000e+00  1 1 1   0.00   0.00   0.00  
Cu  1.272940000000e+01 0.000000000000e+00 0.000000000000e+00  1 1 1   0.00   0.00   0.00  
Cu  1.272940000000e+01 4.409593000000e+00 0.000000000000e+00  1 1 1   0.00   0.00   0.00  
Cu  1.272940000000e+01 8.819186000000e+00 0.000000000000e+00  1 1 1   0.00   0.00   0.00  
Cu  1.400234000000e+01 1.102398300000e+01 0.000000000000e+00  1 1 1   0.00   0.00   0.00  
Cu  1.400234000000e+01 2.204797000000e+00 0.000000000000e+00  1 1 1   0.00   0.00   0.00  
Cu  1.400234000000e+01 6.614390000000e+00 0.000000000000e+00  1 1 1   0.00   0.00   0.00  
Cu  1.527528000000e+01 0.000000000000e+00 0.000000000000e+00  1 1 1   0.00   0.00   0.00  
Cu  1.527528000000e+01 4.409593000000e+00 0.000000000000e+00  1 1 1   0.00   0.00   0.00  
Cu  1.527528000000e+01 8.819186000000e+00 0.000000000000e+00  1 1 1   0.00   0.00   0.00  
Cu  1.654822000000e+01 1.102398300000e+01 0.000000000000e+00  1 1 1   0.00   0.00   0.00  
Cu  1.654822000000e+01 2.204797000000e+00 0.000000000000e+00  1 1 1   0.00   0.00   0.00  
Cu  1.654822000000e+01 6.614390000000e+00 0.000000000000e+00  1 1 1   0.00   0.00   0.00  
Cu  1.782116000000e+01 0.000000000000e+00 0.000000000000e+00  1 1 1   0.00   0.00   0.00  
Cu  1.782116000000e+01 4.409593000000e+00 0.000000000000e+00  1 1 1   0.00   0.00   0.00  
Cu  1.782116000000e+01 8.819186000000e+00 0.000000000000e+00  1 1 1   0.00   0.00   0.00  
Cu  1.909410000000e+01 1.102398300000e+01 0.000000000000e+00  1 1 1   0.00   0.00   0.00  
Cu  1.909410000000e+01 2.204797000000e+00 0.000000000000e+00  1 1 1   0.00   0.00   0.00  
Cu  1.909410000000e+01 6.614390000000e+00 0.000000000000e+00  1 1 1   0.00   0.00   0.00  
Cu  2.036704000000e+01 0.000000000000e+00 0.000000000000e+00  1 1 1   0.00   0.00   0.00  
Cu  2.036704000000e+01 4.409593000000e+00 0.000000000000e+00  1 1 1   0.00   0.00   0.00  
Cu  2.036704000000e+01 8.819186000000e+00 0.000000000000e+00  1 1 1   0.00   0.00   0.00  
Cu  2.163998000000e+01 1.102398300000e+01 0.000000000000e+00  1 1 1   0.00   0.00   0.00  
Cu  2.163998000000e+01 2.204797000000e+00 0.000000000000e+00  1 1 1   0.00   0.00   0.00  
Cu  2.163998000000e+01 6.614390000000e+00 0.000000000000e+00  1 1 1   0.00   0.00   0.00  
Cu  2.291292000000e+01 0.000000000000e+00 0.000000000000e+00  1 1 1   0.00   0.00   0.00  
Cu  2.291292000000e+01 4.409593000000e+00 0.000000000000e+00  1 1 1   0.00   0.00   0.00  
Cu  2.291292000000e+01 8.819186000000e+00 0.000000000000e+00  1 1 1   0.00   0.00   0.00  
Cu  2.418586000000e+01 1.102398300000e+01 0.000000000000e+00  1 1 1   0.00   0.00   0.00  
Cu  2.418586000000e+01 2.204797000000e+00 0.000000000000e+00  1 1 1   0.00   0.00   0.00  
Cu  2.418586000000e+01 6.614390000000e+00 0.000000000000e+00  1 1 1   0.00   0.00   0.00  
Cu  2.545880000000e+00 0.000000000000e+00 0.000000000000e+00  1 1 1   0.00   0.00   0.00  
Cu  2.545880000000e+00 4.409593000000e+00 0.000000000000e+00  1 1 1   0.00   0.00   0.00  
Cu  2.545880000000e+00 8.819186000000e+00 0.000000000000e+00  1 1 1   0.00   0.00   0.00  
Cu  3.818820000000e+00 1.102398300000e+01 0.000000000000e+00  1 1 1   0.00   0.00   0.00  
Cu  3.818820000000e+00 2.204797000000e+00 0.000000000000e+00  1 1 1   0.00   0.00   0.00  
Cu  3.818820000000e+00 6.614390000000e+00 0.000000000000e+00  1 1 1   0.00   0.00   0.00  
Cu  5.091760000000e+00 0.000000000000e+00 0.000000000000e+00  1 1 1   0.00   0.00   0.00  
Cu  5.091760000000e+00 4.409593000000e+00 0.000000000000e+00  1 1 1   0.00   0.00   0.00  
Cu  5.091760000000e+00 8.819186000000e+00 0.000000000000e+00  1 1 1   0.00   0.00   0.00  
Cu  6.364700000000e+00 1.102398300000e+01 0.000000000000e+00  1 1 1   0.00   0.00   0.00  
Cu  6.364700000000e+00 2.204797000000e+00 0.000000000000e+00  1 1 1   0.00   0.00   0.00  
Cu  6.364700000000e+00 6.614390000000e+00 0.000000000000e+00  1 1 1   0.00   0.00   0.00  
Cu  7.637640000000e+00 0.000000000000e+00 0.000000000000e+00  1 1 1   0.00   0.00   0.00  
Cu  7.637640000000e+00 4.409593000000e+00 0.000000000000e+00  1 1 1   0.00   0.00   0.00  
Cu  7.637640000000e+00 8.819186000000e+00 0.000000000000e+00  1 1 1   0.00   0.00   0.00  
Cu  8.910580000000e+00 1.102398300000e+01 0.000000000000e+00  1 1 1   0.00   0.00   0.00  
Cu  8.910580000000e+00 2.204797000000e+00 0.000000000000e+00  1 1 1   0.00   0.00   0.00  
Cu  8.910580000000e+00 6.614390000000e+00 0.000000000000e+00  1 1 1   0.00   0.00   0.00  
Cu  0.000000000000e+00 1.175891500000e+01 2.078702000000e+00  1 1 1   0.00   0.00   0.00  
Cu  0.000000000000e+00 2.939729000000e+00 2.078702000000e+00  1 1 1   0.00   0.00   0.00  
Cu  0.000000000000e+00 7.349322000000e+00 2.078702000000e+00  1 1 1   0.00   0.00   0.00  
Cu  1.018352000000e+01 1.175891500000e+01 2.078702000000e+00  1 1 1   0.00   0.00   0.00  
Cu  1.018352000000e+01 2.939729000000e+00 2.078702000000e+00  1 1 1   0.00   0.00   0.00  
Cu  1.018352000000e+01 7.349322000000e+00 2.078702000000e+00  1 1 1   0.00   0.00   0.00  
Cu  1.145646000000e+01 5.144525000000e+00 2.078702000000e+00  1 1 1   0.00   0.00   0.00  
Cu  1.145646000000e+01 7.349320000000e-01 2.078702000000e+00  1 1 1   0.00   0.00   0.00  
Cu  1.145646000000e+01 9.554118000000e+00 2.078702000000e+00  1 1 1   0.00   0.00   0.00  
Cu  1.272940000000e+00 5.144525000000e+00 2.078702000000e+00  1 1 1   0.00   0.00   0.00  
Cu  1.272940000000e+00 7.349320000000e-01 2.078702000000e+00  1 1 1   0.00   0.00   0.00  
Cu  1.272940000000e+00 9.554118000000e+00 2.078702000000e+00  1 1 1   0.00   0.00   0.00  
Cu  1.272940000000e+01 1.175891500000e+01 2.078702000000e+00  1 1 1   0.00   0.00   0.00  
Cu  1.272940000000e+01 2.939729000000e+00 2.078702000000e+00  1 1 1   0.00   0.00   0.00  
Cu  1.272940000000e+01 7.349322000000e+00 2.078702000000e+00  1 1 1   0.00   0.00   0.00  
Cu  1.400234000000e+01 5.144525000000e+00 2.078702000000e+00  1 1 1   0.00   0.00   0.00  
Cu  1.400234000000e+01 7.349320000000e-01 2.078702000000e+00  1 1 1   0.00   0.00   0.00  
Cu  1.400234000000e+01 9.554118000000e+00 2.078702000000e+00  1 1 1   0.00   0.00   0.00  
Cu  1.527528000000e+01 1.175891500000e+01 2.078702000000e+00  1 1 1   0.00   0.00   0.00  
Cu  1.527528000000e+01 2.939729000000e+00 2.078702000000e+00  1 1 1   0.00   0.00   0.00  
Cu  1.527528000000e+01 7.349322000000e+00 2.078702000000e+00  1 1 1   0.00   0.00   0.00  
Cu  1.654822000000e+01 5.144525000000e+00 2.078702000000e+00  1 1 1   0.00   0.00   0.00  
Cu  1.654822000000e+01 7.349320000000e-01 2.078702000000e+00  1 1 1   0.00   0.00   0.00  
Cu  1.654822000000e+01 9.554118000000e+00 2.078702000000e+00  1 1 1   0.00   0.00   0.00  
Cu  1.782116000000e+01 1.175891500000e+01 2.078702000000e+00  1 1 1   0.00   0.00   0.00  
Cu  1.782116000000e+01 2.939729000000e+00 2.078702000000e+00  1 1 1   0.00   0.00   0.00  
Cu  1.782116000000e+01 7.349322000000e+00 2.078702000000e+00  1 1 1   0.00   0.00   0.00  
Cu  1.909410000000e+01 5.144525000000e+00 2.078702000000e+00  1 1 1   0.00   0.00   0.00  
Cu  1.909410000000e+01 7.349320000000e-01 2.078702000000e+00  1 1 1   0.00   0.00   0.00  
Cu  1.909410000000e+01 9.554118000000e+00 2.078702000000e+00  1 1 1   0.00   0.00   0.00  
Cu  2.036704000000e+01 1.175891500000e+01 2.078702000000e+00  1 1 1   0.00   0.00   0.00  
Cu  2.036704000000e+01 2.939729000000e+00 2.078702000000e+00  1 1 1   0.00   0.00   0.00  
Cu  2.036704000000e+01 7.349322000000e+00 2.078702000000e+00  1 1 1   0.00   0.00   0.00  
Cu  2.163998000000e+01 5.144525000000e+00 2.078702000000e+00  1 1 1   0.00   0.00   0.00  
Cu  2.163998000000e+01 7.349320000000e-01 2.078702000000e+00  1 1 1   0.00   0.00   0.00  
Cu  2.163998000000e+01 9.554118000000e+00 2.078702000000e+00  1 1 1   0.00   0.00   0.00  
Cu  2.291292000000e+01 1.175891500000e+01 2.078702000000e+00  1 1 1   0.00   0.00   0.00  
Cu  2.291292000000e+01 2.939729000000e+00 2.078702000000e+00  1 1 1   0.00   0.00   0.00  
Cu  2.291292000000e+01 7.349322000000e+00 2.078702000000e+00  1 1 1   0.00   0.00   0.00  
Cu  2.418586000000e+01 5.144525000000e+00 2.078702000000e+00  1 1 1   0.00   0.00   0.00  
Cu  2.418586000000e+01 7.349320000000e-01 2.078702000000e+00  1 1 1   0.00   0.00   0.00  
Cu  2.418586000000e+01 9.554118000000e+00 2.078702000000e+00  1 1 1   0.00   0.00   0.00  
Cu  2.545880000000e+00 1.175891500000e+01 2.078702000000e+00  1 1 1   0.00   0.00   0.00  
Cu  2.545880000000e+00 2.939729000000e+00 2.078702000000e+00  1 1 1   0.00   0.00   0.00  
Cu  2.545880000000e+00 7.349322000000e+00 2.078702000000e+00  1 1 1   0.00   0.00   0.00  
Cu  3.818820000000e+00 5.144525000000e+00 2.078702000000e+00  1 1 1   0.00   0.00   0.00  
Cu  3.818820000000e+00 7.349320000000e-01 2.078702000000e+00  1 1 1   0.00   0.00   0.00  
Cu  3.818820000000e+00 9.554118000000e+00 2.078702000000e+00  1 1 1   0.00   0.00   0.00  
Cu  5.091760000000e+00 1.175891500000e+01 2.078702000000e+00  1 1 1   0.00   0.00   0.00  
Cu  5.091760000000e+00 2.939729000000e+00 2.078702000000e+00  1 1 1   0.00   0.00   0.00  
Cu  5.091760000000e+00 7.349322000000e+00 2.078702000000e+00  1 1 1   0.00   0.00   0.00  
Cu  6.364700000000e+00 5.144525000000e+00 2.078702000000e+00  1 1 1   0.00   0.00   0.00  
Cu  6.364700000000e+00 7.349320000000e-01 2.078702000000e+00  1 1 1   0.00   0.00   0.00  
Cu  6.364700000000e+00 9.554118000000e+00 2.078702000000e+00  1 1 1   0.00   0.00   0.00  
Cu  7.637640000000e+00 1.175891500000e+01 2.078702000000e+00  1 1 1   0.00   0.00   0.00  
Cu  7.637640000000e+00 2.939729000000e+00 2.078702000000e+00  1 1 1   0.00   0.00   0.00  
Cu  7.637640000000e+00 7.349322000000e+00 2.078702000000e+00  1 1 1   0.00   0.00   0.00  
Cu  8.910580000000e+00 5.144525000000e+00 2.078702000000e+00  1 1 1   0.00   0.00   0.00  
Cu  8.910580000000e+00 7.349320000000e-01 2.078702000000e+00  1 1 1   0.00   0.00   0.00  
Cu  8.910580000000e+00 9.554118000000e+00 2.078702000000e+00  1 1 1   0.00   0.00   0.00  
Cu  0.000000000000e+00 1.028905000000e+01 4.157405000000e+00  1 1 1   0.00   0.00   0.00  
Cu  0.000000000000e+00 1.469864000000e+00 4.157405000000e+00  1 1 1   0.00   0.00   0.00  
Cu  0.000000000000e+00 5.879457000000e+00 4.157405000000e+00  1 1 1   0.00   0.00   0.00  
Cu  1.018352000000e+01 1.028905000000e+01 4.157405000000e+00  1 1 1   0.00   0.00   0.00  
Cu  1.018352000000e+01 1.469864000000e+00 4.157405000000e+00  1 1 1   0.00   0.00   0.00  
Cu  1.018352000000e+01 5.879457000000e+00 4.157405000000e+00  1 1 1   0.00   0.00   0.00  
Cu  1.145646000000e+01 1.249384700000e+01 4.157405000000e+00  1 1 1   0.00   0.00   0.00  
Cu  1.145646000000e+01 3.674661000000e+00 4.157405000000e+00  1 1 1   0.00   0.00   0.00  
Cu  1.145646000000e+01 8.084254000000e+00 4.157405000000e+00  1 1 1   0.00   0.00   0.00  
Cu  1.272940000000e+00 1.249384700000e+01 4.157405000000e+00  1 1 1   0.00   0.00   0.00  
Cu  1.272940000000e+00 3.674661000000e+00 4.157405000000e+00  1 1 1   0.00   0.00   0.00  
Cu  1.272940000000e+00 8.084254000000e+00 4.157405000000e+00  1 1 1   0.00   0.00   0.00  
Cu  1.272940000000e+01 1.028905000000e+01 4.157405000000e+00  1 1 1   0.00   0.00   0.00  
Cu  1.272940000000e+01 1.469864000000e+00 4.157405000000e+00  1 1 1   0.00   0.00   0.00  
Cu  1.272940000000e+01 5.879457000000e+00 4.157405000000e+00  1 1 1   0.00   0.00   0.00  
Cu  1.400234000000e+01 1.249384700000e+01 4.157405000000e+00  1 1 1   0.00   0.00   0.00  
Cu  1.400234000000e+01 3.674661000000e+00 4.157405000000e+00  1 1 1   0.00   0.00   0.00  
Cu  1.400234000000e+01 8.084254000000e+00 4.157405000000e+00  1 1 1   0.00   0.00   0.00  
Cu  1.527528000000e+01 1.028905000000e+01 4.157405000000e+00  1 1 1   0.00   0.00   0.00  
Cu  1.527528000000e+01 1.469864000000e+00 4.157405000000e+00  1 1 1   0.00   0.00   0.00  
Cu  1.527528000000e+01 5.879457000000e+00 4.157405000000e+00  1 1 1   0.00   0.00   0.00  
Cu  1.654822000000e+01 1.249384700000e+01 4.157405000000e+00  1 1 1   0.00   0.00   0.00  
Cu  1.654822000000e+01 3.674661000000e+00 4.157405000000e+00  1 1 1   0.00   0.00   0.00  
Cu  1.654822000000e+01 8.084254000000e+00 4.157405000000e+00  1 1 1   0.00   0.00   0.00  
Cu  1.782116000000e+01 1.028905000000e+01 4.157405000000e+00  1 1 1   0.00   0.00   0.00  
Cu  1.782116000000e+01 1.469864000000e+00 4.157405000000e+00  1 1 1   0.00   0.00   0.00  
Cu  1.782116000000e+01 5.879457000000e+00 4.157405000000e+00  1 1 1   0.00   0.00   0.00  
Cu  1.909410000000e+01 1.249384700000e+01 4.157405000000e+00  1 1 1   0.00   0.00   0.00  
Cu  1.909410000000e+01 3.674661000000e+00 4.157405000000e+00  1 1 1   0.00   0.00   0.00  
Cu  1.909410000000e+01 8.084254000000e+00 4.157405000000e+00  1 1 1   0.00   0.00   0.00  
Cu  2.036704000000e+01 1.028905000000e+01 4.157405000000e+00  1 1 1   0.00   0.00   0.00  
Cu  2.036704000000e+01 1.469864000000e+00 4.157405000000e+00  1 1 1   0.00   0.00   0.00  
Cu  2.036704000000e+01 5.879457000000e+00 4.157405000000e+00  1 1 1   0.00   0.00   0.00  
Cu  2.163998000000e+01 1.249384700000e+01 4.157405000000e+00  1 1 1   0.00   0.00   0.00  
Cu  2.163998000000e+01 3.674661000000e+00 4.157405000000e+00  1 1 1   0.00   0.00   0.00  
Cu  2.163998000000e+01 8.084254000000e+00 4.157405000000e+00  1 1 1   0.00   0.00   0.00  
Cu  2.291292000000e+01 1.028905000000e+01 4.157405000000e+00  1 1 1   0.00   0.00   0.00  
Cu  2.291292000000e+01 1.469864000000e+00 4.157405000000e+00  1 1 1   0.00   0.00   0.00  
Cu  2.291292000000e+01 5.879457000000e+00 4.157405000000e+00  1 1 1   0.00   0.00   0.00  
Cu  2.418586000000e+01 1.249384700000e+01 4.157405000000e+00  1 1 1   0.00   0.00   0.00  
Cu  2.418586000000e+01 3.674661000000e+00 4.157405000000e+00  1 1 1   0.00   0.00   0.00  
Cu  2.418586000000e+01 8.084254000000e+00 4.157405000000e+00  1 1 1   0.00   0.00   0.00  
Cu  2.545880000000e+00 1.028905000000e+01 4.157405000000e+00  1 1 1   0.00   0.00   0.00  
Cu  2.545880000000e+00 1.469864000000e+00 4.157405000000e+00  1 1 1   0.00   0.00   0.00  
Cu  2.545880000000e+00 5.879457000000e+00 4.157405000000e+00  1 1 1   0.00   0.00   0.00  
Cu  3.818820000000e+00 1.249384700000e+01 4.157405000000e+00  1 1 1   0.00   0.00   0.00  
Cu  3.818820000000e+00 3.674661000000e+00 4.157405000000e+00  1 1 1   0.00   0.00   0.00  
Cu  3.818820000000e+00 8.084254000000e+00 4.157405000000e+00  1 1 1   0.00   0.00   0.00  
Cu  5.091760000000e+00 1.028905000000e+01 4.157405000000e+00  1 1 1   0.00   0.00   0.00  
Cu  5.091760000000e+00 1.469864000000e+00 4.157405000000e+00  1 1 1   0.00   0.00   0.00  
Cu  5.091760000000e+00 5.879457000000e+00 4.157405000000e+00  1 1 1   0.00   0.00   0.00  
Cu  6.364700000000e+00 1.249384700000e+01 4.157405000000e+00  1 1 1   0.00   0.00   0.00  
Cu  6.364700000000e+00 3.674661000000e+00 4.157405000000e+00  1 1 1   0.00   0.00   0.00  
Cu  6.364700000000e+00 8.084254000000e+00 4.157405000000e+00  1 1 1   0.00   0.00   0.00  
Cu  7.637640000000e+00 1.028905000000e+01 4.157405000000e+00  1 1 1   0.00   0.00   0.00  
Cu  7.637640000000e+00 1.469864000000e+00 4.157405000000e+00  1 1 1   0.00   0.00   0.00  
Cu  7.637640000000e+00 5.879457000000e+00 4.157405000000e+00  1 1 1   0.00   0.00   0.00  
Cu  8.910580000000e+00 1.249384700000e+01 4.157405000000e+00  1 1 1   0.00   0.00   0.00  
Cu  8.910580000000e+00 3.674661000000e+00 4.157405000000e+00  1 1 1   0.00   0.00   0.00  
Cu  8.910580000000e+00 8.084254000000e+00 4.157405000000e+00  1 1 1   0.00   0.00   0.00  
Cu  0.000000000000e+00 0.000000000000e+00 6.236107000000e+00  1 1 1   0.00   0.00   0.00  
Cu  0.000000000000e+00 4.409593000000e+00 6.236107000000e+00  1 1 1   0.00   0.00   0.00  
Cu  0.000000000000e+00 8.819186000000e+00 6.236107000000e+00  1 1 1   0.00   0.00   0.00  
Cu  1.018352000000e+01 0.000000000000e+00 6.236107000000e+00  1 1 1   0.00   0.00   0.00  
Cu  1.018352000000e+01 4.409593000000e+00 6.236107000000e+00  1 1 1   0.00   0.00   0.00  
Cu  1.018352000000e+01 8.819186000000e+00 6.236107000000e+00  1 1 1   0.00   0.00   0.00  
Cu  1.145646000000e+01 1.102398300000e+01 6.236107000000e+00  1 1 1   0.00   0.00   0.00  
Cu  1.145646000000e+01 2.204797000000e+00 6.236107000000e+00  1 1 1   0.00   0.00   0.00  
Cu  1.145646000000e+01 6.614390000000e+00 6.236107000000e+00  1 1 1   0.00   0.00   0.00  
Cu  1.272940000000e+00 1.102398300000e+01 6.236107000000e+00  1 1 1   0.00   0.00   0.00  
Cu  1.272940000000e+00 2.204797000000e+00 6.236107000000e+00  1 1 1   0.00   0.00   0.00  
Cu  1.272940000000e+00 6.614390000000e+00 6.236107000000e+00  1 1 1   0.00   0.00   0.00  
Cu  1.272940000000e+01 0.000000000000e+00 6.236107000000e+00  1 1 1   0.00   0.00   0.00  
Cu  1.272940000000e+01 4.409593000000e+00 6.236107000000e+00  1 1 1   0.00   0.00   0.00  
Cu  1.272940000000e+01 8.819186000000e+00 6.236107000000e+00  1 1 1   0.00   0.00   0.00  
Cu  1.400234000000e+01 1.102398300000e+01 6.236107000000e+00  1 1 1   0.00   0.00   0.00  
Cu  1.400234000000e+01 2.204797000000e+00 6.236107000000e+00  1 1 1   0.00   0.00   0.00  
Cu  1.400234000000e+01 6.614390000000e+00 6.236107000000e+00  1 1 1   0.00   0.00   0.00  
Cu  1.527528000000e+01 0.000000000000e+00 6.236107000000e+00  1 1 1   0.00   0.00   0.00  
Cu  1.527528000000e+01 4.409593000000e+00 6.236107000000e+00  1 1 1   0.00   0.00   0.00  
Cu  1.527528000000e+01 8.819186000000e+00 6.236107000000e+00  1 1 1   0.00   0.00   0.00  
Cu  1.654822000000e+01 1.102398300000e+01 6.236107000000e+00  1 1 1   0.00   0.00   0.00  
Cu  1.654822000000e+01 2.204797000000e+00 6.236107000000e+00  1 1 1   0.00   0.00   0.00  
Cu  1.654822000000e+01 6.614390000000e+00 6.236107000000e+00  1 1 1   0.00   0.00   0.00  
Cu  1.782116000000e+01 0.000000000000e+00 6.236107000000e+00  1 1 1   0.00   0.00   0.00  
Cu  1.782116000000e+01 4.409593000000e+00 6.236107000000e+00  1 1 1   0.00   0.00   0.00  
Cu  1.782116000000e+01 8.819186000000e+00 6.236107000000e+00  1 1 1   0.00   0.00   0.00  
Cu  1.909410000000e+01 1.102398300000e+01 6.236107000000e+00  1 1 1   0.00   0.00   0.00  
Cu  1.909410000000e+01 2.204797000000e+00 6.236107000000e+00  1 1 1   0.00   0.00   0.00  
Cu  1.909410000000e+01 6.614390000000e+00 6.236107000000e+00  1 1 1   0.00   0.00   0.00  
Cu  2.036704000000e+01 0.000000000000e+00 6.236107000000e+00  1 1 1   0.00   0.00   0.00  
Cu  2.036704000000e+01 4.409593000000e+00 6.236107000000e+00  1 1 1   0.00   0.00   0.00  
Cu  2.036704000000e+01 8.819186000000e+00 6.236107000000e+00  1 1 1   0.00   0.00   0.00  
Cu  2.163998000000e+01 1.102398300000e+01 6.236107000000e+00  1 1 1   0.00   0.00   0.00  
Cu  2.163998000000e+01 2.204797000000e+00 6.236107000000e+00  1 1 1   0.00   0.00   0.00  
Cu  2.163998000000e+01 6.614390000000e+00 6.236107000000e+00  1 1 1   0.00   0.00   0.00  
Cu  2.291292000000e+01 0.000000000000e+00 6.236107000000e+00  1 1 1   0.00   0.00   0.00  
Cu  2.291292000000e+01 4.409593000000e+00 6.236107000000e+00  1 1 1   0.00   0.00   0.00  
Cu  2.291292000000e+01 8.819186000000e+00 6.236107000000e+00  1 1 1   0.00   0.00   0.00  
Cu  2.418586000000e+01 1.102398300000e+01 6.236107000000e+00  1 1 1   0.00   0.00   0.00  
Cu  2.418586000000e+01 2.204797000000e+00 6.236107000000e+00  1 1 1   0.00   0.00   0.00  
Cu  2.418586000000e+01 6.614390000000e+00 6.236107000000e+00  1 1 1   0.00   0.00   0.00  
Cu  2.545880000000e+00 0.000000000000e+00 6.236107000000e+00  1 1 1   0.00   0.00   0.00  
Cu  2.545880000000e+00 4.409593000000e+00 6.236107000000e+00  1 1 1   0.00   0.00   0.00  
Cu  2.545880000000e+00 8.819186000000e+00 6.236107000000e+00  1 1 1   0.00   0.00   0.00  
Cu  3.818820000000e+00 1.102398300000e+01 6.236107000000e+00  1 1 1   0.00   0.00   0.00  
Cu  3.818820000000e+00 2.204797000000e+00 6.236107000000e+00  1 1 1   0.00   0.00   0.00  
Cu  3.818820000000e+00 6.614390000000e+00 6.236107000000e+00  1 1 1   0.00   0.00   0.00  
Cu  5.091760000000e+00 0.000000000000e+00 6.236107000000e+00  1 1 1   0.00   0.00   0.00  
Cu  5.091760000000e+00 4.409593000000e+00 6.236107000000e+00  1 1 1   0.00   0.00   0.00  
Cu  5.091760000000e+00 8.819186000000e+00 6.236107000000e+00  1 1 1   0.00   0.00   0.00  
Cu  6.364700000000e+00 1.102398300000e+01 6.236107000000e+00  1 1 1   0.00   0.00   0.00  
Cu  6.364700000000e+00 2.204797000000e+00 6.236107000000e+00  1 1 1   0.00   0.00   0.00  
Cu  6.364700000000e+00 6.614390000000e+00 6.236107000000e+00  1 1 1   0.00   0.00   0.00  
Cu  7.637640000000e+00 0.000000000000e+00 6.236107000000e+00  1 1 1   0.00   0.00   0.00  
Cu  7.637640000000e+00 4.409593000000e+00 6.236107000000e+00  1 1 1   0.00   0.00   0.00  
Cu  7.637640000000e+00 8.819186000000e+00 6.236107000000e+00  1 1 1   0.00   0.00   0.00  
Cu  8.910580000000e+00 1.102398300000e+01 6.236107000000e+00  1 1 1   0.00   0.00   0.00  
Cu  8.910580000000e+00 2.204797000000e+00 6.236107000000e+00  1 1 1   0.00   0.00   0.00  
Cu  8.910580000000e+00 6.614390000000e+00 6.236107000000e+00  1 1 1   0.00   0.00   0.00  
Cu  0.000000000000e+00 6.614390000000e+00 7.686100000000e+00  1 1 1   0.00   0.00   0.00  
H  2.484894000000e+00 6.071097000000e+00 8.511100000000e+00  1 1 1   0.00   0.00   0.00  
H  2.484894000000e+00 -6.071097000000e+00 8.511100000000e+00  1 1 1   0.00   0.00   0.00  
H  -2.484894000000e+00 6.071097000000e+00 8.511100000000e+00  1 1 1   0.00   0.00   0.00  
H  -2.484894000000e+00 -6.071097000000e+00 8.511100000000e+00  1 1 1   0.00   0.00   0.00  
C  0.000000000000e+00 5.271272000000e+00 8.936100000000e+00  1 1 1   0.00   0.00   0.00  
C  0.000000000000e+00 -5.271272000000e+00 8.936100000000e+00  1 1 1   0.00   0.00   0.00  
C  2.488349000000e+00 5.276444000000e+00 8.936100000000e+00  1 1 1   0.00   0.00   0.00  
C  2.488349000000e+00 -5.276444000000e+00 8.936100000000e+00  1 1 1   0.00   0.00   0.00  
C  -2.488349000000e+00 5.276444000000e+00 8.936100000000e+00  1 1 1   0.00   0.00   0.00  
C  -2.488349000000e+00 -5.276444000000e+00 8.936100000000e+00  1 1 1   0.00   0.00   0.00  
H  4.612597000000e+00 5.267819000000e+00 8.936100000000e+00  1 1 1   0.00   0.00   0.00  
H  4.612597000000e+00 -5.267819000000e+00 8.936100000000e+00  1 1 1   0.00   0.00   0.00  
H  -4.612597000000e+00 5.267819000000e+00 8.936100000000e+00  1 1 1   0.00   0.00   0.00  
H  -4.612597000000e+00 -5.267819000000e+00 8.936100000000e+00  1 1 1   0.00   0.00   0.00  
C  1.225258000000e+00 4.591537000000e+00 9.186100000000e+00  1 1 1   0.00   0.00   0.00  
C  1.225258000000e+00 -4.591537000000e+00 9.186100000000e+00  1 1 1   0.00   0.00   0.00  
C  -1.225258000000e+00 4.591537000000e+00 9.186100000000e+00  1 1 1   0.00   0.00   0.00  
C  -1.225258000000e+00 -4.591537000000e+00 9.186100000000e+00  1 1 1   0.00   0.00   0.00  
C  3.669053000000e+00 4.594765000000e+00 9.186100000000e+00  1 1 1   0.00   0.00   0.00  
C  3.669053000000e+00 -4.594765000000e+00 9.186100000000e+00  1 1 1   0.00   0.00   0.00  
C  -3.669053000000e+00 4.594765000000e+00 9.186100000000e+00  1 1 1   0.00   0.00   0.00  
C  -3.669053000000e+00 -4.594765000000e+00 9.186100000000e+00  1 1 1   0.00   0.00   0.00  
C  1.230736000000e+00 3.293331000000e+00 9.561100000000e+00  1 1 1   0.00   0.00   0.00  
C  1.230736000000e+00 -3.293331000000e+00 9.561100000000e+00  1 1 1   0.00   0.00   0.00  
C  -1.230736000000e+00 3.293331000000e+00 9.561100000000e+00  1 1 1   0.00   0.00   0.00  
C  -1.230736000000e+00 -3.293331000000e+00 9.561100000000e+00  1 1 1   0.00   0.00   0.00  
C  3.707454000000e+00 3.290725000000e+00 9.561100000000e+00  1 1 1   0.00   0.00   0.00  
C  3.707454000000e+00 -3.290725000000e+00 9.561100000000e+00  1 1 1   0.00   0.00   0.00  
C  -3.707454000000e+00 3.290725000000e+00 9.561100000000e+00  1 1 1   0.00   0.00   0.00  
C  -3.707454000000e+00 -3.290725000000e+00 9.561100000000e+00  1 1 1   0.00   0.00   0.00  
H  5.851112000000e+00 3.113565000000e+00 9.686100000000e+00  1 1 1   0.00   0.00   0.00  
H  5.851112000000e+00 -3.113565000000e+00 9.686100000000e+00  1 1 1   0.00   0.00   0.00  
H  -5.851112000000e+00 3.113565000000e+00 9.686100000000e+00  1 1 1   0.00   0.00   0.00  
H  -5.851112000000e+00 -3.113565000000e+00 9.686100000000e+00  1 1 1   0.00   0.00   0.00  
C  0.000000000000e+00 2.584044000000e+00 9.811100000000e+00  1 1 1   0.00   0.00   0.00  
C  0.000000000000e+00 -2.584044000000e+00 9.811100000000e+00  1 1 1   0.00   0.00   0.00  
C  2.465866000000e+00 2.580220000000e+00 9.811100000000e+00  1 1 1   0.00   0.00   0.00  
C  2.465866000000e+00 -2.580220000000e+00 9.811100000000e+00  1 1 1   0.00   0.00   0.00  
C  -2.465866000000e+00 2.580220000000e+00 9.811100000000e+00  1 1 1   0.00   0.00   0.00  
C  -2.465866000000e+00 -2.580220000000e+00 9.811100000000e+00  1 1 1   0.00   0.00   0.00  
C  4.908745000000e+00 2.569492000000e+00 9.811100000000e+00  1 1 1   0.00   0.00   0.00  
C  4.908745000000e+00 -2.569492000000e+00 9.811100000000e+00  1 1 1   0.00   0.00   0.00  
C  -4.908745000000e+00 2.569492000000e+00 9.811100000000e+00  1 1 1   0.00   0.00   0.00  
C  -4.908745000000e+00 -2.569492000000e+00 9.811100000000e+00  1 1 1   0.00   0.00   0.00  
C  0.000000000000e+00 1.419702000000e+00 1.006110000000e+01  1 1 1   0.00   0.00   0.00  
C  0.000000000000e+00 -1.419702000000e+00 1.006110000000e+01  1 1 1   0.00   0.00   0.00  
C  2.466981000000e+00 1.424312000000e+00 1.006110000000e+01  1 1 1   0.00   0.00   0.00  
C  2.466981000000e+00 -1.424312000000e+00 1.006110000000e+01  1 1 1   0.00   0.00   0.00  
C  -2.466981000000e+00 1.424312000000e+00 1.006110000000e+01  1 1 1   0.00   0.00   0.00  
C  -2.466981000000e+00 -1.424312000000e+00 1.006110000000e+01  1 1 1   0.00   0.00   0.00  
C  4.932712000000e+00 1.433097000000e+00 1.006110000000e+01  1 1 1   0.00   0.00   0.00  
C  4.932712000000e+00 -1.433097000000e+00 1.006110000000e+01  1 1 1   0.00   0.00   0.00  
C  -4.932712000000e+00 1.433097000000e+00 1.006110000000e+01  1 1 1   0.00   0.00   0.00  
C  -4.932712000000e+00 -1.433097000000e+00 1.006110000000e+01  1 1 1   0.00   0.00   0.00  
C  1.229498000000e+00 7.098510000000e-01 1.018610000000e+01  1 1 1   0.00   0.00   0.00  
C  1.229498000000e+00 -7.098510000000e-01 1.018610000000e+01  1 1 1   0.00   0.00   0.00  
C  -1.229498000000e+00 7.098510000000e-01 1.018610000000e+01  1 1 1   0.00   0.00   0.00  
C  -1.229498000000e+00 -7.098510000000e-01 1.018610000000e+01  1 1 1   0.00   0.00   0.00  
C  3.696602000000e+00 7.131030000000e-01 1.018610000000e+01  1 1 1   0.00   0.00   0.00  
C  3.696602000000e+00 -7.131030000000e-01 1.018610000000e+01  1 1 1   0.00   0.00   0.00  
C  -3.696602000000e+00 7.131030000000e-01 1.018610000000e+01  1 1 1   0.00   0.00   0.00  
C  -3.696602000000e+00 -7.131030000000e-01 1.018610000000e+01  1 1 1   0.00   0.00   0.00  
C  6.157401000000e+00 6.816800000000e-01 1.018610000000e+01  1 1 1   0.00   0.00   0.00  
C  6.157401000000e+00 -6.816800000000e-01 1.018610000000e+01  1 1 1   0.00   0.00   0.00  
C  -6.157401000000e+00 6.816800000000e-01 1.018610000000e+01  1 1 1   0.00   0.00   0.00  
C  -6.157401000000e+00 -6.816800000000e-01 1.018610000000e+01  1 1 1   0.00   0.00   0.00  
H  7.097491000000e+00 1.228430000000e+00 1.018610000000e+01  1 1 1   0.00   0.00   0.00  
H  7.097491000000e+00 -1.228430000000e+00 1.018610000000e+01  1 1 1   0.00   0.00   0.00  
H  -7.097491000000e+00 1.228430000000e+00 1.018610000000e+01  1 1 1   0.00   0.00   0.00  
H  -7.097491000000e+00 -1.228430000000e+00 1.018610000000e+01  1 1 1   0.00   0.00   0.00  
"
