description="Cu111-vac15
"  
#******** REAL SPACE GRID ********   
wavefunction_grid="128 72 128"  
potential_grid_refinement="2"  
  
#******* CONTROL OPTIONS *******  
start_mode          ="LCAO Start"  
calculation_mode    ="Quench Electrons  "  
kohn_sham_solver    ="davidson"  
subdiag_driver      ="auto"  
#auto: if cuda available, use cusolver, otherwise use lapack for n<128 and scaplack for large system  
cube_rho = "True"  
  
#********* K POINT SETUP *********  
kpoint_mesh = "1 1 1"  
kpoint_is_shift = "0 0 0"  
  
#******* Pseudopotentials *******   
internal_pseudo_type = "nc_accuracy"  
#use Optimized Norm-Conserving Vanderbilt (ONCV) pseudopotenitals  
#those pseudopotentials are built in with RMG  
write_pseudopotential_plots ="False"  
  
#*****Exchange Correlation ******  
exchange_correlation_type="AUTO_XC"  
#AUTO_XC: XC will be determined from pseudopotential  
  
#****  LATTICE and ATOMS  ****   
bravais_lattice_type="None"  
crds_units = "Angstrom"  
lattice_units = "Angstrom"  
lattice_vector="  
 2.545879900000e+01  0.000000000000e+00  0.000000000000e+00   
 0.000000000000e+00  1.322878000000e+01  0.000000000000e+00   
 0.000000000000e+00  0.000000000000e+00  2.500000000000e+01   
"  
atomic_coordinate_type = "Cell Relative"  
atoms="  
Cu  0.000000000000e+00 0.000000000000e+00 0.000000000000e+00  1 1 1   0.00   0.00   0.00  
Cu  5.000000196396e-02 1.666666918643e-01 0.000000000000e+00  1 1 1   0.00   0.00   0.00  
Cu  5.000000196396e-02 5.555553875716e-02 8.314808000000e-02  1 1 1   0.00   0.00   0.00  
Cu  0.000000000000e+00 2.222222306214e-01 8.314808000000e-02  1 1 1   0.00   0.00   0.00  
Cu  -0.000000000000e+00 1.127440784463e-01 1.659239807483e-01  1 1 1   0.00   0.00   0.00  
Cu  4.945583344962e-02 2.804181689167e-01 1.678709420296e-01  1 1 1   0.00   0.00   0.00  
Cu  -0.000000000000e+00 2.131325280699e-03 2.489925896304e-01  1 1 1   0.00   0.00   0.00  
Cu  5.000671884417e-02 1.684424552755e-01 2.485410831516e-01  1 1 1   0.00   0.00   0.00  
Cu  1.000000039279e-01 0.000000000000e+00 0.000000000000e+00  1 1 1   0.00   0.00   0.00  
Cu  1.500000058919e-01 1.666666918643e-01 0.000000000000e+00  1 1 1   0.00   0.00   0.00  
Cu  1.500000058919e-01 5.555553875716e-02 8.314808000000e-02  1 1 1   0.00   0.00   0.00  
Cu  1.000000039279e-01 2.222222306214e-01 8.314808000000e-02  1 1 1   0.00   0.00   0.00  
Cu  9.990684965474e-02 1.126947127064e-01 1.659146273598e-01  1 1 1   0.00   0.00   0.00  
Cu  1.504184296620e-01 2.781196730623e-01 1.656488671717e-01  1 1 1   0.00   0.00   0.00  
Cu  1.000945498815e-01 2.249729931275e-03 2.489710126295e-01  1 1 1   0.00   0.00   0.00  
Cu  1.507487618760e-01 1.673185082392e-01 2.482126059841e-01  1 1 1   0.00   0.00   0.00  
Cu  2.000000078558e-01 0.000000000000e+00 0.000000000000e+00  1 1 1   0.00   0.00   0.00  
Cu  2.500000098198e-01 1.666666918643e-01 0.000000000000e+00  1 1 1   0.00   0.00   0.00  
Cu  2.500000098198e-01 5.555553875716e-02 8.314808000000e-02  1 1 1   0.00   0.00   0.00  
Cu  2.000000078558e-01 2.222222306214e-01 8.314808000000e-02  1 1 1   0.00   0.00   0.00  
Cu  2.003329356058e-01 1.119959561481e-01 1.657118263955e-01  1 1 1   0.00   0.00   0.00  
Cu  2.507378240326e-01 2.780149239443e-01 1.653400277398e-01  1 1 1   0.00   0.00   0.00  
Cu  2.004661437999e-01 2.247804083822e-03 2.487511043343e-01  1 1 1   0.00   0.00   0.00  
Cu  2.506507121382e-01 1.684878103853e-01 2.482387017501e-01  1 1 1   0.00   0.00   0.00  
Cu  3.000000117837e-01 0.000000000000e+00 0.000000000000e+00  1 1 1   0.00   0.00   0.00  
Cu  3.500000137477e-01 1.666666918643e-01 0.000000000000e+00  1 1 1   0.00   0.00   0.00  
Cu  3.500000137477e-01 5.555553875716e-02 8.314808000000e-02  1 1 1   0.00   0.00   0.00  
Cu  3.000000117837e-01 2.222222306214e-01 8.314808000000e-02  1 1 1   0.00   0.00   0.00  
Cu  3.003515349222e-01 1.118902412095e-01 1.656646847987e-01  1 1 1   0.00   0.00   0.00  
Cu  3.504635445572e-01 2.786179084068e-01 1.655518044659e-01  1 1 1   0.00   0.00   0.00  
Cu  3.003737711402e-01 2.178015946503e-03 2.483023678094e-01  1 1 1   0.00   0.00   0.00  
Cu  3.503798786999e-01 1.688192356365e-01 2.481042189022e-01  1 1 1   0.00   0.00   0.00  
Cu  4.000000157117e-01 0.000000000000e+00 0.000000000000e+00  1 1 1   0.00   0.00   0.00  
Cu  4.500000176756e-01 1.666666918643e-01 0.000000000000e+00  1 1 1   0.00   0.00   0.00  
Cu  4.500000176756e-01 5.555553875716e-02 8.314808000000e-02  1 1 1   0.00   0.00   0.00  
Cu  4.000000157117e-01 2.222222306214e-01 8.314808000000e-02  1 1 1   0.00   0.00   0.00  
Cu  4.001877467748e-01 1.120899771732e-01 1.656195747639e-01  1 1 1   0.00   0.00   0.00  
Cu  4.501694891944e-01 2.787703773854e-01 1.655777232877e-01  1 1 1   0.00   0.00   0.00  
Cu  4.002085942509e-01 2.122689310446e-03 2.480516560489e-01  1 1 1   0.00   0.00   0.00  
Cu  4.501613519574e-01 1.687969785457e-01 2.480018769829e-01  1 1 1   0.00   0.00   0.00  
Cu  5.000000196396e-01 0.000000000000e+00 0.000000000000e+00  1 1 1   0.00   0.00   0.00  
Cu  5.500000216035e-01 1.666666918643e-01 0.000000000000e+00  1 1 1   0.00   0.00   0.00  
Cu  5.500000216035e-01 5.555553875716e-02 8.314808000000e-02  1 1 1   0.00   0.00   0.00  
Cu  5.000000196396e-01 2.222222306214e-01 8.314808000000e-02  1 1 1   0.00   0.00   0.00  
Cu  5.000000196396e-01 1.121085421723e-01 1.656719387693e-01  1 1 1   0.00   0.00   0.00  
Cu  5.498305500848e-01 2.787703773854e-01 1.655777232877e-01  1 1 1   0.00   0.00   0.00  
Cu  5.000000196396e-01 2.105859350424e-03 2.481908209530e-01  1 1 1   0.00   0.00   0.00  
Cu  5.498386873218e-01 1.687969785457e-01 2.480018769829e-01  1 1 1   0.00   0.00   0.00  
Cu  6.000000235675e-01 0.000000000000e+00 0.000000000000e+00  1 1 1   0.00   0.00   0.00  
Cu  6.500000255314e-01 1.666666918643e-01 0.000000000000e+00  1 1 1   0.00   0.00   0.00  
Cu  6.500000255314e-01 5.555553875716e-02 8.314808000000e-02  1 1 1   0.00   0.00   0.00  
Cu  6.000000235675e-01 2.222222306214e-01 8.314808000000e-02  1 1 1   0.00   0.00   0.00  
Cu  5.998122925043e-01 1.120899771732e-01 1.656195747639e-01  1 1 1   0.00   0.00   0.00  
Cu  6.495364947220e-01 2.786179084068e-01 1.655518044659e-01  1 1 1   0.00   0.00   0.00  
Cu  5.997914450282e-01 2.122689310446e-03 2.480516560489e-01  1 1 1   0.00   0.00   0.00  
Cu  6.496201605792e-01 1.688192356365e-01 2.481042189022e-01  1 1 1   0.00   0.00   0.00  
Cu  7.000000274954e-01 0.000000000000e+00 0.000000000000e+00  1 1 1   0.00   0.00   0.00  
Cu  7.500000294594e-01 1.666666918643e-01 0.000000000000e+00  1 1 1   0.00   0.00   0.00  
Cu  7.500000294594e-01 5.555553875716e-02 8.314808000000e-02  1 1 1   0.00   0.00   0.00  
Cu  7.000000274954e-01 2.222222306214e-01 8.314808000000e-02  1 1 1   0.00   0.00   0.00  
Cu  6.996485043569e-01 1.118902412095e-01 1.656646847987e-01  1 1 1   0.00   0.00   0.00  
Cu  7.492622152466e-01 2.780149239443e-01 1.653400277398e-01  1 1 1   0.00   0.00   0.00  
Cu  6.996262681389e-01 2.178015946503e-03 2.483023678094e-01  1 1 1   0.00   0.00   0.00  
Cu  7.493493271409e-01 1.684878103853e-01 2.482387017501e-01  1 1 1   0.00   0.00   0.00  
Cu  8.000000314233e-01 0.000000000000e+00 0.000000000000e+00  1 1 1   0.00   0.00   0.00  
Cu  8.500000333873e-01 1.666666918643e-01 0.000000000000e+00  1 1 1   0.00   0.00   0.00  
Cu  8.500000333873e-01 5.555553875716e-02 8.314808000000e-02  1 1 1   0.00   0.00   0.00  
Cu  8.000000314233e-01 2.222222306214e-01 8.314808000000e-02  1 1 1   0.00   0.00   0.00  
Cu  7.996671036733e-01 1.119959561481e-01 1.657118263955e-01  1 1 1   0.00   0.00   0.00  
Cu  8.495816096171e-01 2.781196730623e-01 1.656488671717e-01  1 1 1   0.00   0.00   0.00  
Cu  7.995338954793e-01 2.247804083822e-03 2.487511043343e-01  1 1 1   0.00   0.00   0.00  
Cu  8.492512774031e-01 1.673185082392e-01 2.482126059841e-01  1 1 1   0.00   0.00   0.00  
Cu  9.000000353512e-01 0.000000000000e+00 0.000000000000e+00  1 1 1   0.00   0.00   0.00  
Cu  9.500000373152e-01 1.666666918643e-01 0.000000000000e+00  1 1 1   0.00   0.00   0.00  
Cu  9.500000373152e-01 5.555553875716e-02 8.314808000000e-02  1 1 1   0.00   0.00   0.00  
Cu  9.000000353512e-01 2.222222306214e-01 8.314808000000e-02  1 1 1   0.00   0.00   0.00  
Cu  9.000931896244e-01 1.126947127064e-01 1.659146273598e-01  1 1 1   0.00   0.00   0.00  
Cu  9.505442058295e-01 2.804181689167e-01 1.678709420296e-01  1 1 1   0.00   0.00   0.00  
Cu  8.999054893976e-01 2.249729931275e-03 2.489710126295e-01  1 1 1   0.00   0.00   0.00  
Cu  9.499933204350e-01 1.684424552755e-01 2.485410831516e-01  1 1 1   0.00   0.00   0.00  
Cu  0.000000000000e+00 3.333333081357e-01 0.000000000000e+00  1 1 1   0.00   0.00   0.00  
Cu  5.000000196396e-02 5.000000000000e-01 0.000000000000e+00  1 1 1   0.00   0.00   0.00  
Cu  5.000000196396e-02 3.888888468929e-01 8.314808000000e-02  1 1 1   0.00   0.00   0.00  
Cu  0.000000000000e+00 5.555555387572e-01 8.314808000000e-02  1 1 1   0.00   0.00   0.00  
Cu  -0.000000000000e+00 4.443398725853e-01 1.636549211873e-01  1 1 1   0.00   0.00   0.00  
Cu  4.966104158245e-02 6.153362659917e-01 1.650418391359e-01  1 1 1   0.00   0.00   0.00  
Cu  -0.000000000000e+00 3.402692279511e-01 2.555427323468e-01  1 1 1   0.00   0.00   0.00  
Cu  5.316157892202e-02 5.011685663900e-01 2.398956005034e-01  1 1 1   0.00   0.00   0.00  
Cu  1.000000039279e-01 3.333333081357e-01 0.000000000000e+00  1 1 1   0.00   0.00   0.00  
Cu  1.500000058919e-01 5.000000000000e-01 0.000000000000e+00  1 1 1   0.00   0.00   0.00  
Cu  1.500000058919e-01 3.888888468929e-01 8.314808000000e-02  1 1 1   0.00   0.00   0.00  
Cu  1.000000039279e-01 5.555555387572e-01 8.314808000000e-02  1 1 1   0.00   0.00   0.00  
Cu  1.013621697401e-01 4.439577812432e-01 1.635498644351e-01  1 1 1   0.00   0.00   0.00  
Cu  1.501136620511e-01 6.135230922264e-01 1.646781474967e-01  1 1 1   0.00   0.00   0.00  
Cu  1.026622426333e-01 3.338889055158e-01 2.482231665357e-01  1 1 1   0.00   0.00   0.00  
Cu  1.532047887780e-01 5.020880052025e-01 2.433287098856e-01  1 1 1   0.00   0.00   0.00  
Cu  2.000000078558e-01 3.333333081357e-01 0.000000000000e+00  1 1 1   0.00   0.00   0.00  
Cu  2.500000098198e-01 5.000000000000e-01 0.000000000000e+00  1 1 1   0.00   0.00   0.00  
Cu  2.500000098198e-01 3.888888468929e-01 8.314808000000e-02  1 1 1   0.00   0.00   0.00  
Cu  2.000000078558e-01 5.555555387572e-01 8.314808000000e-02  1 1 1   0.00   0.00   0.00  
Cu  2.015478392025e-01 4.444582629935e-01 1.643265429535e-01  1 1 1   0.00   0.00   0.00  
Cu  2.504105337319e-01 6.121383709796e-01 1.653419844453e-01  1 1 1   0.00   0.00   0.00  
Cu  2.019964094139e-01 3.349329618040e-01 2.471760852800e-01  1 1 1   0.00   0.00   0.00  
Cu  2.514473356466e-01 5.022402682723e-01 2.477729329040e-01  1 1 1   0.00   0.00   0.00  
Cu  3.000000117837e-01 3.333333081357e-01 0.000000000000e+00  1 1 1   0.00   0.00   0.00  
Cu  3.500000137477e-01 5.000000000000e-01 0.000000000000e+00  1 1 1   0.00   0.00   0.00  
Cu  3.500000137477e-01 3.888888468929e-01 8.314808000000e-02  1 1 1   0.00   0.00   0.00  
Cu  3.000000117837e-01 5.555555387572e-01 8.314808000000e-02  1 1 1   0.00   0.00   0.00  
Cu  3.007863945776e-01 4.451746440043e-01 1.654463760393e-01  1 1 1   0.00   0.00   0.00  
Cu  3.502353380248e-01 6.121440398562e-01 1.656357449033e-01  1 1 1   0.00   0.00   0.00  
Cu  3.009564392783e-01 3.353571270390e-01 2.480912915041e-01  1 1 1   0.00   0.00   0.00  
Cu  3.506977609254e-01 5.022426088413e-01 2.481443539107e-01  1 1 1   0.00   0.00   0.00  
Cu  4.000000157117e-01 3.333333081357e-01 0.000000000000e+00  1 1 1   0.00   0.00   0.00  
Cu  4.500000176756e-01 5.000000000000e-01 0.000000000000e+00  1 1 1   0.00   0.00   0.00  
Cu  4.500000176756e-01 3.888888468929e-01 8.314808000000e-02  1 1 1   0.00   0.00   0.00  
Cu  4.000000157117e-01 5.555555387572e-01 8.314808000000e-02  1 1 1   0.00   0.00   0.00  
Cu  4.003013836492e-01 4.455026329005e-01 1.656106880559e-01  1 1 1   0.00   0.00   0.00  
Cu  4.500814729052e-01 6.122297487684e-01 1.655891262184e-01  1 1 1   0.00   0.00   0.00  
Cu  4.003975930131e-01 3.354805308363e-01 2.480475384224e-01  1 1 1   0.00   0.00   0.00  
Cu  4.502326478121e-01 5.022335178019e-01 2.480783903292e-01  1 1 1   0.00   0.00   0.00  
Cu  5.000000196396e-01 3.333333081357e-01 0.000000000000e+00  1 1 1   0.00   0.00   0.00  
Cu  5.500000216035e-01 5.000000000000e-01 0.000000000000e+00  1 1 1   0.00   0.00   0.00  
Cu  5.500000216035e-01 3.888888468929e-01 8.314808000000e-02  1 1 1   0.00   0.00   0.00  
Cu  5.000000196396e-01 5.555555387572e-01 8.314808000000e-02  1 1 1   0.00   0.00   0.00  
Cu  5.000000196396e-01 4.456131336454e-01 1.655954928568e-01  1 1 1   0.00   0.00   0.00  
Cu  5.499185663740e-01 6.122297487684e-01 1.655891262184e-01  1 1 1   0.00   0.00   0.00  
Cu  5.000000196396e-01 3.355134540673e-01 2.479511205189e-01  1 1 1   0.00   0.00   0.00  
Cu  5.497673914671e-01 5.022335178019e-01 2.480783903292e-01  1 1 1   0.00   0.00   0.00  
Cu  6.000000235675e-01 3.333333081357e-01 0.000000000000e+00  1 1 1   0.00   0.00   0.00  
Cu  6.500000255314e-01 5.000000000000e-01 0.000000000000e+00  1 1 1   0.00   0.00   0.00  
Cu  6.500000255314e-01 3.888888468929e-01 8.314808000000e-02  1 1 1   0.00   0.00   0.00  
Cu  6.000000235675e-01 5.555555387572e-01 8.314808000000e-02  1 1 1   0.00   0.00   0.00  
Cu  5.996986556300e-01 4.455026329005e-01 1.656106880559e-01  1 1 1   0.00   0.00   0.00  
Cu  6.497647012544e-01 6.121440398562e-01 1.656357449033e-01  1 1 1   0.00   0.00   0.00  
Cu  5.996024462660e-01 3.354805308363e-01 2.480475384224e-01  1 1 1   0.00   0.00   0.00  
Cu  6.493022783537e-01 5.022426088413e-01 2.481443539107e-01  1 1 1   0.00   0.00   0.00  
Cu  7.000000274954e-01 3.333333081357e-01 0.000000000000e+00  1 1 1   0.00   0.00   0.00  
Cu  7.500000294594e-01 5.000000000000e-01 0.000000000000e+00  1 1 1   0.00   0.00   0.00  
Cu  7.500000294594e-01 3.888888468929e-01 8.314808000000e-02  1 1 1   0.00   0.00   0.00  
Cu  7.000000274954e-01 5.555555387572e-01 8.314808000000e-02  1 1 1   0.00   0.00   0.00  
Cu  6.992136447016e-01 4.451746440043e-01 1.654463760393e-01  1 1 1   0.00   0.00   0.00  
Cu  7.495895055473e-01 6.121383709796e-01 1.653419844453e-01  1 1 1   0.00   0.00   0.00  
Cu  6.990436000009e-01 3.353571270390e-01 2.480912915041e-01  1 1 1   0.00   0.00   0.00  
Cu  7.485527036326e-01 5.022402682723e-01 2.477729329040e-01  1 1 1   0.00   0.00   0.00  
Cu  8.000000314233e-01 3.333333081357e-01 0.000000000000e+00  1 1 1   0.00   0.00   0.00  
Cu  8.500000333873e-01 5.000000000000e-01 0.000000000000e+00  1 1 1   0.00   0.00   0.00  
Cu  8.500000333873e-01 3.888888468929e-01 8.314808000000e-02  1 1 1   0.00   0.00   0.00  
Cu  8.000000314233e-01 5.555555387572e-01 8.314808000000e-02  1 1 1   0.00   0.00   0.00  
Cu  7.984522000766e-01 4.444582629935e-01 1.643265429535e-01  1 1 1   0.00   0.00   0.00  
Cu  8.498863772281e-01 6.135230922264e-01 1.646781474967e-01  1 1 1   0.00   0.00   0.00  
Cu  7.980036298653e-01 3.349329618040e-01 2.471760852800e-01  1 1 1   0.00   0.00   0.00  
Cu  8.467952505011e-01 5.020880052025e-01 2.433287098856e-01  1 1 1   0.00   0.00   0.00  
Cu  9.000000353512e-01 3.333333081357e-01 0.000000000000e+00  1 1 1   0.00   0.00   0.00  
Cu  9.500000373152e-01 5.000000000000e-01 0.000000000000e+00  1 1 1   0.00   0.00   0.00  
Cu  9.500000373152e-01 3.888888468929e-01 8.314808000000e-02  1 1 1   0.00   0.00   0.00  
Cu  9.000000353512e-01 5.555555387572e-01 8.314808000000e-02  1 1 1   0.00   0.00   0.00  
Cu  8.986378695391e-01 4.439577812432e-01 1.635498644351e-01  1 1 1   0.00   0.00   0.00  
Cu  9.503389976967e-01 6.153362659917e-01 1.650418391359e-01  1 1 1   0.00   0.00   0.00  
Cu  8.973377966458e-01 3.338889055158e-01 2.482231665357e-01  1 1 1   0.00   0.00   0.00  
Cu  9.468384603571e-01 5.011685663900e-01 2.398956005034e-01  1 1 1   0.00   0.00   0.00  
Cu  0.000000000000e+00 6.666666162715e-01 0.000000000000e+00  1 1 1   0.00   0.00   0.00  
Cu  5.000000196396e-02 8.333333081357e-01 0.000000000000e+00  1 1 1   0.00   0.00   0.00  
Cu  5.000000196396e-02 7.222221550287e-01 8.314808000000e-02  1 1 1   0.00   0.00   0.00  
Cu  0.000000000000e+00 8.888888468929e-01 8.314808000000e-02  1 1 1   0.00   0.00   0.00  
Cu  -0.000000000000e+00 7.780316695290e-01 1.679100974330e-01  1 1 1   0.00   0.00   0.00  
Cu  4.989189488339e-02 9.461694540631e-01 1.659435286092e-01  1 1 1   0.00   0.00   0.00  
Cu  -0.000000000000e+00 6.638918229221e-01 2.551186117325e-01  1 1 1   0.00   0.00   0.00  
Cu  5.018709228639e-02 8.358796572615e-01 2.485469933145e-01  1 1 1   0.00   0.00   0.00  
Cu  1.000000039279e-01 6.666666162715e-01 0.000000000000e+00  1 1 1   0.00   0.00   0.00  
Cu  1.500000058919e-01 8.333333081357e-01 0.000000000000e+00  1 1 1   0.00   0.00   0.00  
Cu  1.500000058919e-01 7.222221550287e-01 8.314808000000e-02  1 1 1   0.00   0.00   0.00  
Cu  1.000000039279e-01 8.888888468929e-01 8.314808000000e-02  1 1 1   0.00   0.00   0.00  
Cu  1.000981652909e-01 7.801052915356e-01 1.660424708199e-01  1 1 1   0.00   0.00   0.00  
Cu  1.500351578136e-01 9.465407173310e-01 1.658072704673e-01  1 1 1   0.00   0.00   0.00  
Cu  1.022064533990e-01 6.706160900872e-01 2.475006850340e-01  1 1 1   0.00   0.00   0.00  
Cu  1.508106156621e-01 8.370944715993e-01 2.482111149461e-01  1 1 1   0.00   0.00   0.00  
Cu  2.000000078558e-01 6.666666162715e-01 0.000000000000e+00  1 1 1   0.00   0.00   0.00  
Cu  2.500000098198e-01 8.333333081357e-01 0.000000000000e+00  1 1 1   0.00   0.00   0.00  
Cu  2.500000098198e-01 7.222221550287e-01 8.314808000000e-02  1 1 1   0.00   0.00   0.00  
Cu  2.000000078558e-01 8.888888468929e-01 8.314808000000e-02  1 1 1   0.00   0.00   0.00  
Cu  2.002175138586e-01 7.795944885559e-01 1.656278464506e-01  1 1 1   0.00   0.00   0.00  
Cu  2.501261934828e-01 9.456779690065e-01 1.658107497404e-01  1 1 1   0.00   0.00   0.00  
Cu  2.017272349509e-01 6.697092563398e-01 2.472442469495e-01  1 1 1   0.00   0.00   0.00  
Cu  2.506232529045e-01 8.359347327533e-01 2.483551527400e-01  1 1 1   0.00   0.00   0.00  
Cu  3.000000117837e-01 6.666666162715e-01 0.000000000000e+00  1 1 1   0.00   0.00   0.00  
Cu  3.500000137477e-01 8.333333081357e-01 0.000000000000e+00  1 1 1   0.00   0.00   0.00  
Cu  3.500000137477e-01 7.222221550287e-01 8.314808000000e-02  1 1 1   0.00   0.00   0.00  
Cu  3.000000117837e-01 8.888888468929e-01 8.314808000000e-02  1 1 1   0.00   0.00   0.00  
Cu  3.001514282139e-01 7.788712045788e-01 1.656506677826e-01  1 1 1   0.00   0.00   0.00  
Cu  3.501206205364e-01 9.453845789781e-01 1.656926435114e-01  1 1 1   0.00   0.00   0.00  
Cu  3.008021815239e-01 6.689875271598e-01 2.481643460522e-01  1 1 1   0.00   0.00   0.00  
Cu  3.503200415777e-01 8.354712417108e-01 2.481489624208e-01  1 1 1   0.00   0.00   0.00  
Cu  4.000000157117e-01 6.666666162715e-01 0.000000000000e+00  1 1 1   0.00   0.00   0.00  
Cu  4.500000176756e-01 8.333333081357e-01 0.000000000000e+00  1 1 1   0.00   0.00   0.00  
Cu  4.500000176756e-01 7.222221550287e-01 8.314808000000e-02  1 1 1   0.00   0.00   0.00  
Cu  4.000000157117e-01 8.888888468929e-01 8.314808000000e-02  1 1 1   0.00   0.00   0.00  
Cu  4.000929660159e-01 7.788386809664e-01 1.656380616893e-01  1 1 1   0.00   0.00   0.00  
Cu  4.500895265570e-01 9.454882349821e-01 1.656810928527e-01  1 1 1   0.00   0.00   0.00  
Cu  4.003517088047e-01 6.689352057241e-01 2.480831666225e-01  1 1 1   0.00   0.00   0.00  
Cu  4.501518381471e-01 8.355067302499e-01 2.480208662685e-01  1 1 1   0.00   0.00   0.00  
Cu  5.000000196396e-01 6.666666162715e-01 0.000000000000e+00  1 1 1   0.00   0.00   0.00  
Cu  5.500000216035e-01 8.333333081357e-01 0.000000000000e+00  1 1 1   0.00   0.00   0.00  
Cu  5.500000216035e-01 7.222221550287e-01 8.314808000000e-02  1 1 1   0.00   0.00   0.00  
Cu  5.000000196396e-01 8.888888468929e-01 8.314808000000e-02  1 1 1   0.00   0.00   0.00  
Cu  5.000000196396e-01 7.788107508153e-01 1.656144108739e-01  1 1 1   0.00   0.00   0.00  
Cu  5.499105127222e-01 9.454882349821e-01 1.656810928527e-01  1 1 1   0.00   0.00   0.00  
Cu  5.000000196396e-01 6.689179569926e-01 2.480035031498e-01  1 1 1   0.00   0.00   0.00  
Cu  5.498482011321e-01 8.355067302499e-01 2.480208662685e-01  1 1 1   0.00   0.00   0.00  
Cu  6.000000235675e-01 6.666666162715e-01 0.000000000000e+00  1 1 1   0.00   0.00   0.00  
Cu  6.500000255314e-01 8.333333081357e-01 0.000000000000e+00  1 1 1   0.00   0.00   0.00  
Cu  6.500000255314e-01 7.222221550287e-01 8.314808000000e-02  1 1 1   0.00   0.00   0.00  
Cu  6.000000235675e-01 8.888888468929e-01 8.314808000000e-02  1 1 1   0.00   0.00   0.00  
Cu  5.999070732632e-01 7.788386809664e-01 1.656380616893e-01  1 1 1   0.00   0.00   0.00  
Cu  6.498794187428e-01 9.453845789781e-01 1.656926435114e-01  1 1 1   0.00   0.00   0.00  
Cu  5.996483304745e-01 6.689352057241e-01 2.480831666225e-01  1 1 1   0.00   0.00   0.00  
Cu  6.496799977014e-01 8.354712417108e-01 2.481489624208e-01  1 1 1   0.00   0.00   0.00  
Cu  7.000000274954e-01 6.666666162715e-01 0.000000000000e+00  1 1 1   0.00   0.00   0.00  
Cu  7.500000294594e-01 8.333333081357e-01 0.000000000000e+00  1 1 1   0.00   0.00   0.00  
Cu  7.500000294594e-01 7.222221550287e-01 8.314808000000e-02  1 1 1   0.00   0.00   0.00  
Cu  7.000000274954e-01 8.888888468929e-01 8.314808000000e-02  1 1 1   0.00   0.00   0.00  
Cu  6.998486110652e-01 7.788712045788e-01 1.656506677826e-01  1 1 1   0.00   0.00   0.00  
Cu  7.498738457964e-01 9.456779690065e-01 1.658107497404e-01  1 1 1   0.00   0.00   0.00  
Cu  6.991978577552e-01 6.689875271598e-01 2.481643460522e-01  1 1 1   0.00   0.00   0.00  
Cu  7.493767863746e-01 8.359347327533e-01 2.483551527400e-01  1 1 1   0.00   0.00   0.00  
Cu  8.000000314233e-01 6.666666162715e-01 0.000000000000e+00  1 1 1   0.00   0.00   0.00  
Cu  8.500000333873e-01 8.333333081357e-01 0.000000000000e+00  1 1 1   0.00   0.00   0.00  
Cu  8.500000333873e-01 7.222221550287e-01 8.314808000000e-02  1 1 1   0.00   0.00   0.00  
Cu  8.000000314233e-01 8.888888468929e-01 8.314808000000e-02  1 1 1   0.00   0.00   0.00  
Cu  7.997825254206e-01 7.795944885559e-01 1.656278464506e-01  1 1 1   0.00   0.00   0.00  
Cu  8.499648814655e-01 9.465407173310e-01 1.658072704673e-01  1 1 1   0.00   0.00   0.00  
Cu  7.982728043283e-01 6.697092563398e-01 2.472442469495e-01  1 1 1   0.00   0.00   0.00  
Cu  8.491894236171e-01 8.370944715993e-01 2.482111149461e-01  1 1 1   0.00   0.00   0.00  
Cu  9.000000353512e-01 6.666666162715e-01 0.000000000000e+00  1 1 1   0.00   0.00   0.00  
Cu  9.500000373152e-01 8.333333081357e-01 0.000000000000e+00  1 1 1   0.00   0.00   0.00  
Cu  9.500000373152e-01 7.222221550287e-01 8.314808000000e-02  1 1 1   0.00   0.00   0.00  
Cu  9.000000353512e-01 8.888888468929e-01 8.314808000000e-02  1 1 1   0.00   0.00   0.00  
Cu  8.999018739882e-01 7.801052915356e-01 1.660424708199e-01  1 1 1   0.00   0.00   0.00  
Cu  9.501081443958e-01 9.461694540631e-01 1.659435286092e-01  1 1 1   0.00   0.00   0.00  
Cu  8.977935858802e-01 6.706160900872e-01 2.475006850340e-01  1 1 1   0.00   0.00   0.00  
Cu  9.498129469928e-01 8.358796572615e-01 2.485469933145e-01  1 1 1   0.00   0.00   0.00  
Cu  -0.000000000000e+00 5.034932597129e-01 3.190553994524e-01  1 1 1   0.00   0.00   0.00  
C  -0.000000000000e+00 1.076549300002e-01 4.388508343886e-01  1 1 1   0.00   0.00   0.00  
C  4.877140841786e-02 5.599483879658e-02 4.446101450222e-01  1 1 1   0.00   0.00   0.00  
C  4.879221381195e-02 9.492071992244e-01 4.450333957367e-01  1 1 1   0.00   0.00   0.00  
C  -0.000000000000e+00 8.974255392988e-01 4.396174650799e-01  1 1 1   0.00   0.00   0.00  
C  9.512077861881e-01 9.492071992244e-01 4.450333957367e-01  1 1 1   0.00   0.00   0.00  
C  9.512285915821e-01 5.599483879658e-02 4.446101450222e-01  1 1 1   0.00   0.00   0.00  
C  -0.000000000000e+00 2.049191701943e-01 4.153572634496e-01  1 1 1   0.00   0.00   0.00  
C  4.839767347430e-02 2.501485195890e-01 4.002606245226e-01  1 1 1   0.00   0.00   0.00  
C  9.713626541602e-02 2.073691977888e-01 4.164870455970e-01  1 1 1   0.00   0.00   0.00  
C  9.743826466828e-02 1.083675769250e-01 4.378087565657e-01  1 1 1   0.00   0.00   0.00  
C  1.461970427530e-01 5.625182052019e-02 4.418688802848e-01  1 1 1   0.00   0.00   0.00  
C  1.462273267430e-01 9.491412427132e-01 4.421636897937e-01  1 1 1   0.00   0.00   0.00  
C  9.748419499221e-02 8.968390564671e-01 4.384527911832e-01  1 1 1   0.00   0.00   0.00  
C  9.718029119060e-02 7.977259604317e-01 4.172791040275e-01  1 1 1   0.00   0.00   0.00  
C  4.841202261494e-02 7.550313710419e-01 4.010277848444e-01  1 1 1   0.00   0.00   0.00  
C  -0.000000000000e+00 7.999821001366e-01 4.163145955139e-01  1 1 1   0.00   0.00   0.00  
C  9.515879773851e-01 7.550313710419e-01 4.010277848444e-01  1 1 1   0.00   0.00   0.00  
C  9.028197088094e-01 7.977259604317e-01 4.172791040275e-01  1 1 1   0.00   0.00   0.00  
C  9.025158050078e-01 8.968390564671e-01 4.384527911832e-01  1 1 1   0.00   0.00   0.00  
C  8.537726732570e-01 9.491412427132e-01 4.421636897937e-01  1 1 1   0.00   0.00   0.00  
C  8.538029572470e-01 5.625182052019e-02 4.418688802848e-01  1 1 1   0.00   0.00   0.00  
C  9.025617353317e-01 1.083675769250e-01 4.378087565657e-01  1 1 1   0.00   0.00   0.00  
C  9.028637345840e-01 2.073691977888e-01 4.164870455970e-01  1 1 1   0.00   0.00   0.00  
C  9.516023265257e-01 2.501485195890e-01 4.002606245226e-01  1 1 1   0.00   0.00   0.00  
C  9.519191229494e-01 3.315492669712e-01 3.633242249528e-01  1 1 1   0.00   0.00   0.00  
C  -0.000000000000e+00 3.660808055270e-01 3.407059417333e-01  1 1 1   0.00   0.00   0.00  
C  4.808087705058e-02 3.315492669712e-01 3.633242249528e-01  1 1 1   0.00   0.00   0.00  
C  9.760337803644e-02 3.754954236627e-01 3.496887674165e-01  1 1 1   0.00   0.00   0.00  
C  1.443111415498e-01 3.441463573717e-01 3.713524868916e-01  1 1 1   0.00   0.00   0.00  
C  1.458896043236e-01 2.560115494619e-01 4.038809542466e-01  1 1 1   0.00   0.00   0.00  
C  1.936011872200e-01 2.099201693758e-01 4.176868934940e-01  1 1 1   0.00   0.00   0.00  
C  1.948022336050e-01 1.095260624504e-01 4.350862706101e-01  1 1 1   0.00   0.00   0.00  
C  2.431930928898e-01 5.430253029107e-02 4.383743521370e-01  1 1 1   0.00   0.00   0.00  
C  2.432280399944e-01 9.511246707940e-01 4.386224710438e-01  1 1 1   0.00   0.00   0.00  
C  1.948522335087e-01 8.958086443300e-01 4.355388617387e-01  1 1 1   0.00   0.00   0.00  
C  1.936549822673e-01 7.952902417414e-01 4.183459147956e-01  1 1 1   0.00   0.00   0.00  
C  1.459316514654e-01 7.492927268621e-01 4.044458385766e-01  1 1 1   0.00   0.00   0.00  
C  1.443813219078e-01 6.620046778756e-01 3.712844363843e-01  1 1 1   0.00   0.00   0.00  
C  9.767493400726e-02 6.315649259558e-01 3.492494239877e-01  1 1 1   0.00   0.00   0.00  
C  4.810713803529e-02 6.748258435633e-01 3.633480888119e-01  1 1 1   0.00   0.00   0.00  
C  -0.000000000000e+00 6.412672076830e-01 3.402828301546e-01  1 1 1   0.00   0.00   0.00  
C  9.518928619647e-01 6.748258435633e-01 3.633480888119e-01  1 1 1   0.00   0.00   0.00  
C  9.023250659927e-01 6.315649259558e-01 3.492494239877e-01  1 1 1   0.00   0.00   0.00  
C  8.556186780922e-01 6.620046778756e-01 3.712844363843e-01  1 1 1   0.00   0.00   0.00  
C  8.540683485346e-01 7.492927268621e-01 4.044458385766e-01  1 1 1   0.00   0.00   0.00  
C  8.063450177327e-01 7.952902417414e-01 4.183459147956e-01  1 1 1   0.00   0.00   0.00  
C  8.051477664913e-01 8.958086443300e-01 4.355388617387e-01  1 1 1   0.00   0.00   0.00  
C  7.567719600056e-01 9.511246707940e-01 4.386224710438e-01  1 1 1   0.00   0.00   0.00  
C  7.568069071102e-01 5.430253029107e-02 4.383743521370e-01  1 1 1   0.00   0.00   0.00  
C  8.051977663950e-01 1.095260624504e-01 4.350862706101e-01  1 1 1   0.00   0.00   0.00  
C  8.063988127800e-01 2.099201693758e-01 4.176868934940e-01  1 1 1   0.00   0.00   0.00  
C  8.541103956764e-01 2.560115494619e-01 4.038809542466e-01  1 1 1   0.00   0.00   0.00  
C  8.556888584502e-01 3.441463573717e-01 3.713524868916e-01  1 1 1   0.00   0.00   0.00  
C  9.023966219636e-01 3.754954236627e-01 3.496887674165e-01  1 1 1   0.00   0.00   0.00  
H  9.025704393719e-01 5.674962271635e-01 3.217390255714e-01  1 1 1   0.00   0.00   0.00  
H  9.742956062809e-02 5.674962271635e-01 3.217390255714e-01  1 1 1   0.00   0.00   0.00  
H  1.810058755219e-01 3.827207882090e-01 3.609174180782e-01  1 1 1   0.00   0.00   0.00  
H  2.305183041978e-01 2.489211995814e-01 4.087634908322e-01  1 1 1   0.00   0.00   0.00  
H  2.801247607752e-01 9.637814889863e-02 4.365163777093e-01  1 1 1   0.00   0.00   0.00  
H  2.801952504913e-01 9.091319238193e-01 4.370070858115e-01  1 1 1   0.00   0.00   0.00  
H  2.305642587122e-01 7.562680894672e-01 4.094365173764e-01  1 1 1   0.00   0.00   0.00  
H  1.811018056755e-01 6.238854380132e-01 3.604731243790e-01  1 1 1   0.00   0.00   0.00  
H  9.726011925435e-02 4.408431987156e-01 3.231281520249e-01  1 1 1   0.00   0.00   0.00  
H  9.027398807457e-01 4.408431987156e-01 3.231281520249e-01  1 1 1   0.00   0.00   0.00  
H  8.188981943245e-01 6.238854380132e-01 3.604731243790e-01  1 1 1   0.00   0.00   0.00  
H  7.694357412878e-01 7.562680894672e-01 4.094365173764e-01  1 1 1   0.00   0.00   0.00  
H  7.198047495087e-01 9.091319238193e-01 4.370070858115e-01  1 1 1   0.00   0.00   0.00  
H  7.198752392248e-01 9.637814889863e-02 4.365163777093e-01  1 1 1   0.00   0.00   0.00  
H  7.694816958022e-01 2.489211995814e-01 4.087634908322e-01  1 1 1   0.00   0.00   0.00  
H  8.189941244781e-01 3.827207882090e-01 3.609174180782e-01  1 1 1   0.00   0.00   0.00  
"  
