&& imag part epsilon2(omega) tensor, xx, yy,zz xy, xz, yz
0.000000    8.811544e-06 5.885968e-05 1.606852e-06   2.920237e-06 -1.228256e-13 1.120674e-12
0.010000    1.226883e+01 1.226883e+01 5.818604e-01   1.632543e-15 0.000000e+00 0.000000e+00
0.020000    3.077581e+00 3.077581e+00 1.457596e-01   0.000000e+00 0.000000e+00 0.000000e+00
0.030000    1.372448e+00 1.372448e+00 6.491330e-02   0.000000e+00 0.000000e+00 9.009404e-25
0.040000    7.746222e-01 7.746222e-01 3.658780e-02   -5.101696e-17 0.000000e+00 5.067789e-25
0.050000    4.974439e-01 4.974439e-01 2.346374e-02   3.265086e-17 0.000000e+00 0.000000e+00
0.060000    3.466239e-01 3.466239e-01 1.632738e-02   4.534841e-17 0.000000e+00 0.000000e+00
0.070000    2.555315e-01 2.555315e-01 1.202003e-02   4.997580e-17 0.000000e+00 0.000000e+00
0.080000    1.963102e-01 1.963102e-01 9.221580e-03   -2.550848e-17 -1.462945e-25 -1.266947e-25
0.090000    1.556406e-01 1.556406e-01 7.301042e-03   0.000000e+00 0.000000e+00 0.000000e+00
0.100000    1.265015e-01 1.265015e-01 5.925913e-03   8.162714e-18 0.000000e+00 0.000000e+00
0.110000    1.049061e-01 1.049061e-01 4.907454e-03   0.000000e+00 0.000000e+00 -6.701209e-26
0.120000    8.845382e-02 8.845382e-02 4.132057e-03   3.401131e-17 0.000000e+00 0.000000e+00
0.130000    7.562899e-02 7.562899e-02 3.528014e-03   0.000000e+00 0.000000e+00 4.797907e-26
0.140000    6.543612e-02 6.543612e-02 3.048246e-03   0.000000e+00 -4.776963e-26 -4.136971e-26
0.150000    5.719954e-02 5.719954e-02 2.660808e-03   0.000000e+00 0.000000e+00 -3.603761e-26
0.160000    5.044746e-02 5.044746e-02 2.343403e-03   6.377120e-18 0.000000e+00 0.000000e+00
0.170000    4.484235e-02 4.484235e-02 2.080084e-03   -5.648937e-18 0.000000e+00 2.805697e-26
0.180000    4.013756e-02 4.013756e-02 1.859201e-03   0.000000e+00 0.000000e+00 0.000000e+00
0.190000    3.614943e-02 3.614943e-02 1.672083e-03   0.000000e+00 0.000000e+00 2.246112e-26
0.200000    3.273890e-02 3.273890e-02 1.512167e-03   0.000000e+00 -2.340712e-26 -2.027116e-26
0.210000    2.979914e-02 2.979914e-02 1.374411e-03   0.000000e+00 2.123095e-26 1.838654e-26
0.220000    2.724696e-02 2.724696e-02 1.254891e-03   3.373022e-18 0.000000e+00 -1.675302e-26
0.230000    2.501680e-02 2.501680e-02 1.150517e-03   -3.086092e-18 0.000000e+00 0.000000e+00
0.240000    2.305641e-02 2.305641e-02 1.058826e-03   5.668551e-18 0.000000e+00 0.000000e+00
0.250000    2.132376e-02 2.132376e-02 9.778367e-04   2.612068e-18 0.000000e+00 0.000000e+00
0.260000    1.978471e-02 1.978471e-02 9.059407e-04   0.000000e+00 1.385037e-26 0.000000e+00
0.270000    1.841130e-02 1.841130e-02 8.418215e-04   4.478855e-18 1.284341e-26 0.000000e+00
0.280000    1.718044e-02 1.718044e-02 7.843926e-04   0.000000e+00 0.000000e+00 0.000000e+00
0.290000    1.607295e-02 1.607295e-02 7.327511e-04   0.000000e+00 0.000000e+00 0.000000e+00
0.300000    1.507278e-02 1.507278e-02 6.861418e-04   0.000000e+00 0.000000e+00 0.000000e+00
0.310000    1.416641e-02 1.416641e-02 6.439288e-04   0.000000e+00 0.000000e+00 0.000000e+00
0.320000    1.334238e-02 1.334238e-02 6.055738e-04   -1.594280e-18 0.000000e+00 0.000000e+00
0.330000    1.259095e-02 1.259095e-02 5.706185e-04   1.499121e-18 -8.597655e-27 0.000000e+00
0.340000    1.190377e-02 1.190377e-02 5.386710e-04   0.000000e+00 0.000000e+00 0.000000e+00
0.350000    1.127368e-02 1.127368e-02 5.093941e-04   2.665376e-18 0.000000e+00 0.000000e+00
0.360000    1.069446e-02 1.069446e-02 4.824970e-04   0.000000e+00 0.000000e+00 0.000000e+00
0.370000    1.016074e-02 1.016074e-02 4.577272e-04   -2.385015e-18 0.000000e+00 0.000000e+00
0.380000    9.667849e-03 9.667849e-03 4.348650e-04   2.261140e-18 0.000000e+00 0.000000e+00
0.390000    9.211684e-03 9.211684e-03 4.137184e-04   -3.220005e-18 0.000000e+00 0.000000e+00
0.400000    8.788658e-03 8.788658e-03 3.941191e-04   1.020339e-18 0.000000e+00 0.000000e+00
0.410000    8.395608e-03 8.395608e-03 3.759189e-04   0.000000e+00 0.000000e+00 0.000000e+00
0.420000    8.029744e-03 8.029744e-03 3.589869e-04   -9.254778e-19 0.000000e+00 0.000000e+00
0.430000    7.688593e-03 7.688593e-03 3.432074e-04   -8.829328e-19 0.000000e+00 0.000000e+00
0.440000    7.369958e-03 7.369958e-03 3.284774e-04   -3.373022e-18 0.000000e+00 0.000000e+00
0.450000    7.071883e-03 7.071883e-03 3.147053e-04   0.000000e+00 -4.623628e-27 0.000000e+00
0.460000    6.792620e-03 6.792620e-03 3.018093e-04   -7.715230e-19 0.000000e+00 0.000000e+00
0.470000    6.530603e-03 6.530603e-03 2.897162e-04   1.478083e-18 0.000000e+00 7.341298e-27
0.480000    6.284427e-03 6.284427e-03 2.783602e-04   7.085689e-19 0.000000e+00 0.000000e+00
0.490000    6.052828e-03 6.052828e-03 2.676823e-04   6.799428e-19 0.000000e+00 0.000000e+00
0.500000    5.834666e-03 5.834666e-03 2.576291e-04   -6.530171e-19 0.000000e+00 0.000000e+00
0.510000    5.628911e-03 5.628911e-03 2.481525e-04   1.255319e-18 0.000000e+00 0.000000e+00
0.520000    5.434630e-03 5.434630e-03 2.392090e-04   -1.207502e-18 0.000000e+00 0.000000e+00
0.530000    5.250977e-03 5.250977e-03 2.307590e-04   0.000000e+00 3.333160e-27 0.000000e+00
0.540000    5.077182e-03 5.077182e-03 2.227665e-04   0.000000e+00 0.000000e+00 0.000000e+00
0.550000    4.912544e-03 4.912544e-03 2.151989e-04   0.000000e+00 0.000000e+00 0.000000e+00
0.560000    4.756426e-03 4.756426e-03 2.080264e-04   5.205812e-19 0.000000e+00 0.000000e+00
0.570000    4.608242e-03 4.608242e-03 2.012217e-04   -1.004951e-18 2.881763e-27 0.000000e+00
0.580000    4.467458e-03 4.467458e-03 1.947600e-04   0.000000e+00 0.000000e+00 0.000000e+00
0.590000    4.333584e-03 4.333584e-03 1.886183e-04   -4.689867e-19 2.689700e-27 0.000000e+00
0.600000    4.206170e-03 4.206170e-03 1.827757e-04   -4.534841e-19 0.000000e+00 0.000000e+00
0.610000    4.084803e-03 4.084803e-03 1.772129e-04   -4.387376e-19 0.000000e+00 4.358217e-27
0.620000    3.969101e-03 3.969101e-03 1.719122e-04   0.000000e+00 0.000000e+00 -4.218763e-27
0.630000    3.858714e-03 3.858714e-03 1.668572e-04   0.000000e+00 0.000000e+00 0.000000e+00
0.640000    3.753318e-03 3.753318e-03 1.620329e-04   0.000000e+00 0.000000e+00 -3.959211e-27
0.650000    3.652612e-03 3.652612e-03 1.574253e-04   -7.728013e-19 0.000000e+00 3.838326e-27
0.660000    3.556319e-03 3.556319e-03 1.530216e-04   0.000000e+00 0.000000e+00 0.000000e+00
0.670000    3.464182e-03 3.464182e-03 1.488096e-04   3.636763e-19 -2.085731e-27 0.000000e+00
0.680000    3.375963e-03 3.375963e-03 1.447785e-04   3.530586e-19 0.000000e+00 0.000000e+00
0.690000    3.291440e-03 3.291440e-03 1.409178e-04   -3.428991e-19 0.000000e+00 -3.406202e-27
0.700000    3.210408e-03 3.210408e-03 1.372180e-04   0.000000e+00 1.910785e-27 0.000000e+00
0.710000    3.132674e-03 3.132674e-03 1.336703e-04   0.000000e+00 0.000000e+00 0.000000e+00
0.720000    3.058060e-03 3.058060e-03 1.302662e-04   0.000000e+00 0.000000e+00 3.128265e-27
0.730000    2.986399e-03 2.986399e-03 1.269982e-04   0.000000e+00 0.000000e+00 0.000000e+00
0.740000    2.917536e-03 2.917536e-03 1.238589e-04   0.000000e+00 0.000000e+00 -2.961455e-27
0.750000    2.851326e-03 2.851326e-03 1.208416e-04   -8.706895e-19 0.000000e+00 2.883009e-27
0.760000    2.787632e-03 2.787632e-03 1.179400e-04   0.000000e+00 0.000000e+00 0.000000e+00
0.770000    2.726327e-03 2.726327e-03 1.151483e-04   0.000000e+00 0.000000e+00 0.000000e+00
0.780000    2.667293e-03 2.667293e-03 1.124608e-04   0.000000e+00 0.000000e+00 0.000000e+00
0.790000    2.610416e-03 2.610416e-03 1.098724e-04   -2.615835e-19 0.000000e+00 0.000000e+00
0.800000    2.555592e-03 2.555592e-03 1.073783e-04   -2.550848e-19 0.000000e+00 2.533895e-27
0.810000    2.502723e-03 2.502723e-03 1.049739e-04   0.000000e+00 0.000000e+00 0.000000e+00
0.820000    2.451715e-03 2.451715e-03 1.026548e-04   -7.283802e-19 0.000000e+00 0.000000e+00
0.830000    2.402482e-03 2.402482e-03 1.004171e-04   4.739564e-19 0.000000e+00 0.000000e+00
0.840000    2.354941e-03 2.354941e-03 9.825687e-05   0.000000e+00 1.326934e-27 0.000000e+00
0.850000    2.309015e-03 2.309015e-03 9.617064e-05   -2.259575e-19 0.000000e+00 0.000000e+00
0.860000    2.264631e-03 2.264631e-03 9.415500e-05   0.000000e+00 0.000000e+00 0.000000e+00
0.870000    2.221720e-03 2.221720e-03 9.220677e-05   0.000000e+00 0.000000e+00 0.000000e+00
0.880000    2.180217e-03 2.180217e-03 9.032294e-05   6.324417e-19 0.000000e+00 0.000000e+00
0.890000    2.140061e-03 2.140061e-03 8.850067e-05   0.000000e+00 0.000000e+00 0.000000e+00
0.900000    2.101193e-03 2.101193e-03 8.673727e-05   0.000000e+00 -1.155907e-27 0.000000e+00
0.910000    2.063558e-03 2.063558e-03 8.503022e-05   3.942864e-19 0.000000e+00 0.000000e+00
0.920000    2.027105e-03 2.027105e-03 8.337710e-05   -5.786423e-19 0.000000e+00 0.000000e+00
0.930000    1.991784e-03 1.991784e-03 8.177565e-05   0.000000e+00 -4.330141e-27 1.875006e-27
0.940000    1.957549e-03 1.957549e-03 8.022371e-05   -5.542812e-19 1.059625e-27 0.000000e+00
0.950000    1.924355e-03 1.924355e-03 7.871923e-05   -5.426735e-19 -1.037435e-27 0.000000e+00
0.960000    1.892160e-03 1.892160e-03 7.726028e-05   0.000000e+00 0.000000e+00 0.000000e+00
0.970000    1.860924e-03 1.860924e-03 7.584502e-05   0.000000e+00 0.000000e+00 0.000000e+00
0.980000    1.830610e-03 1.830610e-03 7.447170e-05   -6.799428e-19 0.000000e+00 0.000000e+00
0.990000    1.801181e-03 1.801181e-03 7.313866e-05   0.000000e+00 -9.552951e-28 0.000000e+00
1.000000    1.772602e-03 1.772602e-03 7.184432e-05   -1.632543e-19 0.000000e+00 0.000000e+00
1.010000    1.744843e-03 1.744843e-03 7.058719e-05   1.600375e-19 9.178362e-28 0.000000e+00
1.020000    1.717870e-03 1.717870e-03 6.936582e-05   0.000000e+00 8.999276e-28 0.000000e+00
1.030000    1.691656e-03 1.691656e-03 6.817887e-05   1.538828e-19 0.000000e+00 0.000000e+00
1.040000    1.666171e-03 1.666171e-03 6.702504e-05   0.000000e+00 0.000000e+00 0.000000e+00
1.050000    1.641389e-03 1.641389e-03 6.590308e-05   -4.442293e-19 -8.492378e-28 0.000000e+00
1.060000    1.617284e-03 1.617284e-03 6.481183e-05   -1.452957e-19 -8.332900e-28 0.000000e+00
1.070000    1.593832e-03 1.593832e-03 6.375016e-05   1.425926e-19 0.000000e+00 0.000000e+00
1.080000    1.571009e-03 1.571009e-03 6.271700e-05   0.000000e+00 8.027132e-28 0.000000e+00
1.090000    1.548793e-03 1.548793e-03 6.171132e-05   -4.122236e-19 1.576104e-27 0.000000e+00
1.100000    1.527164e-03 1.527164e-03 6.073215e-05   2.698418e-19 -7.737890e-28 0.000000e+00
1.110000    1.506099e-03 1.506099e-03 5.977854e-05   0.000000e+00 7.599096e-28 0.000000e+00
1.120000    1.485581e-03 1.485581e-03 5.884962e-05   0.000000e+00 -1.492801e-27 0.000000e+00
1.130000    1.465591e-03 1.465591e-03 5.794452e-05   0.000000e+00 -7.332482e-28 0.000000e+00
1.140000    1.446109e-03 1.446109e-03 5.706243e-05   0.000000e+00 0.000000e+00 0.000000e+00
1.150000    1.427121e-03 1.427121e-03 5.620256e-05   -2.468874e-19 0.000000e+00 0.000000e+00
1.160000    1.408609e-03 1.408609e-03 5.536416e-05   -1.213245e-19 6.958120e-28 0.000000e+00
1.170000    1.390557e-03 1.390557e-03 5.454652e-05   0.000000e+00 2.735875e-27 -1.184668e-27
1.180000    1.372951e-03 1.372951e-03 5.374895e-05   0.000000e+00 -6.724251e-28 0.000000e+00
1.190000    1.355776e-03 1.355776e-03 5.297079e-05   0.000000e+00 1.322343e-27 0.000000e+00
1.200000    1.339019e-03 1.339019e-03 5.221141e-05   1.133710e-19 -2.600791e-27 1.126175e-27
1.210000    1.322666e-03 1.322666e-03 5.147020e-05   1.115049e-19 0.000000e+00 0.000000e+00
1.220000    1.306704e-03 1.306704e-03 5.074658e-05   0.000000e+00 0.000000e+00 0.000000e+00
1.230000    1.291122e-03 1.291122e-03 5.003998e-05   -1.079082e-19 -2.475470e-27 1.071910e-27
1.240000    1.275907e-03 1.275907e-03 4.934989e-05   -2.123495e-19 0.000000e+00 0.000000e+00
1.250000    1.261049e-03 1.261049e-03 4.867577e-05   0.000000e+00 0.000000e+00 0.000000e+00
1.260000    1.246536e-03 1.246536e-03 4.801713e-05   2.056617e-19 0.000000e+00 0.000000e+00
1.270000    1.232358e-03 1.232358e-03 4.737350e-05   0.000000e+00 5.804977e-28 0.000000e+00
1.280000    1.218506e-03 1.218506e-03 4.674442e-05   -9.964250e-20 0.000000e+00 0.000000e+00
1.290000    1.204969e-03 1.204969e-03 4.612945e-05   -9.810365e-20 0.000000e+00 0.000000e+00
1.300000    1.191738e-03 1.191738e-03 4.552816e-05   9.660016e-20 -2.216058e-27 9.595814e-28
1.310000    1.178804e-03 1.178804e-03 4.494015e-05   -2.853929e-19 2.182355e-27 -9.449873e-28
1.320000    1.166159e-03 1.166159e-03 4.436503e-05   1.873901e-19 0.000000e+00 -9.307235e-28
1.330000    1.153795e-03 1.153795e-03 4.380241e-05   0.000000e+00 1.058607e-27 0.000000e+00
1.340000    1.141703e-03 1.141703e-03 4.325194e-05   0.000000e+00 0.000000e+00 0.000000e+00
1.350000    1.129876e-03 1.129876e-03 4.271326e-05   8.957711e-20 2.054946e-27 -8.898176e-28
1.360000    1.118307e-03 1.118307e-03 4.218603e-05   0.000000e+00 0.000000e+00 0.000000e+00
1.370000    1.106987e-03 1.106987e-03 4.166993e-05   1.739616e-19 4.988463e-28 0.000000e+00
1.380000    1.095912e-03 1.095912e-03 4.116465e-05   0.000000e+00 0.000000e+00 0.000000e+00
1.390000    1.085073e-03 1.085073e-03 4.066987e-05   -8.449577e-20 0.000000e+00 0.000000e+00
1.400000    1.074464e-03 1.074464e-03 4.018531e-05   -3.331720e-19 -4.776963e-28 0.000000e+00
1.410000    1.064080e-03 1.064080e-03 3.971069e-05   0.000000e+00 0.000000e+00 8.156997e-28
1.420000    1.053914e-03 1.053914e-03 3.924573e-05   8.096324e-20 0.000000e+00 0.000000e+00
1.430000    1.043960e-03 1.043960e-03 3.879017e-05   0.000000e+00 -9.157266e-28 0.000000e+00
1.440000    1.034214e-03 1.034214e-03 3.834376e-05   0.000000e+00 0.000000e+00 0.000000e+00
1.450000    1.024669e-03 1.024669e-03 3.790624e-05   1.552954e-19 0.000000e+00 0.000000e+00
1.460000    1.015320e-03 1.015320e-03 3.747739e-05   0.000000e+00 0.000000e+00 -7.607866e-28
1.470000    1.006163e-03 1.006163e-03 3.705697e-05   0.000000e+00 0.000000e+00 0.000000e+00
1.480000    9.971917e-04 9.971917e-04 3.664476e-05   1.490634e-19 0.000000e+00 0.000000e+00
1.490000    9.884027e-04 9.884027e-04 3.624055e-05   2.941386e-19 0.000000e+00 0.000000e+00
1.500000    9.797909e-04 9.797909e-04 3.584413e-05   -2.176724e-19 0.000000e+00 0.000000e+00
1.510000    9.713519e-04 9.713519e-04 3.545530e-05   0.000000e+00 0.000000e+00 0.000000e+00
1.520000    9.630816e-04 9.630816e-04 3.507386e-05   7.066061e-20 -4.052479e-28 0.000000e+00
1.530000    9.549758e-04 9.549758e-04 3.469962e-05   3.486998e-19 -1.599871e-27 6.927646e-28
1.540000    9.470305e-04 9.470305e-04 3.433242e-05   0.000000e+00 -3.947903e-28 0.000000e+00
1.550000    9.392418e-04 9.392418e-04 3.397206e-05   0.000000e+00 3.897127e-28 0.000000e+00
1.560000    9.316061e-04 9.316061e-04 3.361837e-05   0.000000e+00 3.847324e-28 0.000000e+00
1.570000    9.241197e-04 9.241197e-04 3.327120e-05   -1.324632e-19 3.798469e-28 0.000000e+00
1.580000    9.167791e-04 9.167791e-04 3.293039e-05   2.615835e-19 0.000000e+00 0.000000e+00
1.590000    9.095810e-04 9.095810e-04 3.259576e-05   6.457588e-20 1.481404e-27 -6.414670e-28
1.600000    9.025220e-04 9.025220e-04 3.226719e-05   1.275424e-19 3.657362e-28 0.000000e+00
1.610000    8.955989e-04 8.955989e-04 3.194452e-05   0.000000e+00 0.000000e+00 0.000000e+00
1.620000    8.888086e-04 8.888086e-04 3.162760e-05   -1.244126e-19 3.567614e-28 0.000000e+00
1.630000    8.821483e-04 8.821483e-04 3.131631e-05   -1.843362e-19 3.523974e-28 0.000000e+00
1.640000    8.756149e-04 8.756149e-04 3.101051e-05   0.000000e+00 0.000000e+00 0.000000e+00
1.650000    8.692056e-04 8.692056e-04 3.071006e-05   1.199297e-19 0.000000e+00 0.000000e+00
1.660000    8.629177e-04 8.629177e-04 3.041485e-05   -5.924455e-20 0.000000e+00 5.885080e-28
1.670000    8.567486e-04 8.567486e-04 3.012476e-05   5.853716e-20 3.357183e-28 0.000000e+00
1.680000    8.506956e-04 8.506956e-04 2.983966e-05   5.784236e-20 -3.317335e-28 0.000000e+00
1.690000    8.447563e-04 8.447563e-04 2.955944e-05   -1.143197e-19 3.278193e-28 0.000000e+00
1.700000    8.389283e-04 8.389283e-04 2.928399e-05   0.000000e+00 -3.239739e-28 0.000000e+00
1.710000    8.332091e-04 8.332091e-04 2.901320e-05   2.233224e-19 0.000000e+00 0.000000e+00
1.720000    8.275966e-04 8.275966e-04 2.874697e-05   -1.103666e-19 -6.329669e-28 0.000000e+00
1.730000    8.220884e-04 8.220884e-04 2.848519e-05   1.090944e-19 0.000000e+00 0.000000e+00
1.740000    8.166825e-04 8.166825e-04 2.822776e-05   -5.392201e-20 0.000000e+00 0.000000e+00
1.750000    8.113767e-04 8.113767e-04 2.797460e-05   0.000000e+00 -3.057256e-28 0.000000e+00
1.760000    8.061690e-04 8.061690e-04 2.772560e-05   -1.054069e-19 0.000000e+00 5.235320e-28
1.770000    8.010574e-04 8.010574e-04 2.748067e-05   0.000000e+00 0.000000e+00 0.000000e+00
1.780000    7.960400e-04 7.960400e-04 2.723973e-05   -2.576289e-19 0.000000e+00 0.000000e+00
1.790000    7.911150e-04 7.911150e-04 2.700269e-05   0.000000e+00 -5.844291e-28 -5.061305e-28
1.800000    7.862805e-04 7.862805e-04 2.676946e-05   0.000000e+00 5.779535e-28 5.005224e-28
1.810000    7.815347e-04 7.815347e-04 2.653997e-05   0.000000e+00 -5.715849e-28 -4.950071e-28
1.820000    7.768759e-04 7.768759e-04 2.631413e-05   0.000000e+00 0.000000e+00 0.000000e+00
1.830000    7.723026e-04 7.723026e-04 2.609187e-05   0.000000e+00 0.000000e+00 0.000000e+00
1.840000    7.678129e-04 7.678129e-04 2.587311e-05   0.000000e+00 0.000000e+00 -4.789971e-28
1.850000    7.634055e-04 7.634055e-04 2.565778e-05   -9.540060e-20 5.471349e-28 4.738328e-28
1.860000    7.590787e-04 7.590787e-04 2.544580e-05   0.000000e+00 0.000000e+00 0.000000e+00
1.870000    7.548310e-04 7.548310e-04 2.523712e-05   -9.337086e-20 5.354941e-28 4.637515e-28
1.880000    7.506610e-04 7.506610e-04 2.503166e-05   9.238019e-20 0.000000e+00 0.000000e+00
1.890000    7.465673e-04 7.465673e-04 2.482935e-05   0.000000e+00 0.000000e+00 0.000000e+00
1.900000    7.425484e-04 7.425484e-04 2.463013e-05   -9.044558e-20 0.000000e+00 0.000000e+00
1.910000    7.386032e-04 7.386032e-04 2.443394e-05   8.950099e-20 0.000000e+00 8.890615e-28
1.920000    7.347302e-04 7.347302e-04 2.424072e-05   8.857111e-20 0.000000e+00 8.798246e-28
1.930000    7.309282e-04 7.309282e-04 2.405041e-05   8.765566e-20 0.000000e+00 8.707308e-28
1.940000    7.271960e-04 7.271960e-04 2.386295e-05   0.000000e+00 0.000000e+00 -8.617774e-28
1.950000    7.235324e-04 7.235324e-04 2.367828e-05   1.717336e-19 0.000000e+00 0.000000e+00
1.960000    7.199361e-04 7.199361e-04 2.349636e-05   0.000000e+00 0.000000e+00 0.000000e+00
1.970000    7.164061e-04 7.164061e-04 2.331712e-05   8.413217e-20 4.825090e-28 0.000000e+00
1.980000    7.129413e-04 7.129413e-04 2.314051e-05   0.000000e+00 0.000000e+00 0.000000e+00
1.990000    7.095405e-04 7.095405e-04 2.296648e-05   1.648991e-19 0.000000e+00 0.000000e+00
2.000000    7.062028e-04 7.062028e-04 2.279499e-05   -8.162714e-20 0.000000e+00 -8.108463e-28
2.010000    7.029270e-04 7.029270e-04 2.262598e-05   -2.424508e-19 0.000000e+00 0.000000e+00
2.020000    6.997123e-04 6.997123e-04 2.245941e-05   -8.001876e-20 0.000000e+00 0.000000e+00
2.030000    6.965577e-04 6.965577e-04 2.229524e-05   0.000000e+00 0.000000e+00 0.000000e+00
2.040000    6.934621e-04 6.934621e-04 2.213340e-05   0.000000e+00 0.000000e+00 -7.793602e-28
2.050000    6.904247e-04 6.904247e-04 2.197387e-05   0.000000e+00 0.000000e+00 0.000000e+00
2.060000    6.874447e-04 6.874447e-04 2.181660e-05   0.000000e+00 0.000000e+00 0.000000e+00
2.070000    6.845210e-04 6.845210e-04 2.166155e-05   7.619981e-20 4.370159e-28 0.000000e+00
2.080000    6.816529e-04 6.816529e-04 2.150867e-05   0.000000e+00 0.000000e+00 0.000000e+00
2.090000    6.788396e-04 6.788396e-04 2.135793e-05   7.474842e-20 4.286920e-28 0.000000e+00
2.100000    6.760802e-04 6.760802e-04 2.120928e-05   1.480764e-19 4.246189e-28 0.000000e+00
2.110000    6.733740e-04 6.733740e-04 2.106270e-05   -7.333810e-20 0.000000e+00 7.285068e-28
2.120000    6.707202e-04 6.707202e-04 2.091814e-05   -1.452957e-19 0.000000e+00 0.000000e+00
2.130000    6.681181e-04 6.681181e-04 2.077556e-05   0.000000e+00 0.000000e+00 -7.148902e-28
2.140000    6.655669e-04 6.655669e-04 2.063493e-05   0.000000e+00 4.088936e-28 0.000000e+00
2.150000    6.630659e-04 6.630659e-04 2.049622e-05   -7.063462e-20 0.000000e+00 0.000000e+00
2.160000    6.606145e-04 6.606145e-04 2.035939e-05   6.998211e-20 0.000000e+00 0.000000e+00
2.170000    6.582121e-04 6.582121e-04 2.022441e-05   0.000000e+00 0.000000e+00 -6.887777e-28
2.180000    6.558578e-04 6.558578e-04 2.009124e-05   0.000000e+00 3.940260e-28 0.000000e+00
2.190000    6.535512e-04 6.535512e-04 1.995986e-05   1.361559e-19 0.000000e+00 -6.762547e-28
2.200000    6.512915e-04 6.512915e-04 1.983023e-05   0.000000e+00 -3.868945e-28 0.000000e+00
2.210000    6.490783e-04 6.490783e-04 1.970232e-05   -2.005540e-19 0.000000e+00 0.000000e+00
2.220000    6.469109e-04 6.469109e-04 1.957611e-05   0.000000e+00 3.799548e-28 0.000000e+00
2.230000    6.447888e-04 6.447888e-04 1.945156e-05   0.000000e+00 3.765548e-28 0.000000e+00
2.240000    6.427114e-04 6.427114e-04 1.932864e-05   0.000000e+00 -3.732002e-28 0.000000e+00
2.250000    6.406781e-04 6.406781e-04 1.920734e-05   0.000000e+00 0.000000e+00 0.000000e+00
2.260000    6.386886e-04 6.386886e-04 1.908761e-05   0.000000e+00 0.000000e+00 0.000000e+00
2.270000    6.367421e-04 6.367421e-04 1.896944e-05   6.336404e-20 3.634011e-28 0.000000e+00
2.280000    6.348384e-04 6.348384e-04 1.885280e-05   2.512377e-19 0.000000e+00 0.000000e+00
2.290000    6.329768e-04 6.329768e-04 1.873766e-05   6.226208e-20 0.000000e+00 0.000000e+00
2.300000    6.311570e-04 6.311570e-04 1.862400e-05   0.000000e+00 0.000000e+00 0.000000e+00
2.310000    6.293784e-04 6.293784e-04 1.851179e-05   1.835658e-19 -3.509247e-28 0.000000e+00
2.320000    6.276407e-04 6.276407e-04 1.840102e-05   0.000000e+00 0.000000e+00 6.025909e-28
2.330000    6.259434e-04 6.259434e-04 1.829164e-05   6.014267e-20 0.000000e+00 5.974295e-28
2.340000    6.242861e-04 6.242861e-04 1.818366e-05   1.788892e-19 0.000000e+00 0.000000e+00
2.350000    6.226684e-04 6.226684e-04 1.807703e-05   1.182466e-19 0.000000e+00 0.000000e+00
2.360000    6.210899e-04 6.210899e-04 1.797174e-05   -1.172467e-19 0.000000e+00 0.000000e+00
2.370000    6.195503e-04 6.195503e-04 1.786778e-05   0.000000e+00 0.000000e+00 0.000000e+00
2.380000    6.180491e-04 6.180491e-04 1.776510e-05   0.000000e+00 0.000000e+00 0.000000e+00
2.390000    6.165861e-04 6.165861e-04 1.766371e-05   -1.714826e-19 0.000000e+00 0.000000e+00
2.400000    6.151609e-04 6.151609e-04 1.756357e-05   5.668551e-20 0.000000e+00 0.000000e+00
2.410000    6.137731e-04 6.137731e-04 1.746467e-05   0.000000e+00 0.000000e+00 0.000000e+00
2.420000    6.124225e-04 6.124225e-04 1.736698e-05   -1.672573e-19 0.000000e+00 5.538189e-28
2.430000    6.111087e-04 6.111087e-04 1.727049e-05   1.105890e-19 0.000000e+00 5.492701e-28
2.440000    6.098315e-04 6.098315e-04 1.717519e-05   1.645266e-19 -3.145272e-28 0.000000e+00
2.450000    6.085905e-04 6.085905e-04 1.708104e-05   5.439543e-20 0.000000e+00 0.000000e+00
2.460000    6.073855e-04 6.073855e-04 1.698804e-05   1.079082e-19 0.000000e+00 0.000000e+00
2.470000    6.062163e-04 6.062163e-04 1.689616e-05   -5.351810e-20 3.069333e-28 0.000000e+00
2.480000    6.050824e-04 6.050824e-04 1.680539e-05   5.308737e-20 -3.044630e-28 0.000000e+00
2.490000    6.039838e-04 6.039838e-04 1.671572e-05   1.053236e-19 3.020224e-28 0.000000e+00
2.500000    6.029202e-04 6.029202e-04 1.662712e-05   5.224137e-20 -2.996111e-28 0.000000e+00
2.510000    6.018913e-04 6.018913e-04 1.653958e-05   -5.182593e-20 0.000000e+00 0.000000e+00
2.520000    6.008969e-04 6.008969e-04 1.645308e-05   -5.141543e-20 0.000000e+00 -5.107372e-28
2.530000    5.999369e-04 5.999369e-04 1.636761e-05   0.000000e+00 0.000000e+00 0.000000e+00
2.540000    5.990110e-04 5.990110e-04 1.628316e-05   0.000000e+00 0.000000e+00 0.000000e+00
2.550000    5.981190e-04 5.981190e-04 1.619970e-05   5.021277e-20 -2.879768e-28 0.000000e+00
2.560000    5.972608e-04 5.972608e-04 1.611723e-05   0.000000e+00 -2.857314e-28 0.000000e+00
2.570000    5.964361e-04 5.964361e-04 1.603572e-05   -4.943429e-20 0.000000e+00 -4.910574e-28
2.580000    5.956449e-04 5.956449e-04 1.595517e-05   4.905182e-20 0.000000e+00 0.000000e+00
2.590000    5.948870e-04 5.948870e-04 1.587557e-05   4.867378e-20 -2.791505e-28 0.000000e+00
2.600000    5.941621e-04 5.941621e-04 1.579689e-05   -4.830008e-20 2.770073e-28 0.000000e+00
2.610000    5.934703e-04 5.934703e-04 1.571912e-05   -4.793068e-20 -2.748887e-28 0.000000e+00
2.620000    5.928113e-04 5.928113e-04 1.564225e-05   0.000000e+00 0.000000e+00 0.000000e+00
2.630000    5.921851e-04 5.921851e-04 1.556628e-05   0.000000e+00 0.000000e+00 0.000000e+00
2.640000    5.915915e-04 5.915915e-04 1.549118e-05   0.000000e+00 0.000000e+00 0.000000e+00
2.650000    5.910304e-04 5.910304e-04 1.541694e-05   -4.649463e-20 0.000000e+00 0.000000e+00
2.660000    5.905018e-04 5.905018e-04 1.534355e-05   -9.229141e-20 2.646517e-28 0.000000e+00
2.670000    5.900055e-04 5.900055e-04 1.527101e-05   -1.374021e-19 5.253459e-28 0.000000e+00
2.680000    5.895415e-04 5.895415e-04 1.519929e-05   0.000000e+00 0.000000e+00 0.000000e+00
2.690000    5.891098e-04 5.891098e-04 1.512839e-05   0.000000e+00 0.000000e+00 0.000000e+00
2.700000    5.887101e-04 5.887101e-04 1.505829e-05   1.343657e-19 0.000000e+00 0.000000e+00
2.710000    5.883426e-04 5.883426e-04 1.498899e-05   1.333759e-19 0.000000e+00 0.000000e+00
2.720000    5.880071e-04 5.880071e-04 1.492047e-05   4.413232e-20 1.012419e-27 -4.383901e-28
2.730000    5.877037e-04 5.877037e-04 1.485272e-05   8.761920e-20 0.000000e+00 0.000000e+00
2.740000    5.874323e-04 5.874323e-04 1.478574e-05   -4.349040e-20 0.000000e+00 0.000000e+00
2.750000    5.871928e-04 5.871928e-04 1.471950e-05   0.000000e+00 0.000000e+00 0.000000e+00
2.760000    5.869853e-04 5.869853e-04 1.465401e-05   0.000000e+00 0.000000e+00 0.000000e+00
2.770000    5.868098e-04 5.868098e-04 1.458926e-05   4.255347e-20 0.000000e+00 0.000000e+00
2.780000    5.866663e-04 5.866663e-04 1.452522e-05   -8.449577e-20 2.422972e-28 0.000000e+00
2.790000    5.865548e-04 5.865548e-04 1.446190e-05   -4.194558e-20 0.000000e+00 0.000000e+00
2.800000    5.864753e-04 5.864753e-04 1.439927e-05   1.249395e-19 0.000000e+00 0.000000e+00
2.810000    5.864278e-04 5.864278e-04 1.433735e-05   0.000000e+00 -4.743023e-28 0.000000e+00
2.820000    5.864125e-04 5.864125e-04 1.427611e-05   4.105786e-20 0.000000e+00 0.000000e+00
2.830000    5.864293e-04 5.864293e-04 1.421554e-05   0.000000e+00 -4.676221e-28 0.000000e+00
2.840000    5.864783e-04 5.864783e-04 1.415565e-05   1.214449e-19 0.000000e+00 0.000000e+00
2.850000    5.865596e-04 5.865596e-04 1.409641e-05   0.000000e+00 4.610820e-28 0.000000e+00
2.860000    5.866733e-04 5.866733e-04 1.403782e-05   0.000000e+00 -2.289317e-28 0.000000e+00
2.870000    5.868194e-04 5.868194e-04 1.397987e-05   0.000000e+00 2.273391e-28 0.000000e+00
2.880000    5.869981e-04 5.869981e-04 1.392256e-05   0.000000e+00 -9.030524e-28 3.910331e-28
2.890000    5.872094e-04 5.872094e-04 1.386587e-05   1.172790e-19 6.726103e-28 -3.883317e-28
2.900000    5.874535e-04 5.874535e-04 1.380981e-05   0.000000e+00 0.000000e+00 0.000000e+00
2.910000    5.877304e-04 5.877304e-04 1.375435e-05   0.000000e+00 0.000000e+00 0.000000e+00
2.920000    5.880404e-04 5.880404e-04 1.369949e-05   7.658767e-20 0.000000e+00 0.000000e+00
2.930000    5.883835e-04 5.883835e-04 1.364523e-05   -1.140987e-19 -2.181236e-28 -3.778012e-28
2.940000    5.887600e-04 5.887600e-04 1.359156e-05   -7.554920e-20 0.000000e+00 0.000000e+00
2.950000    5.891699e-04 5.891699e-04 1.353847e-05   -7.503788e-20 0.000000e+00 0.000000e+00
2.960000    5.896135e-04 5.896135e-04 1.348595e-05   7.453172e-20 -6.411738e-28 3.701818e-28
2.970000    5.900909e-04 5.900909e-04 1.343400e-05   -7.403067e-20 0.000000e+00 0.000000e+00
2.980000    5.906023e-04 5.906023e-04 1.338261e-05   -7.353465e-20 -6.325963e-28 3.652296e-28
2.990000    5.911479e-04 5.911479e-04 1.333177e-05   0.000000e+00 0.000000e+00 0.000000e+00
3.000000    5.917280e-04 5.917280e-04 1.328147e-05   -7.255746e-20 0.000000e+00 0.000000e+00
3.010000    5.923427e-04 5.923427e-04 1.323172e-05   -7.207615e-20 4.133662e-28 0.000000e+00
3.020000    5.929923e-04 5.929923e-04 1.318250e-05   0.000000e+00 0.000000e+00 0.000000e+00
3.030000    5.936771e-04 5.936771e-04 1.313381e-05   7.112779e-20 0.000000e+00 0.000000e+00
3.040000    5.943972e-04 5.943972e-04 1.308564e-05   0.000000e+00 0.000000e+00 7.019099e-28
3.050000    5.951531e-04 5.951531e-04 1.303798e-05   -7.019802e-20 -4.025949e-28 0.000000e+00
3.060000    5.959448e-04 5.959448e-04 1.299083e-05   0.000000e+00 0.000000e+00 0.000000e+00
3.070000    5.967729e-04 5.967729e-04 1.294419e-05   -6.928637e-20 0.000000e+00 -6.882588e-28
3.080000    5.976374e-04 5.976374e-04 1.289804e-05   6.883719e-20 0.000000e+00 0.000000e+00
3.090000    5.985388e-04 5.985388e-04 1.285238e-05   6.839236e-20 3.922392e-28 0.000000e+00
3.100000    5.994775e-04 5.994775e-04 1.280721e-05   1.359037e-19 0.000000e+00 -6.750021e-28
3.110000    6.004536e-04 6.004536e-04 1.276251e-05   0.000000e+00 0.000000e+00 6.706683e-28
3.120000    6.014677e-04 6.014677e-04 1.271830e-05   1.341669e-19 0.000000e+00 0.000000e+00
3.130000    6.025200e-04 6.025200e-04 1.267455e-05   0.000000e+00 -3.822779e-28 0.000000e+00
3.140000    6.036109e-04 6.036109e-04 1.263126e-05   6.623160e-20 0.000000e+00 0.000000e+00
3.150000    6.047409e-04 6.047409e-04 1.258844e-05   -6.581175e-20 0.000000e+00 -6.537436e-28
3.160000    6.059104e-04 6.059104e-04 1.254606e-05   -6.539588e-20 0.000000e+00 0.000000e+00
3.170000    6.071197e-04 6.071197e-04 1.250414e-05   0.000000e+00 0.000000e+00 0.000000e+00
3.180000    6.083694e-04 6.083694e-04 1.246266e-05   0.000000e+00 0.000000e+00 -6.414670e-28
3.190000    6.096599e-04 6.096599e-04 1.242162e-05   1.283433e-19 0.000000e+00 0.000000e+00
3.200000    6.109916e-04 6.109916e-04 1.238101e-05   0.000000e+00 0.000000e+00 0.000000e+00
3.210000    6.123651e-04 6.123651e-04 1.234083e-05   0.000000e+00 0.000000e+00 0.000000e+00
3.220000    6.137809e-04 6.137809e-04 1.230108e-05   6.298147e-20 0.000000e+00 0.000000e+00
3.230000    6.152394e-04 6.152394e-04 1.226174e-05   -6.259210e-20 0.000000e+00 0.000000e+00
3.240000    6.167413e-04 6.167413e-04 1.222282e-05   0.000000e+00 -3.567614e-28 0.000000e+00
3.250000    6.182872e-04 6.182872e-04 1.218432e-05   1.236482e-19 0.000000e+00 6.141321e-28
3.260000    6.198775e-04 6.198775e-04 1.214621e-05   0.000000e+00 -3.523974e-28 0.000000e+00
3.270000    6.215129e-04 6.215129e-04 1.210852e-05   0.000000e+00 0.000000e+00 0.000000e+00
3.280000    6.231940e-04 6.231940e-04 1.207122e-05   1.213967e-19 0.000000e+00 -6.029494e-28
3.290000    6.249215e-04 6.249215e-04 1.203431e-05   -6.032992e-20 0.000000e+00 -5.992896e-28
3.300000    6.266960e-04 6.266960e-04 1.199779e-05   -1.199297e-19 3.439062e-28 0.000000e+00
3.310000    6.285182e-04 6.285182e-04 1.196166e-05   1.192061e-19 0.000000e+00 0.000000e+00
3.320000    6.303888e-04 6.303888e-04 1.192591e-05   0.000000e+00 0.000000e+00 0.000000e+00
3.330000    6.323086e-04 6.323086e-04 1.189054e-05   0.000000e+00 0.000000e+00 0.000000e+00
3.340000    6.342783e-04 6.342783e-04 1.185555e-05   0.000000e+00 0.000000e+00 0.000000e+00
3.350000    6.362987e-04 6.362987e-04 1.182092e-05   2.327528e-19 0.000000e+00 0.000000e+00
3.360000    6.383706e-04 6.383706e-04 1.178666e-05   0.000000e+00 3.317335e-28 0.000000e+00
3.370000    6.404949e-04 6.404949e-04 1.175276e-05   -5.749959e-20 0.000000e+00 -5.711744e-28
3.380000    6.426724e-04 6.426724e-04 1.171923e-05   5.715986e-20 0.000000e+00 0.000000e+00
3.390000    6.449040e-04 6.449040e-04 1.168604e-05   5.682313e-20 1.303552e-27 -5.644548e-28
3.400000    6.471905e-04 6.471905e-04 1.165321e-05   1.129787e-19 0.000000e+00 -5.611393e-28
3.410000    6.495331e-04 6.495331e-04 1.162073e-05   0.000000e+00 -3.220766e-28 0.000000e+00
3.420000    6.519327e-04 6.519327e-04 1.158860e-05   0.000000e+00 0.000000e+00 -5.545955e-28
3.430000    6.543902e-04 6.543902e-04 1.155681e-05   0.000000e+00 -3.183315e-28 0.000000e+00
3.440000    6.569067e-04 6.569067e-04 1.152535e-05   0.000000e+00 0.000000e+00 0.000000e+00
3.450000    6.594834e-04 6.594834e-04 1.149423e-05   0.000000e+00 0.000000e+00 0.000000e+00
3.460000    6.621212e-04 6.621212e-04 1.146344e-05   -1.090944e-19 -3.128353e-28 0.000000e+00
3.470000    6.648215e-04 6.648215e-04 1.143299e-05   0.000000e+00 0.000000e+00 0.000000e+00
3.480000    6.675854e-04 6.675854e-04 1.140286e-05   0.000000e+00 -6.184996e-28 0.000000e+00
3.490000    6.704141e-04 6.704141e-04 1.137305e-05   5.361344e-20 6.149603e-28 0.000000e+00
3.500000    6.733090e-04 6.733090e-04 1.134356e-05   5.330752e-20 6.114512e-28 0.000000e+00
3.510000    6.762713e-04 6.762713e-04 1.131439e-05   0.000000e+00 0.000000e+00 0.000000e+00
3.520000    6.793024e-04 6.793024e-04 1.128553e-05   -5.270347e-20 3.022613e-28 0.000000e+00
3.530000    6.824037e-04 6.824037e-04 1.125698e-05   -1.048106e-19 0.000000e+00 0.000000e+00
3.540000    6.855768e-04 6.855768e-04 1.122874e-05   -1.563289e-19 2.988556e-28 0.000000e+00
3.550000    6.888231e-04 6.888231e-04 1.120081e-05   -1.036329e-19 0.000000e+00 0.000000e+00
3.560000    6.921441e-04 6.921441e-04 1.117318e-05   1.030516e-19 0.000000e+00 0.000000e+00
3.570000    6.955416e-04 6.955416e-04 1.114585e-05   -2.049501e-19 0.000000e+00 -5.089699e-28
3.580000    6.990173e-04 6.990173e-04 1.111882e-05   -1.019034e-19 0.000000e+00 -5.061305e-28
3.590000    7.025728e-04 7.025728e-04 1.109208e-05   -1.013364e-19 0.000000e+00 0.000000e+00
3.600000    7.062099e-04 7.062099e-04 1.106563e-05   2.015485e-19 2.889768e-28 5.005224e-28
3.610000    7.099306e-04 7.099306e-04 1.103948e-05   1.002167e-19 0.000000e+00 0.000000e+00
3.620000    7.137368e-04 7.137368e-04 1.101361e-05   -4.983190e-20 0.000000e+00 0.000000e+00
3.630000    7.176305e-04 7.176305e-04 1.098803e-05   0.000000e+00 0.000000e+00 0.000000e+00
3.640000    7.216137e-04 7.216137e-04 1.096272e-05   1.478574e-19 0.000000e+00 0.000000e+00
3.650000    7.256888e-04 7.256888e-04 1.093770e-05   -4.901611e-20 0.000000e+00 0.000000e+00
3.660000    7.298578e-04 7.298578e-04 1.091296e-05   0.000000e+00 0.000000e+00 0.000000e+00
3.670000    7.341231e-04 7.341231e-04 1.088849e-05   4.848333e-20 0.000000e+00 0.000000e+00
3.680000    7.384873e-04 7.384873e-04 1.086429e-05   -4.822019e-20 -8.296473e-28 4.789971e-28
3.690000    7.429526e-04 7.429526e-04 1.084036e-05   -4.795919e-20 0.000000e+00 0.000000e+00
3.700000    7.475219e-04 7.475219e-04 1.081670e-05   9.540060e-20 0.000000e+00 0.000000e+00
3.710000    7.521977e-04 7.521977e-04 1.079331e-05   0.000000e+00 0.000000e+00 0.000000e+00
3.720000    7.569829e-04 7.569829e-04 1.077018e-05   0.000000e+00 -8.119014e-28 4.687515e-28
3.730000    7.618804e-04 7.618804e-04 1.074732e-05   -9.387218e-20 0.000000e+00 0.000000e+00
3.740000    7.668934e-04 7.668934e-04 1.072471e-05   -9.337086e-20 0.000000e+00 0.000000e+00
3.750000    7.720248e-04 7.720248e-04 1.070236e-05   -9.287354e-20 0.000000e+00 0.000000e+00
3.760000    7.772781e-04 7.772781e-04 1.068027e-05   -9.238019e-20 0.000000e+00 0.000000e+00
3.770000    7.826567e-04 7.826567e-04 1.065843e-05   0.000000e+00 5.270056e-28 0.000000e+00
3.780000    7.881641e-04 7.881641e-04 1.063684e-05   0.000000e+00 0.000000e+00 0.000000e+00
3.790000    7.938040e-04 7.938040e-04 1.061550e-05   -9.092350e-20 -5.214582e-28 0.000000e+00
3.800000    7.995804e-04 7.995804e-04 1.059441e-05   1.808912e-19 0.000000e+00 0.000000e+00
3.810000    8.054973e-04 8.054973e-04 1.057357e-05   0.000000e+00 0.000000e+00 -8.937346e-28
3.820000    8.115590e-04 8.115590e-04 1.055297e-05   1.790020e-19 0.000000e+00 -8.890615e-28
3.830000    8.177697e-04 8.177697e-04 1.053261e-05   0.000000e+00 0.000000e+00 -8.844249e-28
3.840000    8.241341e-04 8.241341e-04 1.051249e-05   1.771422e-19 0.000000e+00 0.000000e+00
3.850000    8.306571e-04 8.306571e-04 1.049261e-05   0.000000e+00 0.000000e+00 0.000000e+00
3.860000    8.373435e-04 8.373435e-04 1.047297e-05   -8.765566e-20 0.000000e+00 0.000000e+00
3.870000    8.441988e-04 8.441988e-04 1.045356e-05   0.000000e+00 0.000000e+00 0.000000e+00
3.880000    8.512283e-04 8.512283e-04 1.043438e-05   -8.675432e-20 0.000000e+00 0.000000e+00
3.890000    8.584378e-04 8.584378e-04 1.041544e-05   0.000000e+00 0.000000e+00 -8.573523e-28
3.900000    8.658333e-04 8.658333e-04 1.039673e-05   -8.586681e-20 0.000000e+00 -8.529613e-28
3.910000    8.734212e-04 8.734212e-04 1.037825e-05   0.000000e+00 0.000000e+00 8.486039e-28
3.920000    8.812079e-04 8.812079e-04 1.035999e-05   -8.499286e-20 0.000000e+00 0.000000e+00
3.930000    8.892005e-04 8.892005e-04 1.034196e-05   -8.456087e-20 0.000000e+00 0.000000e+00
3.940000    8.974061e-04 8.974061e-04 1.032415e-05   8.413217e-20 4.825090e-28 8.357302e-28
3.950000    9.058325e-04 9.058325e-04 1.030656e-05   2.511202e-19 -4.800691e-28 0.000000e+00
3.960000    9.144876e-04 9.144876e-04 1.028920e-05   -8.328450e-20 0.000000e+00 8.273098e-28
3.970000    9.233798e-04 9.233798e-04 1.027205e-05   -8.286546e-20 0.000000e+00 0.000000e+00
3.980000    9.325180e-04 9.325180e-04 1.025512e-05   -8.244957e-20 0.000000e+00 0.000000e+00
3.990000    9.419115e-04 9.419115e-04 1.023841e-05   0.000000e+00 -4.704919e-28 -8.149158e-28
4.000000    9.515701e-04 9.515701e-04 1.022192e-05   0.000000e+00 0.000000e+00 0.000000e+00
4.010000    9.615042e-04 9.615042e-04 1.020563e-05   0.000000e+00 -9.316208e-28 0.000000e+00
4.020000    9.717247e-04 9.717247e-04 1.018956e-05   8.081695e-20 0.000000e+00 0.000000e+00
4.030000    9.822430e-04 9.822430e-04 1.017370e-05   -8.041637e-20 -4.611984e-28 0.000000e+00
4.040000    9.930714e-04 9.930714e-04 1.015805e-05   8.001876e-20 0.000000e+00 7.948694e-28
4.050000    1.004223e-03 1.004223e-03 1.014261e-05   0.000000e+00 0.000000e+00 -7.909490e-28
4.060000    1.015710e-03 1.015710e-03 1.012738e-05   7.923234e-20 0.000000e+00 0.000000e+00
4.070000    1.027549e-03 1.027549e-03 1.011235e-05   -7.884347e-20 0.000000e+00 0.000000e+00
4.080000    1.039754e-03 1.039754e-03 1.009752e-05   0.000000e+00 -8.999276e-28 0.000000e+00
4.090000    1.052341e-03 1.052341e-03 1.008290e-05   2.342228e-19 -1.343299e-27 7.755538e-28
4.100000    1.065327e-03 1.065327e-03 1.006848e-05   -7.769389e-20 4.455846e-28 7.717752e-28
4.110000    1.078732e-03 1.078732e-03 1.005427e-05   0.000000e+00 0.000000e+00 0.000000e+00
4.120000    1.092573e-03 1.092573e-03 1.004025e-05   -7.694141e-20 0.000000e+00 0.000000e+00
4.130000    1.106872e-03 1.106872e-03 1.002643e-05   0.000000e+00 0.000000e+00 0.000000e+00
4.140000    1.121651e-03 1.121651e-03 1.001280e-05   1.523996e-19 8.740318e-28 0.000000e+00
4.150000    1.136933e-03 1.136933e-03 9.999379e-06   0.000000e+00 -4.349123e-28 -7.532902e-28
4.160000    1.152744e-03 1.152744e-03 9.986149e-06   0.000000e+00 1.298472e-27 -7.496730e-28
4.170000    1.169109e-03 1.169109e-03 9.973112e-06   -7.510735e-20 -4.307505e-28 -7.460818e-28
4.180000    1.186058e-03 1.186058e-03 9.960269e-06   1.494968e-19 0.000000e+00 0.000000e+00
4.190000    1.203621e-03 1.203621e-03 9.947619e-06   2.975682e-19 -1.279944e-27 7.389763e-28
4.200000    1.221832e-03 1.221832e-03 9.935159e-06   1.480764e-19 0.000000e+00 1.470923e-27
4.210000    1.240725e-03 1.240725e-03 9.922890e-06   1.473738e-19 0.000000e+00 0.000000e+00
4.220000    1.260339e-03 1.260339e-03 9.910810e-06   0.000000e+00 0.000000e+00 0.000000e+00
4.230000    1.280715e-03 1.280715e-03 9.898918e-06   1.459835e-19 0.000000e+00 1.450133e-27
4.240000    1.301896e-03 1.301896e-03 9.887213e-06   -1.452957e-19 -8.332900e-28 0.000000e+00
4.250000    1.323930e-03 1.323930e-03 9.875695e-06   2.892256e-19 0.000000e+00 0.000000e+00
4.260000    1.346869e-03 1.346869e-03 9.864363e-06   0.000000e+00 0.000000e+00 0.000000e+00
4.270000    1.370769e-03 1.370769e-03 9.853215e-06   2.865225e-19 0.000000e+00 -1.423091e-27
4.280000    1.395689e-03 1.395689e-03 9.842250e-06   2.851852e-19 -8.177873e-28 0.000000e+00
4.290000    1.421697e-03 1.421697e-03 9.831469e-06   -2.838572e-19 8.139792e-28 0.000000e+00
4.300000    1.448862e-03 1.448862e-03 9.820870e-06   -1.412692e-19 0.000000e+00 0.000000e+00
4.310000    1.477264e-03 1.477264e-03 9.810452e-06   1.406145e-19 0.000000e+00 0.000000e+00
4.320000    1.506987e-03 1.506987e-03 9.800214e-06   -1.399642e-19 -8.027132e-28 0.000000e+00
4.330000    1.538124e-03 1.538124e-03 9.790156e-06   2.786370e-19 7.990098e-28 1.383926e-27
4.340000    1.570777e-03 1.570777e-03 9.780277e-06   1.386772e-19 0.000000e+00 1.377555e-27
4.350000    1.605058e-03 1.605058e-03 9.770576e-06   -1.380403e-19 0.000000e+00 0.000000e+00
4.360000    1.641090e-03 1.641090e-03 9.761052e-06   1.374079e-19 0.000000e+00 0.000000e+00
4.370000    1.679009e-03 1.679009e-03 9.751705e-06   -4.103391e-19 0.000000e+00 0.000000e+00
4.380000    1.718965e-03 1.718965e-03 9.742534e-06   -2.723117e-19 3.123487e-27 -1.352509e-27
4.390000    1.761124e-03 1.761124e-03 9.733539e-06   -2.710725e-19 0.000000e+00 0.000000e+00
4.400000    1.805669e-03 1.805669e-03 9.724717e-06   -1.349209e-19 1.547578e-27 0.000000e+00
4.410000    1.852807e-03 1.852807e-03 9.716070e-06   -1.343097e-19 0.000000e+00 0.000000e+00
4.420000    1.902764e-03 1.902764e-03 9.707595e-06   -2.674053e-19 0.000000e+00 0.000000e+00
4.430000    1.955797e-03 1.955797e-03 9.699294e-06   -3.992991e-19 -2.290033e-27 1.322151e-27
4.440000    2.012190e-03 2.012190e-03 9.691164e-06   -1.325008e-19 7.599096e-28 1.316202e-27
4.450000    2.072265e-03 2.072265e-03 9.683206e-06   0.000000e+00 0.000000e+00 0.000000e+00
4.460000    2.136381e-03 2.136381e-03 9.675418e-06   0.000000e+00 0.000000e+00 2.608848e-27
4.470000    2.204945e-03 2.204945e-03 9.667800e-06   0.000000e+00 0.000000e+00 0.000000e+00
4.480000    2.278417e-03 2.278417e-03 9.660353e-06   -5.205812e-19 1.492801e-27 0.000000e+00
4.490000    2.357316e-03 2.357316e-03 9.653074e-06   5.182650e-19 0.000000e+00 0.000000e+00
4.500000    2.442231e-03 2.442231e-03 9.645963e-06   -2.579821e-19 0.000000e+00 2.562675e-27
4.510000    2.533831e-03 2.533831e-03 9.639021e-06   0.000000e+00 0.000000e+00 0.000000e+00
4.520000    2.632877e-03 2.632877e-03 9.632246e-06   -2.557041e-19 0.000000e+00 -2.540046e-27
4.530000    2.740232e-03 2.740232e-03 9.625638e-06   0.000000e+00 0.000000e+00 0.000000e+00
4.540000    2.856876e-03 2.856876e-03 9.619196e-06   2.534562e-19 0.000000e+00 0.000000e+00
4.550000    2.983918e-03 2.983918e-03 9.612921e-06   0.000000e+00 0.000000e+00 0.000000e+00
4.560000    3.122612e-03 3.122612e-03 9.606811e-06   7.537132e-19 0.000000e+00 0.000000e+00
4.570000    3.274359e-03 3.274359e-03 9.600866e-06   -2.501394e-19 0.000000e+00 -2.484770e-27
4.580000    3.440715e-03 3.440715e-03 9.595085e-06   2.490483e-19 0.000000e+00 0.000000e+00
4.590000    3.623381e-03 3.623381e-03 9.589469e-06   0.000000e+00 0.000000e+00 0.000000e+00
4.600000    3.824169e-03 3.824169e-03 9.584017e-06   9.875495e-19 0.000000e+00 -4.904930e-27
4.610000    4.044953e-03 4.044953e-03 9.578728e-06   4.916349e-19 -2.819591e-27 0.000000e+00
4.620000    4.287567e-03 4.287567e-03 9.573602e-06   -4.895089e-19 0.000000e+00 0.000000e+00
4.630000    4.553659e-03 4.553659e-03 9.568639e-06   0.000000e+00 0.000000e+00 0.000000e+00
4.640000    4.844486e-03 4.844486e-03 9.563838e-06   0.000000e+00 2.783248e-27 0.000000e+00
4.650000    5.160658e-03 5.160658e-03 9.559200e-06   4.832130e-19 2.771290e-27 0.000000e+00
4.660000    5.501858e-03 5.501858e-03 9.554723e-06   9.622828e-19 -5.518818e-27 0.000000e+00
4.670000    5.866573e-03 5.866573e-03 9.550407e-06   -9.581660e-19 0.000000e+00 0.000000e+00
4.680000    6.251896e-03 6.251896e-03 9.546252e-06   -1.431114e-18 2.735875e-27 0.000000e+00
4.690000    6.653374e-03 6.653374e-03 9.542258e-06   -1.425017e-18 5.448440e-27 4.718488e-27
4.700000    7.064880e-03 7.064880e-03 9.538425e-06   -4.729866e-19 0.000000e+00 0.000000e+00
4.710000    7.478421e-03 7.478421e-03 9.534751e-06   9.419606e-19 0.000000e+00 0.000000e+00
4.720000    7.883968e-03 7.883968e-03 9.531238e-06   9.379734e-19 0.000000e+00 0.000000e+00
4.730000    8.269647e-03 8.269647e-03 9.527884e-06   0.000000e+00 0.000000e+00 -9.278040e-27
4.740000    8.622801e-03 8.622801e-03 9.524690e-06   0.000000e+00 0.000000e+00 0.000000e+00
4.750000    8.932205e-03 8.932205e-03 9.521655e-06   -3.704651e-18 0.000000e+00 0.000000e+00
4.760000    9.191029e-03 9.191029e-03 9.518779e-06   0.000000e+00 5.289370e-27 0.000000e+00
4.770000    9.399359e-03 9.399359e-03 9.516062e-06   1.836825e-18 0.000000e+00 0.000000e+00
4.780000    9.564890e-03 9.564890e-03 9.513504e-06   -2.743721e-18 0.000000e+00 0.000000e+00
4.790000    9.701228e-03 9.701228e-03 9.511104e-06   9.107591e-19 -5.223323e-27 0.000000e+00
4.800000    9.824431e-03 9.824431e-03 9.508863e-06   0.000000e+00 -5.201582e-27 0.000000e+00
4.810000    9.949260e-03 9.949260e-03 9.506780e-06   -9.032009e-19 0.000000e+00 0.000000e+00
4.820000    1.008655e-02 1.008655e-02 9.504855e-06   3.597828e-18 5.158504e-27 0.000000e+00
4.830000    1.024241e-02 1.024241e-02 9.503088e-06   0.000000e+00 0.000000e+00 0.000000e+00
4.840000    1.041903e-02 1.041903e-02 9.501478e-06   -1.784078e-18 0.000000e+00 0.000000e+00
4.850000    1.061652e-02 1.061652e-02 9.500027e-06   0.000000e+00 0.000000e+00 -8.824600e-27
4.860000    1.083446e-02 1.083446e-02 9.498733e-06   -1.769424e-18 0.000000e+00 0.000000e+00
4.870000    1.107249e-02 1.107249e-02 9.497597e-06   1.762165e-18 5.053124e-27 0.000000e+00
4.880000    1.132948e-02 1.132948e-02 9.496618e-06   8.774753e-19 -5.032436e-27 0.000000e+00
4.890000    1.160194e-02 1.160194e-02 9.495797e-06   -8.738901e-19 0.000000e+00 0.000000e+00
4.900000    1.188254e-02 1.188254e-02 9.495134e-06   -8.703268e-19 0.000000e+00 0.000000e+00
4.910000    1.215976e-02 1.215976e-02 9.494628e-06   -8.667853e-19 0.000000e+00 0.000000e+00
4.920000    1.241901e-02 1.241901e-02 9.494279e-06   8.632654e-19 0.000000e+00 0.000000e+00
4.930000    1.264493e-02 1.264493e-02 9.494088e-06   8.597669e-19 0.000000e+00 0.000000e+00
4.940000    1.282424e-02 1.282424e-02 9.494054e-06   0.000000e+00 0.000000e+00 0.000000e+00
4.950000    1.294804e-02 1.294804e-02 9.494178e-06   -4.264166e-18 0.000000e+00 0.000000e+00
4.960000    1.301284e-02 1.301284e-02 9.494459e-06   -8.493979e-19 0.000000e+00 -8.437527e-27
4.970000    1.301987e-02 1.301987e-02 9.494898e-06   -8.459832e-19 0.000000e+00 8.403607e-27
4.980000    1.297323e-02 1.297323e-02 9.495495e-06   0.000000e+00 0.000000e+00 -8.369892e-27
4.990000    1.287795e-02 1.287795e-02 9.496249e-06   0.000000e+00 4.813010e-27 8.336378e-27
5.000000    1.273941e-02 1.273941e-02 9.497161e-06   -1.671724e-18 0.000000e+00 0.000000e+00
5.010000    1.256432e-02 1.256432e-02 9.498231e-06   0.000000e+00 0.000000e+00 0.000000e+00
5.020000    1.236245e-02 1.236245e-02 9.499460e-06   -8.292149e-19 0.000000e+00 0.000000e+00
5.030000    1.214771e-02 1.214771e-02 9.500846e-06   0.000000e+00 0.000000e+00 0.000000e+00
5.040000    1.193738e-02 1.193738e-02 9.502391e-06   0.000000e+00 0.000000e+00 0.000000e+00
5.050000    1.174994e-02 1.174994e-02 9.504094e-06   -8.193921e-19 -9.398642e-27 -1.627893e-26
5.060000    1.160228e-02 1.160228e-02 9.505956e-06   -2.448470e-18 0.000000e+00 0.000000e+00
5.070000    1.150746e-02 1.150746e-02 9.507976e-06   0.000000e+00 -9.324638e-27 -1.615075e-26
5.080000    1.147353e-02 1.147353e-02 9.510156e-06   0.000000e+00 4.643981e-27 8.043612e-27
5.090000    1.150344e-02 1.150344e-02 9.512495e-06   -8.065643e-19 4.625752e-27 8.012037e-27
5.100000    1.159585e-02 1.159585e-02 9.514993e-06   0.000000e+00 9.215259e-27 2.394194e-26
5.110000    1.174670e-02 1.174670e-02 9.517651e-06   8.002630e-19 -1.835845e-26 -7.949443e-27
5.120000    1.195112e-02 1.195112e-02 9.520469e-06   -2.391420e-18 0.000000e+00 -7.918421e-27
5.130000    1.220546e-02 1.220546e-02 9.523447e-06   0.000000e+00 0.000000e+00 0.000000e+00
5.140000    1.250866e-02 1.250866e-02 9.526585e-06   -1.581897e-18 -1.814478e-26 -7.856919e-27
5.150000    1.286223e-02 1.286223e-02 9.529884e-06   3.151520e-18 1.807438e-26 7.826436e-27
5.160000    1.326875e-02 1.326875e-02 9.533344e-06   -1.569658e-18 -9.002196e-27 -2.338839e-26
5.170000    1.372910e-02 1.372910e-02 9.536966e-06   1.563592e-18 0.000000e+00 7.766001e-27
5.180000    1.423922e-02 1.423922e-02 9.540749e-06   -1.557561e-18 4.466408e-27 7.736045e-27
5.190000    1.478740e-02 1.478740e-02 9.544693e-06   0.000000e+00 0.000000e+00 0.000000e+00
5.200000    1.535290e-02 1.535290e-02 9.548801e-06   0.000000e+00 -8.864234e-27 -2.302995e-26
5.210000    1.590651e-02 1.590651e-02 9.553071e-06   0.000000e+00 0.000000e+00 0.000000e+00
5.220000    1.641372e-02 1.641372e-02 9.557504e-06   -3.067563e-18 8.796439e-27 1.523588e-26
5.230000    1.683986e-02 1.683986e-02 9.562100e-06   0.000000e+00 4.381416e-27 7.588835e-27
5.240000    1.715632e-02 1.715632e-02 9.566860e-06   6.088383e-18 0.000000e+00 0.000000e+00
5.250000    1.734577e-02 1.734577e-02 9.571785e-06   1.516303e-18 0.000000e+00 0.000000e+00
5.260000    1.740450e-02 1.740450e-02 9.576874e-06   -3.021086e-18 0.000000e+00 0.000000e+00
5.270000    1.734129e-02 1.734129e-02 9.582128e-06   1.504816e-18 8.630315e-27 3.737036e-27
5.280000    1.717353e-02 1.717353e-02 9.587548e-06   0.000000e+00 -2.149414e-27 -3.722894e-27
5.290000    1.692256e-02 1.692256e-02 9.593133e-06   0.000000e+00 -2.141295e-27 5.563248e-27
5.300000    1.661010e-02 1.661010e-02 9.598886e-06   2.975656e-18 0.000000e+00 0.000000e+00
5.310000    1.625689e-02 1.625689e-02 9.604805e-06   0.000000e+00 2.125195e-27 0.000000e+00
5.320000    1.588276e-02 1.588276e-02 9.610892e-06   0.000000e+00 -2.117213e-27 0.000000e+00
5.330000    1.550701e-02 1.550701e-02 9.617147e-06   0.000000e+00 8.437105e-27 7.306747e-27
5.340000    1.514782e-02 1.514782e-02 9.623571e-06   2.931244e-18 -8.405535e-27 -7.279407e-27
5.350000    1.482084e-02 1.482084e-02 9.630164e-06   1.460148e-18 0.000000e+00 0.000000e+00
5.360000    1.453773e-02 1.453773e-02 9.636927e-06   1.454705e-18 8.342924e-27 1.445037e-26
5.370000    1.430574e-02 1.430574e-02 9.643860e-06   0.000000e+00 -8.311881e-27 -1.439660e-26
5.380000    1.412877e-02 1.412877e-02 9.650964e-06   0.000000e+00 1.656202e-26 1.434313e-26
5.390000    1.400947e-02 1.400947e-02 9.658239e-06   1.438557e-18 0.000000e+00 0.000000e+00
5.400000    1.395140e-02 1.395140e-02 9.665687e-06   -1.433234e-18 8.219783e-27 7.118541e-27
5.410000    1.396052e-02 1.396052e-02 9.673308e-06   1.427940e-18 0.000000e+00 0.000000e+00
5.420000    1.404524e-02 1.404524e-02 9.681102e-06   0.000000e+00 0.000000e+00 0.000000e+00
5.430000    1.421541e-02 1.421541e-02 9.689071e-06   -1.417441e-18 -4.064604e-27 -1.056015e-26
5.440000    1.448074e-02 1.448074e-02 9.697215e-06   1.412234e-18 -1.619870e-26 -7.014241e-27
5.450000    1.484916e-02 1.484916e-02 9.705534e-06   0.000000e+00 0.000000e+00 0.000000e+00
5.460000    1.532532e-02 1.532532e-02 9.714030e-06   -1.401907e-18 0.000000e+00 0.000000e+00
5.470000    1.590925e-02 1.590925e-02 9.722703e-06   0.000000e+00 0.000000e+00 -2.775006e-26
5.480000    1.659495e-02 1.659495e-02 9.731553e-06   -2.783386e-18 3.192617e-26 0.000000e+00
5.490000    1.736900e-02 1.736900e-02 9.740583e-06   1.386628e-18 0.000000e+00 0.000000e+00
5.500000    1.820962e-02 1.820962e-02 9.749792e-06   -2.763180e-18 0.000000e+00 0.000000e+00
5.510000    1.908674e-02 1.908674e-02 9.759182e-06   4.129739e-18 0.000000e+00 0.000000e+00
5.520000    1.996398e-02 1.996398e-02 9.768753e-06   0.000000e+00 0.000000e+00 0.000000e+00
5.530000    2.080287e-02 2.080287e-02 9.778506e-06   0.000000e+00 0.000000e+00 0.000000e+00
5.540000    2.156879e-02 2.156879e-02 9.788441e-06   -2.723422e-18 0.000000e+00 0.000000e+00
5.550000    2.223688e-02 2.223688e-02 9.798561e-06   -2.713617e-18 0.000000e+00 0.000000e+00
5.560000    2.279590e-02 2.279590e-02 9.808866e-06   -2.703865e-18 6.202807e-26 0.000000e+00
5.570000    2.324886e-02 2.324886e-02 9.819356e-06   0.000000e+00 0.000000e+00 1.070504e-25
5.580000    2.361043e-02 2.361043e-02 9.830033e-06   2.684517e-18 0.000000e+00 -1.066670e-25
5.590000    2.390205e-02 2.390205e-02 9.840898e-06   2.674921e-18 0.000000e+00 0.000000e+00
5.600000    2.414642e-02 2.414642e-02 9.851952e-06   5.330752e-18 -6.114512e-26 0.000000e+00
5.610000    2.436242e-02 2.436242e-02 9.863195e-06   0.000000e+00 -6.092733e-26 0.000000e+00
5.620000    2.456162e-02 2.456162e-02 9.874629e-06   -2.646439e-18 0.000000e+00 0.000000e+00
5.630000    2.474689e-02 2.474689e-02 9.886255e-06   2.637046e-18 0.000000e+00 0.000000e+00
5.640000    2.491282e-02 2.491282e-02 9.898074e-06   0.000000e+00 9.042134e-26 -5.220478e-26
5.650000    2.504774e-02 2.504774e-02 9.910087e-06   0.000000e+00 0.000000e+00 5.202015e-26
5.660000    2.513677e-02 2.513677e-02 9.922295e-06   -5.218331e-18 2.992782e-26 5.183650e-26
5.670000    2.516546e-02 2.516546e-02 9.934699e-06   0.000000e+00 0.000000e+00 -5.165381e-26
5.680000    2.512315e-02 2.512315e-02 9.947301e-06   0.000000e+00 0.000000e+00 0.000000e+00
5.690000    2.500485e-02 2.500485e-02 9.960101e-06   0.000000e+00 0.000000e+00 0.000000e+00
5.700000    2.481096e-02 2.481096e-02 9.973102e-06   0.000000e+00 0.000000e+00 0.000000e+00
5.710000    2.454538e-02 2.454538e-02 9.986303e-06   0.000000e+00 0.000000e+00 0.000000e+00
5.720000    2.421360e-02 2.421360e-02 9.999708e-06   -5.109430e-18 -1.465163e-26 -2.537736e-26
5.730000    2.382242e-02 2.382242e-02 1.001332e-05   0.000000e+00 0.000000e+00 2.528886e-26
5.740000    2.338134e-02 2.338134e-02 1.002713e-05   2.536943e-18 0.000000e+00 0.000000e+00
5.750000    2.290441e-02 2.290441e-02 1.004115e-05   7.584380e-18 0.000000e+00 0.000000e+00
5.760000    2.241058e-02 2.241058e-02 1.005538e-05   0.000000e+00 -2.167326e-26 1.251306e-26
5.770000    2.192147e-02 2.192147e-02 1.006981e-05   0.000000e+00 0.000000e+00 0.000000e+00
5.780000    2.145696e-02 2.145696e-02 1.008446e-05   5.003903e-18 -2.152353e-26 1.242661e-26
5.790000    2.103017e-02 2.103017e-02 1.009932e-05   -2.493316e-18 7.149748e-27 1.238373e-26
5.800000    2.064399e-02 2.064399e-02 1.011439e-05   0.000000e+00 -7.125115e-27 -1.234106e-26
5.810000    2.029039e-02 2.029039e-02 1.012968e-05   0.000000e+00 0.000000e+00 0.000000e+00
5.820000    1.995334e-02 1.995334e-02 1.014518e-05   -4.935357e-18 0.000000e+00 -1.225639e-26
5.830000    1.961417e-02 1.961417e-02 1.016091e-05   0.000000e+00 7.051975e-27 1.221438e-26
5.840000    1.925783e-02 1.925783e-02 1.017685e-05   2.450805e-18 0.000000e+00 -1.217258e-26
5.850000    1.887746e-02 1.887746e-02 1.019301e-05   0.000000e+00 0.000000e+00 0.000000e+00
5.860000    1.847592e-02 1.847592e-02 1.020940e-05   -2.434105e-18 0.000000e+00 0.000000e+00
5.870000    1.806403e-02 1.806403e-02 1.022601e-05   1.212909e-18 0.000000e+00 1.204848e-26
5.880000    1.765697e-02 1.765697e-02 1.024285e-05   0.000000e+00 0.000000e+00 0.000000e+00
5.890000    1.727031e-02 1.727031e-02 1.025992e-05   2.409372e-18 0.000000e+00 0.000000e+00
5.900000    1.691687e-02 1.691687e-02 1.027722e-05   0.000000e+00 0.000000e+00 1.192627e-26
5.910000    1.660473e-02 1.660473e-02 1.029475e-05   -1.196546e-18 0.000000e+00 -1.188594e-26
5.920000    1.633653e-02 1.633653e-02 1.031251e-05   0.000000e+00 0.000000e+00 -1.184582e-26
5.930000    1.611015e-02 1.611015e-02 1.033051e-05   0.000000e+00 0.000000e+00 0.000000e+00
5.940000    1.592026e-02 1.592026e-02 1.034875e-05   -1.184491e-18 0.000000e+00 0.000000e+00
5.950000    1.576019e-02 1.576019e-02 1.036723e-05   2.361025e-18 0.000000e+00 0.000000e+00
5.960000    1.562341e-02 1.562341e-02 1.038595e-05   0.000000e+00 0.000000e+00 0.000000e+00
5.970000    1.550422e-02 1.550422e-02 1.040491e-05   0.000000e+00 0.000000e+00 -1.164823e-26
5.980000    1.539796e-02 1.539796e-02 1.042412e-05   0.000000e+00 0.000000e+00 0.000000e+00
5.990000    1.530122e-02 1.530122e-02 1.044358e-05   -3.494396e-18 0.000000e+00 0.000000e+00
6.000000    1.521163e-02 1.521163e-02 1.046329e-05   0.000000e+00 0.000000e+00 0.000000e+00
6.010000    1.512718e-02 1.512718e-02 1.048325e-05   -4.628237e-18 0.000000e+00 0.000000e+00
6.020000    1.504473e-02 1.504473e-02 1.050347e-05   -1.153218e-18 0.000000e+00 -1.145554e-26
6.030000    1.495861e-02 1.495861e-02 1.052394e-05   0.000000e+00 0.000000e+00 1.141758e-26
6.040000    1.486045e-02 1.486045e-02 1.054468e-05   2.291188e-18 6.570131e-27 0.000000e+00
6.050000    1.474113e-02 1.474113e-02 1.056567e-05   0.000000e+00 -6.548429e-27 0.000000e+00
6.060000    1.459417e-02 1.459417e-02 1.058694e-05   2.276089e-18 0.000000e+00 0.000000e+00
6.070000    1.441920e-02 1.441920e-02 1.060847e-05   -1.134298e-18 6.505347e-27 1.126759e-26
6.080000    1.422320e-02 1.422320e-02 1.063027e-05   -1.130570e-18 3.241983e-27 5.615279e-27
6.090000    1.401889e-02 1.401889e-02 1.065234e-05   1.126860e-18 0.000000e+00 0.000000e+00
6.100000    1.382065e-02 1.382065e-02 1.067469e-05   0.000000e+00 -3.220759e-27 -5.578518e-27
6.110000    1.363997e-02 1.363997e-02 1.069731e-05   -2.238990e-18 0.000000e+00 0.000000e+00
6.120000    1.348198e-02 1.348198e-02 1.072022e-05   0.000000e+00 0.000000e+00 0.000000e+00
6.130000    1.334423e-02 1.334423e-02 1.074342e-05   1.112202e-18 -3.189311e-27 -5.524050e-27
6.140000    1.321776e-02 1.321776e-02 1.076690e-05   -3.325746e-18 0.000000e+00 0.000000e+00
6.150000    1.308999e-02 1.308999e-02 1.079067e-05   -1.104980e-18 0.000000e+00 0.000000e+00
6.160000    1.294839e-02 1.294839e-02 1.081473e-05   0.000000e+00 0.000000e+00 0.000000e+00
6.170000    1.278387e-02 1.278387e-02 1.083909e-05   -1.097828e-18 0.000000e+00 0.000000e+00
6.180000    1.259282e-02 1.259282e-02 1.086375e-05   3.282833e-18 3.137913e-27 5.435025e-27
6.190000    1.237738e-02 1.237738e-02 1.088872e-05   1.090745e-18 -6.255566e-27 -1.083496e-26
6.200000    1.214440e-02 1.214440e-02 1.091399e-05   2.174459e-18 0.000000e+00 0.000000e+00
6.210000    1.190373e-02 1.190373e-02 1.093957e-05   0.000000e+00 0.000000e+00 0.000000e+00
6.220000    1.166630e-02 1.166630e-02 1.096547e-05   1.080249e-18 3.097684e-27 5.365346e-27
6.230000    1.144237e-02 1.144237e-02 1.099169e-05   1.076784e-18 0.000000e+00 0.000000e+00
6.240000    1.123974e-02 1.123974e-02 1.101823e-05   0.000000e+00 3.077859e-27 7.996512e-27
6.250000    1.106221e-02 1.106221e-02 1.104509e-05   0.000000e+00 -3.068018e-27 7.970944e-27
6.260000    1.090866e-02 1.090866e-02 1.107229e-05   0.000000e+00 3.058223e-27 7.945498e-27
6.270000    1.077321e-02 1.077321e-02 1.109982e-05   0.000000e+00 0.000000e+00 0.000000e+00
6.280000    1.064654e-02 1.064654e-02 1.112768e-05   0.000000e+00 0.000000e+00 0.000000e+00
6.290000    1.051802e-02 1.051802e-02 1.115589e-05   -2.112678e-18 -1.514560e-27 -2.623296e-27
6.300000    1.037784e-02 1.037784e-02 1.118445e-05   -2.105976e-18 0.000000e+00 2.614974e-27
6.310000    1.021831e-02 1.021831e-02 1.121337e-05   1.049653e-18 7.524873e-28 1.303346e-27
6.320000    1.003425e-02 1.003425e-02 1.124264e-05   1.046334e-18 -1.500216e-27 3.897675e-27
6.330000    9.822722e-03 9.822722e-03 1.127227e-05   -1.043031e-18 0.000000e+00 0.000000e+00
6.340000    9.582823e-03 9.582823e-03 1.130227e-05   0.000000e+00 0.000000e+00 0.000000e+00
6.350000    9.315864e-03 9.315864e-03 1.133264e-05   -1.036471e-18 2.972148e-27 1.286978e-27
6.360000    9.025887e-03 9.025887e-03 1.136340e-05   1.033214e-18 0.000000e+00 -1.282934e-27
6.370000    8.720026e-03 8.720026e-03 1.139453e-05   0.000000e+00 7.383785e-28 -1.918364e-27
6.380000    8.408228e-03 8.408228e-03 1.142606e-05   0.000000e+00 3.680328e-28 6.374515e-28
6.390000    8.102203e-03 8.102203e-03 1.145798e-05   1.023535e-18 3.668818e-28 6.354579e-28
6.400000    7.813908e-03 7.813908e-03 1.149031e-05   1.020339e-18 3.657362e-28 6.334737e-28
6.410000    7.554100e-03 7.554100e-03 1.152305e-05   5.085791e-19 0.000000e+00 0.000000e+00
6.420000    7.331415e-03 7.331415e-03 1.155620e-05   -5.069959e-19 0.000000e+00 0.000000e+00
6.430000    7.152064e-03 7.152064e-03 1.158978e-05   -2.021681e-18 0.000000e+00 0.000000e+00
6.440000    7.019993e-03 7.019993e-03 1.162378e-05   -5.038518e-19 7.224140e-28 1.876887e-27
6.450000    6.937217e-03 6.937217e-03 1.165823e-05   1.506872e-18 -7.201757e-28 -1.871071e-27
6.460000    6.904066e-03 6.904066e-03 1.169312e-05   1.502210e-18 3.589739e-28 6.217610e-28
6.470000    6.919189e-03 6.919189e-03 1.172847e-05   0.000000e+00 0.000000e+00 0.000000e+00
6.480000    6.979267e-03 6.979267e-03 1.176429e-05   1.990602e-18 0.000000e+00 1.235858e-27
6.490000    7.078525e-03 7.078525e-03 1.180057e-05   1.984473e-18 0.000000e+00 0.000000e+00
6.500000    7.208203e-03 7.208203e-03 1.183734e-05   -9.891857e-19 0.000000e+00 0.000000e+00
6.510000    7.356303e-03 7.356303e-03 1.187460e-05   -4.930745e-19 0.000000e+00 0.000000e+00
6.520000    7.508004e-03 7.508004e-03 1.191236e-05   0.000000e+00 7.047948e-28 0.000000e+00
6.530000    7.647117e-03 7.647117e-03 1.195064e-05   -9.801176e-19 0.000000e+00 1.217004e-27
6.540000    7.758611e-03 7.758611e-03 1.198945e-05   -9.771226e-19 0.000000e+00 -1.213286e-27
6.550000    7.831659e-03 7.831659e-03 1.202879e-05   0.000000e+00 -6.983535e-28 0.000000e+00
6.560000    7.862077e-03 7.862077e-03 1.206868e-05   -9.711736e-19 0.000000e+00 0.000000e+00
6.570000    7.852951e-03 7.852951e-03 1.210914e-05   9.682194e-19 1.388216e-27 0.000000e+00
6.580000    7.813017e-03 7.813017e-03 1.215018e-05   9.652788e-19 0.000000e+00 0.000000e+00
6.590000    7.753428e-03 7.753428e-03 1.219181e-05   0.000000e+00 0.000000e+00 0.000000e+00
6.600000    7.684292e-03 7.684292e-03 1.223405e-05   0.000000e+00 0.000000e+00 -1.191326e-27
6.610000    7.612266e-03 7.612266e-03 1.227692e-05   1.913073e-18 0.000000e+00 0.000000e+00
6.620000    7.539878e-03 7.539878e-03 1.232044e-05   -1.907298e-18 0.000000e+00 0.000000e+00
6.630000    7.466498e-03 7.466498e-03 1.236462e-05   9.507744e-19 0.000000e+00 0.000000e+00
6.640000    7.390270e-03 7.390270e-03 1.240949e-05   -4.739564e-19 0.000000e+00 0.000000e+00
6.650000    7.310035e-03 7.310035e-03 1.245507e-05   -4.725320e-19 0.000000e+00 0.000000e+00
6.660000    7.226358e-03 7.226358e-03 1.250138e-05   9.422281e-19 0.000000e+00 0.000000e+00
6.670000    7.141373e-03 7.141373e-03 1.254846e-05   9.394050e-19 0.000000e+00 0.000000e+00
6.680000    7.057818e-03 7.057818e-03 1.259632e-05   4.682973e-19 0.000000e+00 0.000000e+00
6.690000    6.978077e-03 6.978077e-03 1.264500e-05   -4.668983e-19 -1.338862e-27 0.000000e+00
6.700000    6.903850e-03 6.903850e-03 1.269454e-05   -1.396517e-18 5.339472e-27 4.624118e-27
6.710000    6.836560e-03 6.836560e-03 1.274496e-05   4.641192e-19 0.000000e+00 0.000000e+00
6.720000    6.778018e-03 6.778018e-03 1.279632e-05   -9.254778e-19 0.000000e+00 0.000000e+00
6.730000    6.730687e-03 6.730687e-03 1.284864e-05   0.000000e+00 0.000000e+00 0.000000e+00
6.740000    6.697162e-03 6.697162e-03 1.290199e-05   4.599967e-19 -5.276283e-27 -4.569395e-27
6.750000    6.678974e-03 6.678974e-03 1.295641e-05   0.000000e+00 2.630331e-27 4.555866e-27
6.760000    6.675204e-03 6.675204e-03 1.301196e-05   -9.145578e-19 0.000000e+00 0.000000e+00
6.770000    6.681497e-03 6.681497e-03 1.306870e-05   -4.559290e-19 0.000000e+00 0.000000e+00
6.780000    6.689921e-03 6.689921e-03 1.312672e-05   0.000000e+00 -1.303552e-27 -2.257819e-27
6.790000    6.689942e-03 6.689942e-03 1.318607e-05   4.532471e-19 0.000000e+00 0.000000e+00
6.800000    6.670451e-03 6.670451e-03 1.324687e-05   -4.519150e-19 2.591791e-27 2.244557e-27
6.810000    6.622379e-03 6.622379e-03 1.330920e-05   9.011774e-19 0.000000e+00 -2.237970e-27
6.820000    6.541038e-03 6.541038e-03 1.337317e-05   4.492683e-19 0.000000e+00 0.000000e+00
6.830000    6.427299e-03 6.427299e-03 1.343892e-05   0.000000e+00 0.000000e+00 0.000000e+00
6.840000    6.287224e-03 6.287224e-03 1.350658e-05   0.000000e+00 -1.280783e-27 -2.218382e-27
6.850000    6.130484e-03 6.130484e-03 1.357632e-05   -1.336025e-18 -1.277047e-27 -2.211910e-27
6.860000    5.968320e-03 5.968320e-03 1.364831e-05   0.000000e+00 0.000000e+00 0.000000e+00
6.870000    5.811675e-03 5.811675e-03 1.372276e-05   -1.328258e-18 0.000000e+00 0.000000e+00
6.880000    5.669810e-03 5.669810e-03 1.379989e-05   -4.414664e-19 -6.329669e-28 -1.096331e-27
6.890000    5.549406e-03 5.549406e-03 1.387996e-05   -4.401859e-19 0.000000e+00 0.000000e+00
6.900000    5.454080e-03 5.454080e-03 1.396322e-05   4.389109e-19 6.293029e-28 5.449923e-28
6.910000    5.384208e-03 5.384208e-03 1.405000e-05   0.000000e+00 -6.274828e-28 -5.434160e-28
6.920000    5.337061e-03 5.337061e-03 1.414058e-05   0.000000e+00 3.128353e-28 2.709233e-28
6.930000    5.307251e-03 5.307251e-03 1.423527e-05   4.351190e-19 1.559665e-28 4.389807e-28
6.940000    5.287589e-03 5.287589e-03 1.433436e-05   1.301598e-18 6.220696e-28 2.693640e-28
6.950000    5.270326e-03 5.270326e-03 1.443805e-05   0.000000e+00 -3.101404e-28 8.057683e-28
6.960000    5.248576e-03 5.248576e-03 1.454642e-05   0.000000e+00 0.000000e+00 0.000000e+00
6.970000    5.217491e-03 5.217491e-03 1.465937e-05   8.602783e-19 3.083631e-28 8.011507e-28
6.980000    5.174770e-03 5.174770e-03 1.477650e-05   4.289076e-19 0.000000e+00 0.000000e+00
6.990000    5.120363e-03 5.120363e-03 1.489704e-05   -4.276812e-19 -1.533005e-28 -2.655242e-28
7.000000    5.055640e-03 5.055640e-03 1.501983e-05   0.000000e+00 0.000000e+00 1.985746e-28
7.010000    4.982466e-03 4.982466e-03 1.514334e-05   0.000000e+00 4.572810e-28 5.280226e-28
7.020000    4.902454e-03 4.902454e-03 1.526590e-05   4.240336e-19 0.000000e+00 0.000000e+00
7.030000    4.816481e-03 4.816481e-03 1.538604e-05   0.000000e+00 -6.062437e-28 -5.250225e-28
7.040000    4.724421e-03 4.724421e-03 1.550293e-05   -4.216278e-19 -6.045226e-28 -1.047064e-27
7.050000    4.625235e-03 4.625235e-03 1.561671e-05   8.408650e-19 0.000000e+00 0.000000e+00
7.060000    4.517493e-03 4.517493e-03 1.572867e-05   0.000000e+00 0.000000e+00 0.000000e+00
7.070000    4.400308e-03 4.400308e-03 1.584104e-05   4.180572e-19 -1.198806e-27 -1.038197e-27
7.080000    4.274294e-03 4.274294e-03 1.595666e-05   0.000000e+00 0.000000e+00 0.000000e+00
7.090000    4.142085e-03 4.142085e-03 1.607849e-05   -4.157020e-19 0.000000e+00 0.000000e+00
7.100000    4.008132e-03 4.008132e-03 1.620924e-05   -4.145318e-19 1.188697e-27 2.058884e-27
7.110000    3.877902e-03 3.877902e-03 1.635115e-05   0.000000e+00 0.000000e+00 0.000000e+00
7.120000    3.756880e-03 3.756880e-03 1.650579e-05   4.122062e-19 -1.182028e-27 -2.047333e-27
7.130000    3.649785e-03 3.649785e-03 1.667403e-05   8.221016e-19 0.000000e+00 0.000000e+00
7.140000    3.560197e-03 3.560197e-03 1.685582e-05   -4.099002e-19 0.000000e+00 0.000000e+00
7.150000    3.490565e-03 3.490565e-03 1.705014e-05   -4.087544e-19 -1.172130e-27 -1.015094e-27
7.160000    3.442466e-03 3.442466e-03 1.725472e-05   4.076134e-19 0.000000e+00 0.000000e+00
7.170000    3.416916e-03 3.416916e-03 1.746605e-05   0.000000e+00 0.000000e+00 0.000000e+00
7.180000    3.414594e-03 3.414594e-03 1.767949e-05   8.106915e-19 5.811778e-28 1.006629e-27
7.190000    3.435905e-03 3.435905e-03 1.788977e-05   4.042190e-19 0.000000e+00 0.000000e+00
7.200000    3.480872e-03 3.480872e-03 1.809188e-05   4.030970e-19 0.000000e+00 -2.502612e-28
7.210000    3.548870e-03 3.548870e-03 1.828212e-05   4.019796e-19 1.440879e-28 -3.743512e-28
7.220000    3.638261e-03 3.638261e-03 1.845888e-05   -8.017337e-19 -2.873780e-28 -4.977533e-28
7.230000    3.745964e-03 3.745964e-03 1.862273e-05   0.000000e+00 0.000000e+00 0.000000e+00
7.240000    3.867066e-03 3.867066e-03 1.877566e-05   0.000000e+00 5.715849e-28 9.900141e-28
7.250000    3.994633e-03 3.994633e-03 1.891972e-05   -3.975562e-19 0.000000e+00 0.000000e+00
7.260000    4.119946e-03 4.119946e-03 1.905569e-05   0.000000e+00 0.000000e+00 1.969134e-27
7.270000    4.233387e-03 4.233387e-03 1.918230e-05   -7.907436e-19 0.000000e+00 0.000000e+00
7.280000    4.326011e-03 4.326011e-03 1.929643e-05   -7.885728e-19 0.000000e+00 0.000000e+00
7.290000    4.391463e-03 4.391463e-03 1.939428e-05   7.864108e-19 0.000000e+00 0.000000e+00
7.300000    4.427553e-03 4.427553e-03 1.947300e-05   0.000000e+00 0.000000e+00 0.000000e+00
7.310000    4.436733e-03 4.436733e-03 1.953232e-05   -1.173170e-18 -1.121381e-27 -1.942289e-27
7.320000    4.425180e-03 4.425180e-03 1.957523e-05   -3.899890e-19 1.118319e-27 1.936985e-27
7.330000    4.400833e-03 4.400833e-03 1.960771e-05   -3.889257e-19 1.115270e-27 2.897556e-27
7.340000    4.371175e-03 4.371175e-03 1.963755e-05   0.000000e+00 2.224466e-27 9.632220e-28
7.350000    4.341519e-03 4.341519e-03 1.967292e-05   0.000000e+00 0.000000e+00 0.000000e+00
7.360000    4.314197e-03 4.314197e-03 1.972128e-05   0.000000e+00 5.530982e-28 1.436991e-27
7.370000    4.288745e-03 4.288745e-03 1.978876e-05   7.694308e-19 -1.103197e-27 -2.985613e-28
7.380000    4.262834e-03 4.262834e-03 1.988007e-05   0.000000e+00 -5.501045e-28 -1.429213e-27
7.390000    4.233591e-03 4.233591e-03 1.999873e-05   0.000000e+00 0.000000e+00 9.502320e-28
7.400000    4.198772e-03 4.198772e-03 2.014735e-05   3.816024e-19 -2.735675e-28 4.738328e-28
7.410000    4.157378e-03 4.157378e-03 2.032802e-05   7.611463e-19 -1.091318e-27 -9.451095e-28
7.420000    4.109600e-03 4.109600e-03 2.054249e-05   0.000000e+00 -1.088379e-27 -9.425637e-28
7.430000    4.056374e-03 4.056374e-03 2.079228e-05   -1.135581e-18 -1.628177e-27 -1.880056e-27
7.440000    3.998955e-03 3.998955e-03 2.107865e-05   -1.132531e-18 -5.412676e-28 0.000000e+00
7.450000    3.938796e-03 3.938796e-03 2.140238e-05   -3.764974e-19 0.000000e+00 -9.349879e-28
7.460000    3.877622e-03 3.877622e-03 2.176334e-05   0.000000e+00 5.383692e-28 -9.324829e-28
7.470000    3.817422e-03 3.817422e-03 2.215986e-05   0.000000e+00 -5.369288e-28 9.299879e-28
7.480000    3.760135e-03 3.760135e-03 2.258782e-05   3.734834e-19 -1.606482e-27 -1.855006e-27
7.490000    3.707123e-03 3.707123e-03 2.303967e-05   3.724868e-19 -5.340652e-28 9.250280e-28
7.500000    3.658693e-03 3.658693e-03 2.350339e-05   7.429884e-19 0.000000e+00 -9.225629e-28
7.510000    3.613972e-03 3.613972e-03 2.396204e-05   0.000000e+00 1.593673e-27 1.840215e-27
7.520000    3.571230e-03 3.571230e-03 2.439433e-05   -7.390415e-19 -1.589438e-27 -1.835324e-27
7.530000    3.528506e-03 3.528506e-03 2.477677e-05   0.000000e+00 5.284062e-28 -1.830453e-27
7.540000    3.484191e-03 3.484191e-03 2.508764e-05   0.000000e+00 2.108022e-27 9.128004e-28
7.550000    3.437254e-03 3.437254e-03 2.531184e-05   0.000000e+00 0.000000e+00 0.000000e+00
7.560000    3.387024e-03 3.387024e-03 2.544495e-05   -3.656208e-19 0.000000e+00 0.000000e+00
7.570000    3.332739e-03 3.332739e-03 2.549480e-05   -3.646555e-19 4.182694e-27 1.811160e-27
7.580000    3.273259e-03 3.273259e-03 2.547957e-05   -3.636940e-19 -1.564375e-27 0.000000e+00
7.590000    3.207221e-03 3.207221e-03 2.542358e-05   0.000000e+00 2.080340e-27 5.404882e-27
7.600000    3.133644e-03 3.133644e-03 2.535229e-05   3.617823e-19 4.149738e-27 2.695334e-27
7.610000    3.052652e-03 3.052652e-03 2.528838e-05   7.216643e-19 0.000000e+00 -8.960850e-28
7.620000    2.965928e-03 2.965928e-03 2.524948e-05   0.000000e+00 0.000000e+00 0.000000e+00
7.630000    2.876652e-03 2.876652e-03 2.524753e-05   3.589430e-19 0.000000e+00 -8.913935e-28
7.640000    2.788975e-03 2.788975e-03 2.528894e-05   3.580040e-19 0.000000e+00 8.890615e-28
7.650000    2.707304e-03 2.707304e-03 2.537508e-05   0.000000e+00 -8.191341e-27 -3.546955e-27
7.660000    2.635673e-03 2.635673e-03 2.550275e-05   5.342054e-19 -4.084984e-27 -1.768850e-27
7.670000    2.577339e-03 2.577339e-03 2.566444e-05   5.328133e-19 0.000000e+00 -8.821203e-28
7.680000    2.534621e-03 2.534621e-03 2.584874e-05   -1.771422e-19 0.000000e+00 -1.319737e-27
7.690000    2.508888e-03 2.508888e-03 2.604108e-05   -1.766818e-19 -4.053174e-27 -2.193845e-27
7.700000    2.500609e-03 2.500609e-03 2.622545e-05   1.762232e-19 0.000000e+00 0.000000e+00
7.710000    2.509380e-03 2.509380e-03 2.638691e-05   3.515327e-19 0.000000e+00 -8.729910e-28
7.720000    2.533899e-03 2.533899e-03 2.651468e-05   0.000000e+00 -4.021733e-27 -1.741462e-27
7.730000    2.571895e-03 2.571895e-03 2.660467e-05   3.497160e-19 4.011335e-27 8.684794e-28
7.740000    2.620081e-03 2.620081e-03 2.666048e-05   -5.232194e-19 0.000000e+00 4.331184e-28
7.750000    2.674226e-03 2.674226e-03 2.669228e-05   -3.479134e-19 0.000000e+00 4.320014e-28
7.760000    2.729459e-03 2.729459e-03 2.671426e-05   0.000000e+00 9.950948e-28 7.755996e-27
7.770000    2.780821e-03 2.780821e-03 2.674166e-05   0.000000e+00 3.970140e-27 8.595606e-28
7.780000    2.823970e-03 2.823970e-03 2.678846e-05   3.452354e-19 0.000000e+00 0.000000e+00
7.790000    2.855753e-03 2.855753e-03 2.686612e-05   3.443496e-19 9.874451e-28 7.696373e-27
7.800000    2.874411e-03 2.874411e-03 2.698336e-05   3.434672e-19 9.849148e-28 8.529613e-28
7.810000    2.879329e-03 2.879329e-03 2.714648e-05   0.000000e+00 -9.823943e-28 -1.701557e-27
7.820000    2.870524e-03 2.870524e-03 2.735998e-05   -3.417126e-19 -3.919533e-27 -1.697208e-27
7.830000    2.848172e-03 2.848172e-03 2.762715e-05   0.000000e+00 -3.909528e-27 -2.539313e-27
7.840000    2.812389e-03 2.812389e-03 2.795044e-05   0.000000e+00 3.899561e-27 1.688560e-27
7.850000    2.763314e-03 2.763314e-03 2.833173e-05   0.000000e+00 0.000000e+00 1.263195e-27
7.860000    2.701409e-03 2.701409e-03 2.877219e-05   -3.382435e-19 0.000000e+00 4.199943e-28
7.870000    2.627844e-03 2.627844e-03 2.927198e-05   -3.373845e-19 1.934944e-27 5.864988e-27
7.880000    2.544793e-03 2.544793e-03 2.982968e-05   -3.365287e-19 3.860072e-27 2.089325e-27
7.890000    2.455476e-03 2.455476e-03 3.044150e-05   -1.678381e-19 0.000000e+00 9.586550e-27
7.900000    2.363866e-03 2.363866e-03 3.110047e-05   -1.674135e-19 0.000000e+00 8.315040e-28
7.910000    2.274168e-03 2.274168e-03 3.179594e-05   -1.001943e-18 2.873136e-27 1.078224e-26
7.920000    2.190256e-03 2.190256e-03 3.251369e-05   0.000000e+00 0.000000e+00 0.000000e+00
7.930000    2.115277e-03 2.115277e-03 3.323713e-05   0.000000e+00 0.000000e+00 1.650449e-27
7.940000    2.051487e-03 2.051487e-03 3.394954e-05   0.000000e+00 0.000000e+00 0.000000e+00
7.950000    2.000283e-03 2.000283e-03 3.463667e-05   -3.306285e-19 7.584791e-27 3.284311e-27
7.960000    1.962353e-03 1.962353e-03 3.528839e-05   3.297983e-19 -7.565746e-27 -4.914096e-27
7.970000    1.937874e-03 1.937874e-03 3.589813e-05   0.000000e+00 7.546772e-27 4.901772e-27
7.980000    1.926697e-03 1.926697e-03 3.645994e-05   -1.640736e-19 1.317377e-26 8.149158e-27
7.990000    1.928486e-03 1.928486e-03 3.696438e-05   0.000000e+00 7.509038e-27 1.625754e-27
8.000000    1.942804e-03 1.942804e-03 3.739576e-05   0.000000e+00 -7.490277e-27 -3.243385e-27
8.010000    1.969110e-03 1.969110e-03 3.773266e-05   1.628469e-19 -1.307528e-26 6.470584e-27
8.020000    2.006696e-03 2.006696e-03 3.795266e-05   0.000000e+00 -7.452966e-27 -3.227229e-27
8.030000    2.054570e-03 2.054570e-03 3.803974e-05   -4.861102e-19 1.301023e-26 -6.438392e-27
8.040000    2.111317e-03 2.111317e-03 3.799118e-05   0.000000e+00 -1.297788e-26 -9.633579e-27
8.050000    2.174996e-03 2.174996e-03 3.782078e-05   4.836977e-19 7.397519e-27 3.203220e-27
8.060000    2.243103e-03 2.243103e-03 3.755672e-05   0.000000e+00 -1.844794e-27 -3.195276e-27
8.070000    2.312671e-03 2.312671e-03 3.723549e-05   0.000000e+00 0.000000e+00 0.000000e+00
8.080000    2.380530e-03 2.380530e-03 3.689463e-05   -1.600375e-19 1.468538e-26 6.358956e-27
8.090000    2.443676e-03 2.443676e-03 3.656708e-05   1.596421e-19 5.493411e-27 3.171622e-27
8.100000    2.499627e-03 2.499627e-03 3.627834e-05   0.000000e+00 5.479855e-27 6.327592e-27
8.110000    2.546633e-03 2.546633e-03 3.604613e-05   3.177114e-19 0.000000e+00 0.000000e+00
8.120000    2.583733e-03 2.583733e-03 3.588160e-05   -3.169294e-19 7.270526e-27 3.148230e-27
8.130000    2.610761e-03 2.610761e-03 3.579110e-05   0.000000e+00 7.252651e-27 3.140490e-27
8.140000    2.628401e-03 2.628401e-03 3.577780e-05   3.153739e-19 -7.234842e-27 -3.132779e-27
8.150000    2.638256e-03 2.638256e-03 3.584294e-05   3.146004e-19 -1.804275e-27 0.000000e+00
8.160000    2.642743e-03 2.642743e-03 3.598658e-05   3.138298e-19 -1.799855e-27 0.000000e+00
8.170000    2.644685e-03 2.644685e-03 3.620804e-05   -3.130620e-19 0.000000e+00 3.109814e-27
8.180000    2.646626e-03 2.646626e-03 3.650599e-05   0.000000e+00 0.000000e+00 3.102215e-27
8.190000    2.650067e-03 2.650067e-03 3.687821e-05   -3.115349e-19 -5.360081e-27 -3.094644e-27
8.200000    2.654902e-03 2.654902e-03 3.732115e-05   0.000000e+00 1.782338e-27 0.000000e+00
8.210000    2.659218e-03 2.659218e-03 3.782916e-05   -9.300568e-19 0.000000e+00 3.079585e-27
8.220000    2.659546e-03 2.659546e-03 3.839347e-05   -3.092651e-19 -1.773676e-27 0.000000e+00
8.230000    2.651508e-03 2.651508e-03 3.900126e-05   0.000000e+00 1.769368e-27 0.000000e+00
8.240000    2.630720e-03 2.630720e-03 3.963511e-05   0.000000e+00 3.530152e-27 3.057202e-27
8.250000    2.593745e-03 2.593745e-03 4.027340e-05   -3.070200e-19 1.760800e-27 3.049795e-27
8.260000    2.538900e-03 2.538900e-03 4.089238e-05   0.000000e+00 0.000000e+00 0.000000e+00
8.270000    2.466719e-03 2.466719e-03 4.146990e-05   0.000000e+00 1.752294e-27 0.000000e+00
8.280000    2.379940e-03 2.379940e-03 4.199021e-05   0.000000e+00 -5.244191e-27 -6.055470e-27
8.290000    2.283007e-03 2.283007e-03 4.244804e-05   0.000000e+00 -1.743849e-27 3.020435e-27
8.300000    2.181229e-03 2.181229e-03 4.285040e-05   1.516660e-19 0.000000e+00 0.000000e+00
8.310000    2.079887e-03 2.079887e-03 4.321486e-05   4.539037e-19 5.206395e-27 6.011827e-27
8.320000    1.983533e-03 1.983533e-03 4.356537e-05   0.000000e+00 5.193887e-27 2.998692e-27
8.330000    1.895618e-03 1.895618e-03 4.392725e-05   4.517267e-19 -1.727141e-27 0.000000e+00
8.340000    1.818414e-03 1.818414e-03 4.432325e-05   -1.502147e-19 5.169006e-27 5.968654e-27
8.350000    1.753147e-03 1.753147e-03 4.477150e-05   0.000000e+00 -1.718878e-27 2.977183e-27
8.360000    1.700195e-03 1.700195e-03 4.528535e-05   -1.494968e-19 0.000000e+00 0.000000e+00
8.370000    1.659302e-03 1.659302e-03 4.587427e-05   -1.491398e-19 -6.842692e-27 -5.925945e-27
8.380000    1.629728e-03 1.629728e-03 4.654492e-05   0.000000e+00 0.000000e+00 -5.911810e-27
8.390000    1.610342e-03 1.610342e-03 4.730154e-05   0.000000e+00 0.000000e+00 -5.897726e-27
8.400000    1.599641e-03 1.599641e-03 4.814521e-05   -1.480764e-19 0.000000e+00 -5.883692e-27
8.410000    1.595731e-03 1.595731e-03 4.907203e-05   -1.477245e-19 0.000000e+00 -5.869708e-27
8.420000    1.596308e-03 1.596308e-03 5.007072e-05   1.473738e-19 0.000000e+00 5.855774e-27
8.430000    1.598719e-03 1.598719e-03 5.112025e-05   1.470244e-19 3.372817e-27 0.000000e+00
8.440000    1.600176e-03 1.600176e-03 5.218869e-05   -1.466762e-19 0.000000e+00 -5.828055e-27
8.450000    1.598153e-03 1.598153e-03 5.323442e-05   0.000000e+00 1.007061e-26 1.162854e-26
8.460000    1.590872e-03 1.590872e-03 5.421087e-05   0.000000e+00 0.000000e+00 0.000000e+00
8.470000    1.577716e-03 1.577716e-03 5.507482e-05   0.000000e+00 1.002311e-26 1.157369e-26
8.480000    1.559363e-03 1.559363e-03 5.579668e-05   1.452957e-19 0.000000e+00 5.773203e-27
8.490000    1.537571e-03 1.537571e-03 5.636906e-05   4.348610e-19 0.000000e+00 5.759611e-27
8.500000    1.514693e-03 1.514693e-03 5.680992e-05   1.446128e-19 -9.952479e-27 -1.149213e-26
8.510000    1.493154e-03 1.493154e-03 5.715881e-05   4.328194e-19 0.000000e+00 -5.732570e-27
8.520000    1.475052e-03 1.475052e-03 5.746783e-05   0.000000e+00 0.000000e+00 0.000000e+00
8.530000    1.461970e-03 1.461970e-03 5.779107e-05   0.000000e+00 -9.882597e-27 -1.141144e-26
8.540000    1.454991e-03 1.454991e-03 5.817598e-05   2.865225e-19 -9.859466e-27 -1.138473e-26
8.550000    1.454792e-03 1.454792e-03 5.865805e-05   -1.429264e-19 -9.836416e-27 -1.135812e-26
8.560000    1.461774e-03 1.461774e-03 5.925840e-05   -2.851852e-19 9.813448e-27 5.665797e-27
8.570000    1.476129e-03 1.476129e-03 5.998310e-05   0.000000e+00 0.000000e+00 -5.652582e-27
8.580000    1.497851e-03 1.497851e-03 6.082309e-05   1.419286e-19 0.000000e+00 -5.639413e-27
8.590000    1.526697e-03 1.526697e-03 6.175441e-05   -2.831967e-19 0.000000e+00 5.626291e-27
8.600000    1.562103e-03 1.562103e-03 6.273892e-05   1.412692e-19 -3.240791e-27 0.000000e+00
8.610000    1.603096e-03 1.603096e-03 6.372640e-05   -5.637652e-19 0.000000e+00 5.600183e-27
8.620000    1.648211e-03 1.648211e-03 6.465896e-05   2.812289e-19 0.000000e+00 0.000000e+00
8.630000    1.695467e-03 1.695467e-03 6.547838e-05   1.402888e-19 -4.827447e-27 -5.574256e-27
8.640000    1.742454e-03 1.742454e-03 6.613567e-05   1.399642e-19 0.000000e+00 -2.780680e-27
8.650000    1.786563e-03 1.786563e-03 6.660114e-05   1.396408e-19 0.000000e+00 -2.774254e-27
8.660000    1.825294e-03 1.825294e-03 6.687140e-05   1.393185e-19 -1.598020e-27 -2.767851e-27
8.670000    1.856503e-03 1.856503e-03 6.697051e-05   4.169919e-19 -1.594335e-27 0.000000e+00
8.680000    1.878470e-03 1.878470e-03 6.694424e-05   1.386772e-19 -3.181328e-27 -2.755111e-27
8.690000    1.889774e-03 1.889774e-03 6.684973e-05   1.383582e-19 3.174010e-27 2.748774e-27
8.700000    1.889165e-03 1.889165e-03 6.674443e-05   0.000000e+00 3.166718e-27 2.742458e-27
8.710000    1.875626e-03 1.875626e-03 6.667780e-05   -2.754471e-19 0.000000e+00 0.000000e+00
8.720000    1.848703e-03 1.848703e-03 6.668702e-05   -1.374079e-19 0.000000e+00 0.000000e+00
8.730000    1.808949e-03 1.808949e-03 6.679620e-05   5.483730e-19 -3.144991e-27 -2.723642e-27
8.740000    1.758190e-03 1.758190e-03 6.701781e-05   -1.367797e-19 -3.137798e-27 -2.717413e-27
8.750000    1.699430e-03 1.699430e-03 6.735507e-05   -2.729345e-19 3.130630e-27 2.711205e-27
8.760000    1.636403e-03 1.636403e-03 6.780466e-05   1.361559e-19 -3.123487e-27 -2.705019e-27
8.770000    1.572987e-03 1.572987e-03 6.835936e-05   -1.358455e-19 0.000000e+00 0.000000e+00
8.780000    1.512687e-03 1.512687e-03 6.901074e-05   0.000000e+00 3.109273e-27 2.692709e-27
8.790000    1.458309e-03 1.458309e-03 6.975154e-05   0.000000e+00 0.000000e+00 0.000000e+00
8.800000    1.411865e-03 1.411865e-03 7.057760e-05   4.047627e-19 0.000000e+00 0.000000e+00
8.810000    1.374605e-03 1.374605e-03 7.148871e-05   0.000000e+00 3.088133e-27 2.674402e-27
8.820000    1.347139e-03 1.347139e-03 7.248852e-05   -1.343097e-19 3.081135e-27 2.668341e-27
8.830000    1.329548e-03 1.329548e-03 7.358358e-05   0.000000e+00 -1.537080e-27 0.000000e+00
8.840000    1.321481e-03 1.321481e-03 7.478208e-05   1.337026e-19 0.000000e+00 0.000000e+00
8.850000    1.322200e-03 1.322200e-03 7.609275e-05   0.000000e+00 -1.530141e-27 0.000000e+00
8.860000    1.330601e-03 1.330601e-03 7.752399e-05   2.661994e-19 0.000000e+00 2.644302e-27
8.870000    1.345239e-03 1.345239e-03 7.908319e-05   0.000000e+00 -1.523248e-27 -2.638343e-27
8.880000    1.364400e-03 1.364400e-03 8.077598e-05   1.325008e-19 0.000000e+00 0.000000e+00
8.890000    1.386262e-03 1.386262e-03 8.260539e-05   0.000000e+00 0.000000e+00 2.626485e-27
8.900000    1.409167e-03 1.409167e-03 8.457058e-05   0.000000e+00 3.025993e-27 2.620587e-27
8.910000    1.431931e-03 1.431931e-03 8.666562e-05   1.316101e-19 3.019204e-27 2.614707e-27
8.920000    1.454068e-03 1.454068e-03 8.887862e-05   1.313151e-19 0.000000e+00 0.000000e+00
8.930000    1.475802e-03 1.475802e-03 9.119208e-05   0.000000e+00 -3.005695e-27 -2.603009e-27
8.940000    1.497793e-03 1.497793e-03 9.358492e-05   -1.307283e-19 -7.497437e-28 0.000000e+00
8.950000    1.520673e-03 1.520673e-03 9.603639e-05   0.000000e+00 -1.496139e-27 -1.295694e-27
8.960000    1.544537e-03 1.544537e-03 9.853082e-05   0.000000e+00 0.000000e+00 0.000000e+00
8.970000    1.568574e-03 1.568574e-03 1.010611e-04   0.000000e+00 7.447371e-28 1.289923e-27
8.980000    1.590948e-03 1.590948e-03 1.036288e-04   0.000000e+00 0.000000e+00 -1.287051e-27
8.990000    1.609003e-03 1.609003e-03 1.062407e-04   2.585563e-19 0.000000e+00 0.000000e+00
9.000000    1.619780e-03 1.619780e-03 1.089030e-04   0.000000e+00 -7.397805e-28 -1.281337e-27
9.010000    1.620741e-03 1.620741e-03 1.116166e-04   0.000000e+00 0.000000e+00 0.000000e+00
9.020000    1.610503e-03 1.610503e-03 1.143758e-04   -2.568393e-19 -1.473007e-27 -3.826984e-27
9.030000    1.589303e-03 1.589303e-03 1.171706e-04   -1.281354e-19 0.000000e+00 1.272838e-27
9.040000    1.559012e-03 1.559012e-03 1.199913e-04   1.278520e-19 0.000000e+00 0.000000e+00
9.050000    1.522701e-03 1.522701e-03 1.228328e-04   1.275697e-19 0.000000e+00 0.000000e+00
9.060000    1.483962e-03 1.483962e-03 1.256946e-04   -3.818646e-19 7.300145e-28 1.264422e-27
9.070000    1.446223e-03 1.446223e-03 1.285776e-04   1.270077e-19 1.456811e-27 0.000000e+00
9.080000    1.412239e-03 1.412239e-03 1.314778e-04   2.534562e-19 -1.453604e-27 -1.258858e-27
9.090000    1.383807e-03 1.383807e-03 1.343805e-04   0.000000e+00 0.000000e+00 0.000000e+00
9.100000    1.361653e-03 1.361653e-03 1.372593e-04   0.000000e+00 2.894444e-27 2.506662e-27
9.110000    1.345441e-03 1.345441e-03 1.400802e-04   -2.517896e-19 2.888093e-27 2.501162e-27
9.120000    1.333874e-03 1.333874e-03 1.428120e-04   0.000000e+00 0.000000e+00 0.000000e+00
9.130000    1.324893e-03 1.324893e-03 1.454381e-04   2.506877e-19 -2.875453e-27 -2.490216e-27
9.140000    1.316020e-03 1.316020e-03 1.479656e-04   -1.250697e-19 -1.434582e-27 0.000000e+00
9.150000    1.304814e-03 1.304814e-03 1.504259e-04   0.000000e+00 1.431448e-27 0.000000e+00
9.160000    1.289389e-03 1.289389e-03 1.528680e-04   0.000000e+00 4.284974e-27 4.947862e-27
9.170000    1.268818e-03 1.268818e-03 1.553460e-04   4.970108e-19 -4.275633e-27 -4.937076e-27
9.180000    1.243291e-03 1.243291e-03 1.579096e-04   -1.239822e-19 0.000000e+00 -2.463163e-27
9.190000    1.213967e-03 1.213967e-03 1.605978e-04   0.000000e+00 -1.419015e-27 0.000000e+00
9.200000    1.182620e-03 1.182620e-03 1.634393e-04   0.000000e+00 0.000000e+00 2.452465e-27
9.210000    1.151234e-03 1.151234e-03 1.664539e-04   0.000000e+00 0.000000e+00 -2.447142e-27
9.220000    1.121685e-03 1.121685e-03 1.696552e-04   0.000000e+00 0.000000e+00 0.000000e+00
9.230000    1.095533e-03 1.095533e-03 1.730513e-04   0.000000e+00 -7.033710e-28 1.218274e-27
9.240000    1.073908e-03 1.073908e-03 1.766471e-04   -1.223772e-19 0.000000e+00 0.000000e+00
9.250000    1.057445e-03 1.057445e-03 1.804485e-04   0.000000e+00 -2.100998e-27 -2.426024e-27
9.260000    1.046231e-03 1.046231e-03 1.844698e-04   1.218492e-19 1.397642e-27 1.210393e-27
9.270000    1.039788e-03 1.039788e-03 1.887395e-04   -1.215864e-19 0.000000e+00 0.000000e+00
9.280000    1.037086e-03 1.037086e-03 1.933033e-04   -1.213245e-19 0.000000e+00 0.000000e+00
9.290000    1.036622e-03 1.036622e-03 1.982191e-04   0.000000e+00 -1.388630e-27 -1.202589e-27
9.300000    1.036593e-03 1.036593e-03 2.035478e-04   -1.208033e-19 0.000000e+00 0.000000e+00
9.310000    1.035181e-03 1.035181e-03 2.093414e-04   0.000000e+00 0.000000e+00 0.000000e+00
9.320000    1.030882e-03 1.030882e-03 2.156312e-04   0.000000e+00 6.898522e-28 1.194859e-27
9.330000    1.022798e-03 1.022798e-03 2.224208e-04   0.000000e+00 -1.376748e-27 -1.192299e-27
9.340000    1.010785e-03 1.010785e-03 2.296815e-04   0.000000e+00 0.000000e+00 0.000000e+00
9.350000    9.954005e-04 9.954005e-04 2.373533e-04   -2.390294e-19 0.000000e+00 0.000000e+00
9.360000    9.777266e-04 9.777266e-04 2.453510e-04   0.000000e+00 6.839686e-28 0.000000e+00
9.370000    9.591344e-04 9.591344e-04 2.535745e-04   1.190050e-19 0.000000e+00 5.910706e-28
9.380000    9.410846e-04 9.410846e-04 2.619217e-04   0.000000e+00 0.000000e+00 0.000000e+00
9.390000    9.249812e-04 9.249812e-04 2.703021e-04   -1.184986e-19 -6.796052e-28 -5.885554e-28
9.400000    9.120741e-04 9.120741e-04 2.786472e-04   0.000000e+00 -1.017240e-27 -1.174608e-27
9.410000    9.033957e-04 9.033957e-04 2.869199e-04   1.179955e-19 0.000000e+00 0.000000e+00
9.420000    8.997292e-04 8.997292e-04 2.951207e-04   -1.177451e-19 0.000000e+00 0.000000e+00
9.430000    9.016032e-04 9.016032e-04 3.032923e-04   0.000000e+00 -6.738520e-28 0.000000e+00
9.440000    9.093091e-04 9.093091e-04 3.115199e-04   -2.344934e-19 0.000000e+00 0.000000e+00
9.450000    9.229251e-04 9.229251e-04 3.199244e-04   -1.169987e-19 -2.013008e-27 -2.324422e-27
9.460000    9.423279e-04 9.423279e-04 3.286529e-04   0.000000e+00 0.000000e+00 0.000000e+00
9.470000    9.671698e-04 9.671698e-04 3.378660e-04   -1.165050e-19 -2.004514e-27 -1.157307e-27
9.480000    9.968085e-04 9.968085e-04 3.477262e-04   0.000000e+00 -6.667626e-28 0.000000e+00
9.490000    1.030199e-03 1.030199e-03 3.583844e-04   0.000000e+00 0.000000e+00 0.000000e+00
9.500000    1.065791e-03 1.065791e-03 3.699668e-04   0.000000e+00 2.655832e-27 2.300018e-27
9.510000    1.101494e-03 1.101494e-03 3.825643e-04   0.000000e+00 2.650250e-27 2.295184e-27
9.520000    1.134805e-03 1.134805e-03 3.962264e-04   0.000000e+00 -2.644685e-27 -2.290365e-27
9.530000    1.163124e-03 1.163124e-03 4.109661e-04   0.000000e+00 2.639138e-27 2.285560e-27
9.540000    1.184228e-03 1.184228e-03 4.267753e-04   -2.296031e-19 2.633608e-27 2.280771e-27
9.550000    1.196748e-03 1.196748e-03 4.436527e-04   0.000000e+00 -1.314048e-27 0.000000e+00
9.560000    1.200447e-03 1.200447e-03 4.616354e-04   1.143217e-19 2.622600e-27 2.271238e-27
9.570000    1.196174e-03 1.196174e-03 4.808268e-04   -2.281659e-19 2.617122e-27 2.266494e-27
9.580000    1.185515e-03 1.185515e-03 5.014095e-04   -1.138449e-19 2.611661e-27 2.261765e-27
9.590000    1.170313e-03 1.170313e-03 5.236376e-04   -1.136076e-19 0.000000e+00 0.000000e+00
9.600000    1.152293e-03 1.152293e-03 5.478155e-04   -2.267421e-19 1.300395e-27 0.000000e+00
9.610000    1.132870e-03 1.132870e-03 5.742706e-04   0.000000e+00 0.000000e+00 0.000000e+00
9.620000    1.113141e-03 1.113141e-03 6.033313e-04   0.000000e+00 0.000000e+00 -2.242995e-27
9.630000    1.093932e-03 1.093932e-03 6.353122e-04   0.000000e+00 0.000000e+00 -2.238339e-27
9.640000    1.075816e-03 1.075816e-03 6.705081e-04   -1.124321e-19 0.000000e+00 0.000000e+00
9.650000    1.059056e-03 1.059056e-03 7.091937e-04   0.000000e+00 0.000000e+00 0.000000e+00
9.660000    1.043548e-03 1.043548e-03 7.516291e-04   -1.119671e-19 0.000000e+00 0.000000e+00
9.670000    1.028832e-03 1.028832e-03 7.980703e-04   -2.234712e-19 -2.563273e-27 -1.109930e-27
9.680000    1.014210e-03 1.014210e-03 8.487872e-04   1.115049e-19 -1.278990e-27 -3.322914e-27
9.690000    9.989633e-04 9.989633e-04 9.040861e-04   1.112748e-19 0.000000e+00 0.000000e+00
9.700000    9.825905e-04 9.825905e-04 9.643356e-04   -1.110455e-19 -2.547443e-27 -1.103075e-27
9.710000    9.649600e-04 9.649600e-04 1.029990e-03   0.000000e+00 0.000000e+00 -2.201608e-27
9.720000    9.463455e-04 9.463455e-04 1.101614e-03   1.105890e-19 1.268485e-27 3.295621e-27
9.730000    9.273488e-04 9.273488e-04 1.179899e-03   -1.103618e-19 -1.265879e-27 -2.192567e-27
9.740000    9.087566e-04 9.087566e-04 1.265696e-03   2.202706e-19 0.000000e+00 0.000000e+00
9.750000    8.913743e-04 8.913743e-04 1.360039e-03   0.000000e+00 -6.303455e-28 -1.091790e-27
9.760000    8.758630e-04 8.758630e-04 1.464175e-03   -2.193688e-19 -2.516218e-27 -1.089554e-27
9.770000    8.626051e-04 8.626051e-04 1.579580e-03   -1.094600e-19 -1.255535e-27 3.261975e-27
9.780000    8.516248e-04 8.516248e-04 1.707944e-03   1.092363e-19 -1.252969e-27 3.255308e-27
9.790000    8.425806e-04 8.425806e-04 1.851122e-03   0.000000e+00 -3.126025e-28 -5.414435e-28
9.800000    8.348138e-04 8.348138e-04 2.011033e-03   0.000000e+00 6.239298e-28 1.080678e-27
9.810000    8.274227e-04 8.274227e-04 2.189518e-03   -2.171383e-19 -6.226584e-28 -1.617714e-27
9.820000    8.193289e-04 8.193289e-04 2.388126e-03   0.000000e+00 -2.796259e-27 -5.381403e-28
9.830000    8.093404e-04 8.093404e-04 2.607805e-03   -5.406392e-20 3.100637e-28 5.370460e-28
9.840000    7.962479e-04 7.962479e-04 2.848507e-03   -5.395409e-20 -1.237735e-27 -5.359550e-28
9.850000    7.789909e-04 7.789909e-04 3.108683e-03   5.384459e-20 0.000000e+00 0.000000e+00
9.860000    7.568780e-04 7.568780e-04 3.384767e-03   0.000000e+00 0.000000e+00 -1.067566e-27
9.870000    7.297801e-04 7.297801e-04 3.670755e-03   1.072532e-19 1.230222e-27 1.065404e-27
9.880000    6.981946e-04 6.981946e-04 3.958066e-03   0.000000e+00 2.455466e-27 1.063248e-27
9.890000    6.631327e-04 6.631327e-04 4.235846e-03   -5.340992e-20 -2.450503e-27 -2.122198e-27
9.900000    6.258764e-04 6.258764e-04 4.491772e-03   5.330208e-20 0.000000e+00 0.000000e+00
9.910000    5.877151e-04 5.877151e-04 4.713244e-03   0.000000e+00 -3.660933e-27 -4.227282e-27
9.920000    5.497544e-04 5.497544e-04 4.888679e-03   0.000000e+00 -1.217852e-27 2.109382e-27
9.930000    5.128363e-04 5.128363e-04 5.008607e-03   0.000000e+00 2.430801e-27 0.000000e+00
9.940000    4.775461e-04 4.775461e-04 5.066406e-03   -1.057479e-19 0.000000e+00 0.000000e+00
9.950000    4.442618e-04 4.442618e-04 5.058681e-03   1.055355e-19 0.000000e+00 0.000000e+00
9.960000    4.132064e-04 4.132064e-04 4.985432e-03   -5.266182e-20 7.248539e-27 8.369892e-27
9.970000    3.844866e-04 3.844866e-04 4.850079e-03   -5.255623e-20 0.000000e+00 0.000000e+00
9.980000    3.581181e-04 3.581181e-04 4.659330e-03   1.049019e-19 7.219516e-27 8.336378e-27
9.990000    3.340455e-04 3.340455e-04 4.422779e-03   -5.234601e-20 0.000000e+00 4.159849e-27
10.000000    3.121595e-04 3.121595e-04 4.152151e-03   0.000000e+00 0.000000e+00 4.151533e-27