calculation_mode = "Quench Electrons"
spinorbit="True"
E_POINTS = "801"
Emax = "4.00000000e+00"
Emin = "-4.00000000"
write_pdos = "true"

ecutwfc = "200"
unoccupied_states_per_kpoint = "1536"
preconditioner_threshold="1.0e-5"
cell_relax = "False"
charge_density_mixing = "0.1"
charge_mixing_type = "Broyden"
description = "Example parameters for high-throughput bulk relaxation of a vdW material"
dipole_moment = "True"
dos_broading = "0.05"
dos_method = "Gaussian"
energy_convergence_criterion = "1.464e-08"
energy_output_units = "Hartrees"
kohn_sham_mucycles = "3"
kohn_sham_solver = "multigrid"
kpoint_distribution = "1"
kpoint_mesh = "1 1 1"
localize_projectors = "False"
max_md_steps = "100"
max_scf_steps = "200"
#non_local_block_size = "4000"
#potential_acceleration_constant_step = "1.5"
processor_grid = "8 8 16"
pseudopotential = "Bi Bi.upf
Se Se.upf
Nb Nb.upf"
rms_convergence_criterion = "1.464e-05"
scalapack_block_factor = "64"
#start_mode = "LCAO Start"
start_mode="Restart From File"
state_block_size = "64"
#stress = "True"
subdiag_driver = "scalapack"
use_async_allreduce = "False"
vdw_corr = "DFT-D3"
vdwdf_kernel_filepath = "/lustre/orion/world-shared/cph162/rjmorelock/rmgdft/XC/vdW_kernel_table"
wavefunction_grid = "136 136 448"
write_data_period = "25"

atomic_coordinate_type = "Absolute"
crds_units = "Angstrom"
lattice_units = "Angstrom"

lattice_vector = "
1.509742691380e+01 0.000000000000e+00 0.000000000000e+00
7.548713456901e+00 1.307491146815e+01 0.000000000000e+00
0.000000000000e+00 0.000000000000e+00 4.998925800348e+01
"
atoms = "
Nb 6.226254161174e+00 5.372193620262e+00 1.791659066142e+01 1 1 1 0.0 0.0 0.0
Nb 9.052987313084e+00 7.342295011924e+00 1.790957609948e+01 1 1 1 0.0 0.0 0.0
Nb 1.186082640299e+01 9.597029574344e+00 1.789966762592e+01 1 1 1 0.0 0.0 0.0
Nb 8.612679615026e+00 1.087520488366e+01 1.790475719978e+01 1 1 1 0.0 0.0 0.0
Nb 1.148849654975e+01 1.289744425754e+01 1.791495116447e+01 1 1 1 0.0 0.0 0.0
Nb 6.640766161711e+00 1.928705548840e+00 1.789835420799e+01 1 1 1 0.0 0.0 0.0
Nb 9.503298260350e+00 4.006013012293e+00 1.790857039812e+01 1 1 1 0.0 0.0 0.0
Nb 1.216806544373e+01 6.034854454454e+00 1.791119696940e+01 1 1 1 0.0 0.0 0.0
Nb 1.497365796454e+01 8.098047649404e+00 1.790495442414e+01 1 1 1 0.0 0.0 0.0
Nb 1.786918632845e+01 1.011006347759e+01 1.791108811764e+01 1 1 1 0.0 0.0 0.0
Nb 1.455128799936e+01 1.153291896893e+01 1.789697866465e+01 1 1 1 0.0 0.0 0.0
Nb 9.822205765266e+00 5.775302909437e-01 1.788860660431e+01 1 1 1 0.0 0.0 0.0
Nb 1.264469121140e+01 2.606873710643e+00 1.790971405599e+01 1 1 1 0.0 0.0 0.0
Nb 1.531535940903e+01 4.644958715154e+00 1.789650034133e+01 1 1 1 0.0 0.0 0.0
Nb 1.823628881007e+01 6.796543931491e+00 1.789599788753e+01 1 1 1 0.0 0.0 0.0
Nb 5.779662642038e+00 8.795330328453e+00 1.791422328116e+01 1 1 1 0.0 0.0 0.0
Nb 2.057500761198e+01 1.234032136970e+01 1.791487866719e+01 1 1 1 0.0 0.0 0.0
Nb 1.574011924450e+01 1.201602355949e+00 1.791078130067e+01 1 1 1 0.0 0.0 0.0
Nb 3.504489296306e+00 3.340108903660e+00 1.791938662234e+01 1 1 1 0.0 0.0 0.0
Nb 6.190497654460e+00 5.410949450706e+00 1.149827108855e+01 1 1 1 0.0 0.0 0.0
Nb 9.010894861331e+00 7.429151202181e+00 1.150668558890e+01 1 1 1 0.0 0.0 0.0
Nb 1.176104426466e+01 9.527028790739e+00 1.148021317952e+01 1 1 1 0.0 0.0 0.0
Nb 8.713157727274e+00 1.090801741858e+01 1.148962041639e+01 1 1 1 0.0 0.0 0.0
Nb 1.139829040292e+01 1.290620605693e+01 1.148733225396e+01 1 1 1 0.0 0.0 0.0
Nb 6.663721077006e+00 1.887849678483e+00 1.148529666784e+01 1 1 1 0.0 0.0 0.0
Nb 9.509084866485e+00 4.008333031188e+00 1.148407649094e+01 1 1 1 0.0 0.0 0.0
Nb 1.218999661272e+01 5.963222164473e+00 1.148934831345e+01 1 1 1 0.0 0.0 0.0
Nb 1.507714280900e+01 8.134498965847e+00 1.149152571907e+01 1 1 1 0.0 0.0 0.0
Nb 1.776096465968e+01 1.010234876123e+01 1.149072078756e+01 1 1 1 0.0 0.0 0.0
Nb 1.456239193725e+01 1.160145324362e+01 1.149692057529e+01 1 1 1 0.0 0.0 0.0
Nb 9.818646360336e+00 5.245664747059e-01 1.149377403445e+01 1 1 1 0.0 0.0 0.0
Nb 1.253048020869e+01 2.678149599747e+00 1.148463731299e+01 1 1 1 0.0 0.0 0.0
Nb 1.542581039572e+01 4.659083831790e+00 1.148760054683e+01 1 1 1 0.0 0.0 0.0
Nb 1.816126147761e+01 6.814051390350e+00 1.147931786453e+01 1 1 1 0.0 0.0 0.0
Nb 5.844817802491e+00 8.793225578863e+00 1.150970179339e+01 1 1 1 0.0 0.0 0.0
Nb 2.057179307186e+01 1.220078267383e+01 1.147305240590e+01 1 1 1 0.0 0.0 0.0
Nb 6.897912754884e-01 1.237557462885e+00 1.149216771691e+01 1 1 1 0.0 0.0 0.0
Nb 3.441150536760e+00 3.238103480036e+00 1.148792054031e+01 1 1 1 0.0 0.0 0.0
Bi 1.674574408719e+01 6.918132987992e+00 3.836785192001e+01 1 1 1 0.0 0.0 0.0
Bi 1.270526353812e+01 5.897000870616e+00 3.837523886398e+01 1 1 1 0.0 0.0 0.0
Bi 1.560025790926e+01 2.883432377430e+00 3.836028960670e+01 1 1 1 0.0 0.0 0.0
Bi 8.612494085482e+00 4.901372927015e+00 3.836392484273e+01 1 1 1 0.0 0.0 0.0
Bi 1.153285118132e+01 1.871080157298e+00 3.836762823679e+01 1 1 1 0.0 0.0 0.0
Bi 2.198885460150e+01 1.193667898737e+01 3.837308844640e+01 1 1 1 0.0 0.0 0.0
Bi 4.556575954368e+00 3.900324038757e+00 3.837346622603e+01 1 1 1 0.0 0.0 0.0
Bi 7.461513513103e+00 8.770693264519e-01 3.836837098997e+01 1 1 1 0.0 0.0 0.0
Bi 1.792045106237e+01 1.092262535654e+01 3.836233090794e+01 1 1 1 0.0 0.0 0.0
Bi 1.094622634434e+01 1.293018900486e+01 3.836585972642e+01 1 1 1 0.0 0.0 0.0
Bi 1.385353816264e+01 9.933437076720e+00 3.837069439560e+01 1 1 1 0.0 0.0 0.0
Bi 9.770828898680e+00 8.923056200594e+00 3.836141193873e+01 1 1 1 0.0 0.0 0.0
Bi 5.714984481957e+00 7.913991599957e+00 3.836753981127e+01 1 1 1 0.0 0.0 0.0
Bi 1.850684427847e+01 8.589290721469e+00 3.448072265137e+01 1 1 1 0.0 0.0 0.0
Bi 1.443031188887e+01 7.582512748642e+00 3.448152049191e+01 1 1 1 0.0 0.0 0.0
Bi 1.733863739910e+01 4.555501936224e+00 3.446521950426e+01 1 1 1 0.0 0.0 0.0
Bi 1.036916770908e+01 6.577622456898e+00 3.446974793857e+01 1 1 1 0.0 0.0 0.0
Bi 1.326706461743e+01 3.559229507651e+00 3.447550289990e+01 1 1 1 0.0 0.0 0.0
Bi 1.081115258151e+00 5.273512699787e-01 3.445450980342e+01 1 1 1 0.0 0.0 0.0
Bi 6.310555695344e+00 5.572569601904e+00 3.446991171892e+01 1 1 1 0.0 0.0 0.0
Bi 9.216117101137e+00 2.552985421751e+00 3.446518875906e+01 1 1 1 0.0 0.0 0.0
Bi 1.967204252059e+01 1.261328755798e+01 3.448166284059e+01 1 1 1 0.0 0.0 0.0
Bi 5.145445349568e+00 1.548730248542e+00 3.446723159491e+01 1 1 1 0.0 0.0 0.0
Bi 1.560860118236e+01 1.161242562804e+01 3.445124964823e+01 1 1 1 0.0 0.0 0.0
Bi 1.154901786378e+01 1.059420435596e+01 3.447049857649e+01 1 1 1 0.0 0.0 0.0
Bi 7.479142471058e+00 9.584716995620e+00 3.447108876788e+01 1 1 1 0.0 0.0 0.0
Bi 1.851182007923e+01 8.658389945794e+00 2.829290295130e+01 1 1 1 0.0 0.0 0.0
Bi 1.444358979273e+01 7.665302105906e+00 2.828422380940e+01 1 1 1 0.0 0.0 0.0
Bi 1.735776424618e+01 4.626723267153e+00 2.828020798909e+01 1 1 1 0.0 0.0 0.0
Bi 1.038895454602e+01 6.644885647841e+00 2.829461060628e+01 1 1 1 0.0 0.0 0.0
Bi 1.329061734427e+01 3.632121080731e+00 2.827403148516e+01 1 1 1 0.0 0.0 0.0
Bi 1.105088098803e+00 6.131125925078e-01 2.827095167357e+01 1 1 1 0.0 0.0 0.0
Bi 6.323787878291e+00 5.648951310612e+00 2.829041957538e+01 1 1 1 0.0 0.0 0.0
Bi 9.222163162878e+00 2.593745458108e+00 2.828356037988e+01 1 1 1 0.0 0.0 0.0
Bi 1.968513642952e+01 1.268652219667e+01 2.828739860830e+01 1 1 1 0.0 0.0 0.0
Bi 5.168731106480e+00 1.622442628453e+00 2.830917626297e+01 1 1 1 0.0 0.0 0.0
Bi 1.562149236349e+01 1.165432291923e+01 2.828326033638e+01 1 1 1 0.0 0.0 0.0
Bi 1.155842753487e+01 1.067177152754e+01 2.828757778772e+01 1 1 1 0.0 0.0 0.0
Bi 7.482173016245e+00 9.671395646911e+00 2.829479952256e+01 1 1 1 0.0 0.0 0.0
Bi 1.620590904964e+01 9.330933482617e+00 2.443747182321e+01 1 1 1 0.0 0.0 0.0
Bi 1.212232981829e+01 8.330166487080e+00 2.444497857291e+01 1 1 1 0.0 0.0 0.0
Bi 1.502011956825e+01 5.318045399505e+00 2.445545596493e+01 1 1 1 0.0 0.0 0.0
Bi 8.083700225405e+00 7.307253159084e+00 2.446763921274e+01 1 1 1 0.0 0.0 0.0
Bi 1.096990448618e+01 4.303198531986e+00 2.445744429553e+01 1 1 1 0.0 0.0 0.0
Bi 1.387848246688e+01 1.283210325004e+00 2.442126121904e+01 1 1 1 0.0 0.0 0.0
Bi 4.009144471582e+00 6.307620613733e+00 2.447276985076e+01 1 1 1 0.0 0.0 0.0
Bi 6.897348757772e+00 3.295047132528e+00 2.445186274558e+01 1 1 1 0.0 0.0 0.0
Bi 9.810690550822e+00 2.685969834050e-01 2.446298308796e+01 1 1 1 0.0 0.0 0.0
Bi 2.835995129627e+00 2.285970413732e+00 2.446398392089e+01 1 1 1 0.0 0.0 0.0
Bi 1.328897864108e+01 1.234649078266e+01 2.446249158813e+01 1 1 1 0.0 0.0 0.0
Bi 9.238322172271e+00 1.135045934140e+01 2.445100066292e+01 1 1 1 0.0 0.0 0.0
Bi 2.027019236179e+01 1.032236695567e+01 2.447111320846e+01 1 1 1 0.0 0.0 0.0
Se 4.243549090385e+00 5.124161417272e+00 9.810637950603e+00 1 1 1 0.0 0.0 0.0
Se 7.052904696450e+00 7.205885446963e+00 9.799586136676e+00 1 1 1 0.0 0.0 0.0
Se 9.817573929723e+00 9.252876716245e+00 9.778869270719e+00 1 1 1 0.0 0.0 0.0
Se 6.660121772112e+00 1.060183641484e+01 9.804719420579e+00 1 1 1 0.0 0.0 0.0
Se 9.426088177576e+00 1.270174704947e+01 9.770897850476e+00 1 1 1 0.0 0.0 0.0
Se 4.655241952045e+00 1.683093590916e+00 9.795861310938e+00 1 1 1 0.0 0.0 0.0
Se 7.430856687537e+00 3.762809392947e+00 9.839296126617e+00 1 1 1 0.0 0.0 0.0
Se 1.020934829514e+01 5.848563319060e+00 9.784704772832e+00 1 1 1 0.0 0.0 0.0
Se 1.300476060987e+01 7.884459858140e+00 9.848336379068e+00 1 1 1 0.0 0.0 0.0
Se 1.578202965928e+01 9.970198067688e+00 9.792719691446e+00 1 1 1 0.0 0.0 0.0
Se 1.261825462731e+01 1.133198105396e+01 9.783253292556e+00 1 1 1 0.0 0.0 0.0
Se 7.847527784166e+00 3.071934785794e-01 9.772315092984e+00 1 1 1 0.0 0.0 0.0
Se 1.060352512527e+01 2.371737239704e+00 9.771500371692e+00 1 1 1 0.0 0.0 0.0
Se 1.341574257482e+01 4.446374898101e+00 9.779924291401e+00 1 1 1 0.0 0.0 0.0
Se 1.617143913157e+01 6.493632713964e+00 9.783424428479e+00 1 1 1 0.0 0.0 0.0
Se 1.897630376908e+01 8.578362787935e+00 9.763587055110e+00 1 1 1 0.0 0.0 0.0
Se 1.855811102327e+01 1.201950792709e+01 9.806038500708e+00 1 1 1 0.0 0.0 0.0
Se 1.379882874941e+01 1.017274997326e+00 9.822978575720e+00 1 1 1 0.0 0.0 0.0
Se 1.656772684975e+01 3.058999418367e+00 9.769395092924e+00 1 1 1 0.0 0.0 0.0
Se 5.084335008335e+00 6.966026545337e+00 1.619552955541e+01 1 1 1 0.0 0.0 0.0
Se 7.844676894655e+00 9.025175079820e+00 1.626577513641e+01 1 1 1 0.0 0.0 0.0
Se 1.060784961467e+01 1.111308064063e+01 1.621559511001e+01 1 1 1 0.0 0.0 0.0
Se 7.445465789685e+00 1.247784442943e+01 1.619934000203e+01 1 1 1 0.0 0.0 0.0
Se 2.679140325392e+00 1.469331859090e+00 1.628281406173e+01 1 1 1 0.0 0.0 0.0
Se 5.472373435294e+00 3.530446075382e+00 1.621993579223e+01 1 1 1 0.0 0.0 0.0
Se 8.214364354221e+00 5.573656690726e+00 1.622694892539e+01 1 1 1 0.0 0.0 0.0
Se 1.104144787439e+01 7.685600816000e+00 1.624754879026e+01 1 1 1 0.0 0.0 0.0
Se 1.381891684696e+01 9.723561093433e+00 1.619271740167e+01 1 1 1 0.0 0.0 0.0
Se 1.659626627839e+01 1.176891461205e+01 1.626241650133e+01 1 1 1 0.0 0.0 0.0
Se 5.870085963213e+00 9.945992230294e-02 1.620838083657e+01 1 1 1 0.0 0.0 0.0
Se 8.641765419175e+00 2.170854941271e+00 1.621950366609e+01 1 1 1 0.0 0.0 0.0
Se 1.143100789761e+01 4.209708311147e+00 1.620781689238e+01 1 1 1 0.0 0.0 0.0
Se 1.418289416650e+01 6.290492416208e+00 1.622194581909e+01 1 1 1 0.0 0.0 0.0
Se 1.696904545603e+01 8.339387823986e+00 1.622351276584e+01 1 1 1 0.0 0.0 0.0
Se 1.979181443533e+01 1.044199768593e+01 1.622303036786e+01 1 1 1 0.0 0.0 0.0
Se 1.182265711261e+01 7.854618653468e-01 1.620748102358e+01 1 1 1 0.0 0.0 0.0
Se 1.459467021482e+01 2.834862849068e+00 1.619839245725e+01 1 1 1 0.0 0.0 0.0
Se 1.736403780122e+01 4.911063379551e+00 1.625175871278e+01 1 1 1 0.0 0.0 0.0
Se 4.229799530842e+00 5.130795765360e+00 1.315152469190e+01 1 1 1 0.0 0.0 0.0
Se 7.053076679056e+00 7.197787341686e+00 1.319810583675e+01 1 1 1 0.0 0.0 0.0
Se 9.822696153823e+00 9.265097165209e+00 1.318750033091e+01 1 1 1 0.0 0.0 0.0
Se 6.664561145889e+00 1.062498156935e+01 1.316178946051e+01 1 1 1 0.0 0.0 0.0
Se 9.432825609392e+00 1.270916505614e+01 1.319530627743e+01 1 1 1 0.0 0.0 0.0
Se 4.657103650524e+00 1.683632028767e+00 1.316482741417e+01 1 1 1 0.0 0.0 0.0
Se 7.444419765017e+00 3.753701141220e+00 1.312081002726e+01 1 1 1 0.0 0.0 0.0
Se 1.021247922525e+01 5.836931315196e+00 1.318875008882e+01 1 1 1 0.0 0.0 0.0
Se 1.300762621051e+01 7.884447634145e+00 1.310207762891e+01 1 1 1 0.0 0.0 0.0
Se 1.578686385220e+01 9.976564757924e+00 1.317843621257e+01 1 1 1 0.0 0.0 0.0
Se 1.261013064527e+01 1.132801989767e+01 1.317807944127e+01 1 1 1 0.0 0.0 0.0
Se 7.846364229231e+00 3.191942131499e-01 1.319674532204e+01 1 1 1 0.0 0.0 0.0
Se 1.061091582640e+01 2.373255184643e+00 1.318791494129e+01 1 1 1 0.0 0.0 0.0
Se 1.342500931513e+01 4.437918645662e+00 1.318225718981e+01 1 1 1 0.0 0.0 0.0
Se 1.618163590090e+01 6.486401295185e+00 1.317089141502e+01 1 1 1 0.0 0.0 0.0
Se 1.896178097574e+01 8.568690962437e+00 1.321047593704e+01 1 1 1 0.0 0.0 0.0
Se 1.857283289309e+01 1.201227973629e+01 1.314596674325e+01 1 1 1 0.0 0.0 0.0
Se 1.379406006863e+01 1.009087937354e+00 1.313085920906e+01 1 1 1 0.0 0.0 0.0
Se 1.657661406414e+01 3.060097725747e+00 1.319503740247e+01 1 1 1 0.0 0.0 0.0
Se 5.063307885758e+00 6.961432651803e+00 1.963336675466e+01 1 1 1 0.0 0.0 0.0
Se 7.849285075975e+00 9.020235104365e+00 1.954697946837e+01 1 1 1 0.0 0.0 0.0
Se 1.060952599528e+01 1.110672374017e+01 1.959770676988e+01 1 1 1 0.0 0.0 0.0
Se 7.448475432371e+00 1.247296123469e+01 1.963040743673e+01 1 1 1 0.0 0.0 0.0
Se 2.670405514049e+00 1.467134133057e+00 1.955834783612e+01 1 1 1 0.0 0.0 0.0
Se 5.484916629463e+00 3.518724111386e+00 1.961630311676e+01 1 1 1 0.0 0.0 0.0
Se 8.221974505156e+00 5.572027883154e+00 1.960967956389e+01 1 1 1 0.0 0.0 0.0
Se 1.104277039417e+01 7.694468980009e+00 1.956810639377e+01 1 1 1 0.0 0.0 0.0
Se 1.381853060048e+01 9.728976693399e+00 1.961967111828e+01 1 1 1 0.0 0.0 0.0
Se 1.659863921501e+01 1.178225167792e+01 1.953475626768e+01 1 1 1 0.0 0.0 0.0
Se 5.887284488394e+00 9.815428327650e-02 1.961040443089e+01 1 1 1 0.0 0.0 0.0
Se 8.644802526160e+00 2.159800216868e+00 1.957238341597e+01 1 1 1 0.0 0.0 0.0
Se 1.142497591198e+01 4.207742153078e+00 1.962548936922e+01 1 1 1 0.0 0.0 0.0
Se 1.418174791566e+01 6.286942166045e+00 1.959391066396e+01 1 1 1 0.0 0.0 0.0
Se 1.695976511586e+01 8.331292735019e+00 1.959115211588e+01 1 1 1 0.0 0.0 0.0
Se 1.978880013589e+01 1.044050159601e+01 1.961977727124e+01 1 1 1 0.0 0.0 0.0
Se 1.180752841132e+01 7.930387839510e-01 1.960601659897e+01 1 1 1 0.0 0.0 0.0
Se 1.459218805602e+01 2.836766670056e+00 1.961877257531e+01 1 1 1 0.0 0.0 0.0
Se 1.735394787278e+01 4.929131713376e+00 1.953607148481e+01 1 1 1 0.0 0.0 0.0
Se 1.850409149842e+01 8.578225783945e+00 3.992400911832e+01 1 1 1 0.0 0.0 0.0
Se 1.442634448828e+01 7.582292716742e+00 3.993347916854e+01 1 1 1 0.0 0.0 0.0
Se 1.733421612319e+01 4.548454724046e+00 3.991754029688e+01 1 1 1 0.0 0.0 0.0
Se 1.036845242019e+01 6.580069848757e+00 3.990121591960e+01 1 1 1 0.0 0.0 0.0
Se 1.327825803919e+01 3.544088264861e+00 3.992531555112e+01 1 1 1 0.0 0.0 0.0
Se 1.075758185189e+00 5.451153268857e-01 3.992466074719e+01 1 1 1 0.0 0.0 0.0
Se 6.308770939237e+00 5.587491500724e+00 3.993496441032e+01 1 1 1 0.0 0.0 0.0
Se 9.203951898278e+00 2.550304451055e+00 3.991626270425e+01 1 1 1 0.0 0.0 0.0
Se 1.967213687289e+01 1.260199618551e+01 3.991802777496e+01 1 1 1 0.0 0.0 0.0
Se 5.146954721835e+00 1.541304410042e+00 3.990969810172e+01 1 1 1 0.0 0.0 0.0
Se 1.558974479778e+01 1.159813710147e+01 3.992087115016e+01 1 1 1 0.0 0.0 0.0
Se 1.153455343870e+01 1.058361377292e+01 3.991896986922e+01 1 1 1 0.0 0.0 0.0
Se 7.458379937105e+00 9.594797187201e+00 3.992994616955e+01 1 1 1 0.0 0.0 0.0
Se 1.620420615726e+01 9.244235251769e+00 3.642329163870e+01 1 1 1 0.0 0.0 0.0
Se 1.210487215501e+01 8.238875950229e+00 3.640343886627e+01 1 1 1 0.0 0.0 0.0
Se 1.502271354221e+01 5.239388704886e+00 3.640846827268e+01 1 1 1 0.0 0.0 0.0
Se 8.057425410803e+00 7.249980622931e+00 3.640964188198e+01 1 1 1 0.0 0.0 0.0
Se 1.095032545715e+01 4.233240823410e+00 3.640544333677e+01 1 1 1 0.0 0.0 0.0
Se 1.385932191122e+01 1.210398075593e+00 3.639846565848e+01 1 1 1 0.0 0.0 0.0
Se 3.976870692014e+00 6.250539798498e+00 3.641702607423e+01 1 1 1 0.0 0.0 0.0
Se 6.895019531193e+00 3.199098724614e+00 3.640626430235e+01 1 1 1 0.0 0.0 0.0
Se 9.819512305986e+00 1.853200951422e-01 3.641180357104e+01 1 1 1 0.0 0.0 0.0
Se 2.849699232845e+00 2.218273562034e+00 3.641824942620e+01 1 1 1 0.0 0.0 0.0
Se 1.326531838543e+01 1.226282542538e+01 3.642242865644e+01 1 1 1 0.0 0.0 0.0
Se 9.225927835663e+00 1.127754353201e+01 3.639586660442e+01 1 1 1 0.0 0.0 0.0
Se 2.023968354710e+01 1.026805045655e+01 3.642073206126e+01 1 1 1 0.0 0.0 0.0
Se 1.676640692415e+01 6.912210012880e+00 3.292497122617e+01 1 1 1 0.0 0.0 0.0
Se 1.269123928267e+01 5.916238739079e+00 3.291233018713e+01 1 1 1 0.0 0.0 0.0
Se 1.559684820858e+01 2.890575106101e+00 3.290410682560e+01 1 1 1 0.0 0.0 0.0
Se 8.624188532261e+00 4.890176541863e+00 3.289794656741e+01 1 1 1 0.0 0.0 0.0
Se 1.154732460242e+01 1.884974288065e+00 3.290273456315e+01 1 1 1 0.0 0.0 0.0
Se 2.200180753761e+01 1.192424549164e+01 3.290127525105e+01 1 1 1 0.0 0.0 0.0
Se 4.575608343306e+00 3.903628644841e+00 3.290268587885e+01 1 1 1 0.0 0.0 0.0
Se 7.474001355331e+00 8.707333284965e-01 3.289065148860e+01 1 1 1 0.0 0.0 0.0
Se 1.792601583741e+01 1.093567036950e+01 3.290405549540e+01 1 1 1 0.0 0.0 0.0
Se 1.095923214526e+01 1.294270182426e+01 3.290509056610e+01 1 1 1 0.0 0.0 0.0
Se 1.387387560851e+01 9.929107560139e+00 3.289909821585e+01 1 1 1 0.0 0.0 0.0
Se 9.789028997640e+00 8.926213748321e+00 3.290405835296e+01 1 1 1 0.0 0.0 0.0
Se 5.741093081986e+00 7.911370849631e+00 3.290157947506e+01 1 1 1 0.0 0.0 0.0
Se 1.620846682788e+01 9.327745613034e+00 2.985760398088e+01 1 1 1 0.0 0.0 0.0
Se 1.212835259623e+01 8.329231166292e+00 2.985829032377e+01 1 1 1 0.0 0.0 0.0
Se 1.502782793448e+01 5.312238684634e+00 2.981972838387e+01 1 1 1 0.0 0.0 0.0
Se 8.073295754006e+00 7.321940685300e+00 2.984892266936e+01 1 1 1 0.0 0.0 0.0
Se 1.096450513196e+01 4.296178307848e+00 2.982823527858e+01 1 1 1 0.0 0.0 0.0
Se 1.387577461398e+01 1.283787339876e+00 2.983396409856e+01 1 1 1 0.0 0.0 0.0
Se 3.992915081615e+00 6.322156371915e+00 2.984173548980e+01 1 1 1 0.0 0.0 0.0
Se 6.910714452139e+00 3.294044394559e+00 2.985209487530e+01 1 1 1 0.0 0.0 0.0
Se 9.817458833672e+00 2.596744199743e-01 2.984701932463e+01 1 1 1 0.0 0.0 0.0
Se 2.849822742815e+00 2.281094362889e+00 2.985396795109e+01 1 1 1 0.0 0.0 0.0
Se 1.329621328784e+01 1.235283567079e+01 2.984515429233e+01 1 1 1 0.0 0.0 0.0
Se 9.222456909169e+00 1.134901093036e+01 2.982925881321e+01 1 1 1 0.0 0.0 0.0
Se 2.025985049206e+01 1.034740227840e+01 2.984901130655e+01 1 1 1 0.0 0.0 0.0
Se 1.678058532893e+01 6.990099241735e+00 2.637528366582e+01 1 1 1 0.0 0.0 0.0
Se 1.272537920581e+01 5.998676881402e+00 2.638579275556e+01 1 1 1 0.0 0.0 0.0
Se 1.561473074827e+01 2.965074795924e+00 2.635671531241e+01 1 1 1 0.0 0.0 0.0
Se 8.652178145739e+00 4.982521623135e+00 2.637677277060e+01 1 1 1 0.0 0.0 0.0
Se 1.154950274890e+01 1.950651217286e+00 2.636299468840e+01 1 1 1 0.0 0.0 0.0
Se 2.201872358798e+01 1.202059210543e+01 2.636243910521e+01 1 1 1 0.0 0.0 0.0
Se 4.581078871870e+00 3.974580201209e+00 2.637340392240e+01 1 1 1 0.0 0.0 0.0
Se 7.500754069907e+00 9.387868456603e-01 2.636550939161e+01 1 1 1 0.0 0.0 0.0
Se 1.791200105423e+01 1.101388186730e+01 2.637701010660e+01 1 1 1 0.0 0.0 0.0
Se 1.097337139093e+01 1.302318428622e+01 2.638896353272e+01 1 1 1 0.0 0.0 0.0
Se 1.386453568298e+01 1.000822151682e+01 2.636197067751e+01 1 1 1 0.0 0.0 0.0
Se 9.811861990498e+00 9.015643433375e+00 2.636394445573e+01 1 1 1 0.0 0.0 0.0
Se 5.745639825827e+00 7.975054579826e+00 2.638384072653e+01 1 1 1 0.0 0.0 0.0
Se 1.853535566072e+01 8.655798088546e+00 2.290153903850e+01 1 1 1 0.0 0.0 0.0
Se 1.444917340647e+01 7.670014111801e+00 2.290443427307e+01 1 1 1 0.0 0.0 0.0
Se 1.734954019672e+01 4.627354787282e+00 2.294006996862e+01 1 1 1 0.0 0.0 0.0
Se 1.038521569709e+01 6.633960783535e+00 2.289457421922e+01 1 1 1 0.0 0.0 0.0
Se 1.327864582028e+01 3.649008873032e+00 2.288694528250e+01 1 1 1 0.0 0.0 0.0
Se 1.110309437801e+00 6.239199794641e-01 2.288541701860e+01 1 1 1 0.0 0.0 0.0
Se 6.331635788564e+00 5.647256567555e+00 2.291353114749e+01 1 1 1 0.0 0.0 0.0
Se 9.233416540420e+00 2.643433349668e+00 2.292707946092e+01 1 1 1 0.0 0.0 0.0
Se 1.968839362132e+01 1.264959308609e+01 2.291238711919e+01 1 1 1 0.0 0.0 0.0
Se 5.158793316497e+00 1.624841918100e+00 2.290282149957e+01 1 1 1 0.0 0.0 0.0
Se 1.559269803017e+01 1.168071478784e+01 2.291013165992e+01 1 1 1 0.0 0.0 0.0
Se 1.157377632098e+01 1.066945346660e+01 2.289766530229e+01 1 1 1 0.0 0.0 0.0
Se 7.483404200033e+00 9.677427632537e+00 2.292793662223e+01 1 1 1 0.0 0.0 0.0
"
