calculation_mode = "Quench Electrons"
spinorbit = "True"
ecutwfc = "200"
preconditioner_threshold = "1.0e-5"
cell_relax = "False"
unoccupied_states_per_kpoint = "1536"
non_local_block_size = "4000"
charge_density_mixing = "0.1"
charge_mixing_type = "Broyden"
description = "Example parameters for high-throughput bulk relaxation of a vdW material"
dipole_moment = "True"
dos_broading = "0.05"
dos_method = "Gaussian"
energy_convergence_criterion = "1.008e-08"
energy_output_units = "Hartrees"
kohn_sham_mucycles = "3"
kohn_sham_solver = "multigrid"
kpoint_distribution = "4"
kpoint_mesh = "2 2 1"
localize_projectors = "True"
max_md_steps = "100"
max_scf_steps = "100"
#non_local_block_size = "4000"
processor_grid = "4 4 16"
pseudopotential = "Bi Bi.upf
Se Se.upf
Nb Nb.upf"
rms_convergence_criterion = "1.008e-05"
scalapack_block_factor = "64"
#start_mode = "LCAO Start"
start_mode="Restart From File"
state_block_size = "64"
#stress = "True"
subdiag_driver = "scalapack"
use_async_allreduce = "False"
vdw_corr = "DFT-D3"
vdwdf_kernel_filepath = "/lustre/orion/world-shared/cph162/rjmorelock/rmgdft/XC/vdW_kernel_table"
wavefunction_grid = "112 112 448"
write_data_period = "25"

atomic_coordinate_type = "Absolute"
crds_units = "Angstrom"
lattice_units = "Angstrom"

lattice_vector = "
1.248805389901e+01 0.000000000000e+00 0.000000000000e+00
6.244291538130e+00 1.081479543769e+01 0.000000000000e+00
0.000000000000e+00 0.000000000000e+00 4.998925800348e+01
"
atoms = "
Nb 6.057439580688e-01 3.515013838023e-01 1.790275505766e+01 1 1 1 0.0 0.0 0.0
Nb 3.019168987683e+00 2.828146531424e+00 1.788304214678e+01 1 1 1 0.0 0.0 0.0
Nb 6.398444680839e+00 2.022491950186e+00 1.789835727721e+01 1 1 1 0.0 0.0 0.0
Nb 9.732770365097e+00 1.198430520436e+00 1.790782859745e+01 1 1 1 0.0 0.0 0.0
Nb 5.461366019338e+00 5.316224923933e+00 1.788604491016e+01 1 1 1 0.0 0.0 0.0
Nb 8.770601240595e+00 4.505721491563e+00 1.790331132878e+01 1 1 1 0.0 0.0 0.0
Nb 1.210414072621e+01 3.684926355465e+00 1.789622061824e+01 1 1 1 0.0 0.0 0.0
Nb 7.840062098620e+00 7.828910164357e+00 1.789778095027e+01 1 1 1 0.0 0.0 0.0
Nb 1.116569826911e+01 7.032559048334e+00 1.788812716972e+01 1 1 1 0.0 0.0 0.0
Nb 1.454538375713e+01 6.183537068597e+00 1.785530669714e+01 1 1 1 0.0 0.0 0.0
Nb 1.023056443983e+01 1.035365921728e+01 1.790225689020e+01 1 1 1 0.0 0.0 0.0
Nb 1.359894061627e+01 9.542429065792e+00 1.789231682475e+01 1 1 1 0.0 0.0 0.0
Nb 1.697689458341e+01 8.674051793162e+00 1.788674305371e+01 1 1 1 0.0 0.0 0.0
Nb 6.372624429493e-01 3.547301587870e-01 1.152828697463e+01 1 1 1 0.0 0.0 0.0
Nb 3.059756300586e+00 2.857937411339e+00 1.153663495741e+01 1 1 1 0.0 0.0 0.0
Nb 6.393725213543e+00 2.010646952480e+00 1.153088417657e+01 1 1 1 0.0 0.0 0.0
Nb 9.749868293683e+00 1.162206009363e+00 1.152980047448e+01 1 1 1 0.0 0.0 0.0
Nb 5.427346113602e+00 5.350691137762e+00 1.153373718279e+01 1 1 1 0.0 0.0 0.0
Nb 8.788160770495e+00 4.498246598332e+00 1.152845557050e+01 1 1 1 0.0 0.0 0.0
Nb 1.218032817396e+01 3.670753454123e+00 1.152486997130e+01 1 1 1 0.0 0.0 0.0
Nb 7.841538714816e+00 7.835110428348e+00 1.152511249323e+01 1 1 1 0.0 0.0 0.0
Nb 1.121559089935e+01 7.003862136545e+00 1.153540694868e+01 1 1 1 0.0 0.0 0.0
Nb 1.459474842722e+01 6.178854061615e+00 1.153765028979e+01 1 1 1 0.0 0.0 0.0
Nb 1.026960512639e+01 1.033509165764e+01 1.153390138649e+01 1 1 1 0.0 0.0 0.0
Nb 1.362238364466e+01 9.520471279187e+00 1.153099059411e+01 1 1 1 0.0 0.0 0.0
Nb 1.694201799263e+01 8.674947266902e+00 1.153451766631e+01 1 1 1 0.0 0.0 0.0
Bi 4.123008545685e+00 2.302367658722e+00 3.836461473111e+01 1 1 1 0.0 0.0 0.0
Bi 8.295715672310e+00 9.503276458247e+00 3.836512660426e+01 1 1 1 0.0 0.0 0.0
Bi 6.212247103982e+00 5.908726062593e+00 3.836703889209e+01 1 1 1 0.0 0.0 0.0
Bi 8.286473750409e+00 2.303646680133e+00 3.837874519243e+01 1 1 1 0.0 0.0 0.0
Bi 1.245008013962e+01 9.511000170620e+00 3.838278593699e+01 1 1 1 0.0 0.0 0.0
Bi 1.037333656745e+01 5.903082334315e+00 3.837688238268e+01 1 1 1 0.0 0.0 0.0
Bi 1.244191525218e+01 2.301193096901e+00 3.837814208912e+01 1 1 1 0.0 0.0 0.0
Bi 1.662013354818e+01 9.511231844420e+00 3.837143497916e+01 1 1 1 0.0 0.0 0.0
Bi 1.453090075792e+01 5.911142973842e+00 3.837430428404e+01 1 1 1 0.0 0.0 0.0
Bi 2.028881447961e+00 3.502404972958e+00 3.444507081591e+01 1 1 1 0.0 0.0 0.0
Bi 1.867622777742e+01 1.071880416642e+01 3.443461559642e+01 1 1 1 0.0 0.0 0.0
Bi 4.104415215111e+00 7.120232923276e+00 3.442731570210e+01 1 1 1 0.0 0.0 0.0
Bi 6.189414799055e+00 3.501710798242e+00 3.443577375374e+01 1 1 1 0.0 0.0 0.0
Bi 1.035848044536e+01 1.071190983355e+01 3.444483644331e+01 1 1 1 0.0 0.0 0.0
Bi 8.273838161893e+00 7.105122002342e+00 3.444397827657e+01 1 1 1 0.0 0.0 0.0
Bi 1.035695181104e+01 3.506899063662e+00 3.444141208441e+01 1 1 1 0.0 0.0 0.0
Bi 1.451537173404e+01 1.071158592416e+01 3.443484536518e+01 1 1 1 0.0 0.0 0.0
Bi 1.243291701640e+01 7.103749369476e+00 3.443828247725e+01 1 1 1 0.0 0.0 0.0
Bi 1.446338477900e+01 3.563864359504e+00 2.828828910778e+01 1 1 1 0.0 0.0 0.0
Bi 1.862590990034e+01 1.077487610523e+01 2.828999946157e+01 1 1 1 0.0 0.0 0.0
Bi 1.653944237871e+01 7.171998629304e+00 2.829436522679e+01 1 1 1 0.0 0.0 0.0
Bi 6.157576426528e+00 3.583987012327e+00 2.828793863369e+01 1 1 1 0.0 0.0 0.0
Bi 1.029727527556e+01 1.078047183713e+01 2.830035625409e+01 1 1 1 0.0 0.0 0.0
Bi 8.226605282344e+00 7.188437467627e+00 2.829437337612e+01 1 1 1 0.0 0.0 0.0
Bi 1.030575846312e+01 3.571279508623e+00 2.828864900123e+01 1 1 1 0.0 0.0 0.0
Bi 1.446091828384e+01 1.078089327389e+01 2.829335857291e+01 1 1 1 0.0 0.0 0.0
Bi 1.238247631729e+01 7.179101563847e+00 2.829896827509e+01 1 1 1 0.0 0.0 0.0
Bi 4.055299046650e+00 4.784350828925e+00 2.444082246772e+01 1 1 1 0.0 0.0 0.0
Bi 1.984379652194e+00 1.176068389495e+00 2.441129469473e+01 1 1 1 0.0 0.0 0.0
Bi 6.141044294256e+00 8.413045751558e+00 2.442441866093e+01 1 1 1 0.0 0.0 0.0
Bi 8.221082259397e+00 4.785641915577e+00 2.440980156820e+01 1 1 1 0.0 0.0 0.0
Bi 6.138834661735e+00 1.178016502620e+00 2.440794775446e+01 1 1 1 0.0 0.0 0.0
Bi 1.028096211684e+01 8.387172159146e+00 2.441973893484e+01 1 1 1 0.0 0.0 0.0
Bi 1.236351912444e+01 4.772743061380e+00 2.442655129816e+01 1 1 1 0.0 0.0 0.0
Bi 1.029699380618e+01 1.173710957769e+00 2.439910959480e+01 1 1 1 0.0 0.0 0.0
Bi 1.445544452730e+01 8.388393288565e+00 2.443752479385e+01 1 1 1 0.0 0.0 0.0
Se 1.745330180088e+01 1.060952350814e+01 9.837148725341e+00 1 1 1 0.0 0.0 0.0
Se 1.362518669655e+01 2.289566861069e+00 9.834217665476e+00 1 1 1 0.0 0.0 0.0
Se 4.478413299629e+00 1.459312893317e+00 9.836245631448e+00 1 1 1 0.0 0.0 0.0
Se 7.837387107626e+00 6.324511104837e-01 9.821832536552e+00 1 1 1 0.0 0.0 0.0
Se 3.523034577586e+00 4.789048335365e+00 9.829200006801e+00 1 1 1 0.0 0.0 0.0
Se 6.871387321937e+00 3.958086063864e+00 9.838760070064e+00 1 1 1 0.0 0.0 0.0
Se 1.024803956596e+01 3.117477684881e+00 9.844890376823e+00 1 1 1 0.0 0.0 0.0
Se 5.918497373413e+00 7.289729507401e+00 9.840295742441e+00 1 1 1 0.0 0.0 0.0
Se 9.291183169369e+00 6.444351018860e+00 9.840285529320e+00 1 1 1 0.0 0.0 0.0
Se 1.265832948496e+01 5.620216139308e+00 9.843794979917e+00 1 1 1 0.0 0.0 0.0
Se 8.335800796003e+00 9.778905466443e+00 9.844721780951e+00 1 1 1 0.0 0.0 0.0
Se 1.169313664166e+01 8.943571767524e+00 9.840126194050e+00 1 1 1 0.0 0.0 0.0
Se 1.504369542013e+01 8.115216487741e+00 9.829965461692e+00 1 1 1 0.0 0.0 0.0
Se 6.400800472116e+00 9.224792909217e+00 1.621569840541e+01 1 1 1 0.0 0.0 0.0
Se 2.528245379924e+00 8.981380952788e-01 1.621400874245e+01 1 1 1 0.0 0.0 0.0
Se 5.895739523725e+00 8.373446783003e-02 1.621759158993e+01 1 1 1 0.0 0.0 0.0
Se 1.552451856882e+01 1.006179446899e+01 1.622169107316e+01 1 1 1 0.0 0.0 0.0
Se 4.940134049231e+00 3.395235202726e+00 1.621155611174e+01 1 1 1 0.0 0.0 0.0
Se 8.308597592835e+00 2.574156480540e+00 1.621646994584e+01 1 1 1 0.0 0.0 0.0
Se 1.166200260405e+01 1.739741644997e+00 1.622667576410e+01 1 1 1 0.0 0.0 0.0
Se 7.355599956742e+00 5.908450784588e+00 1.620572262050e+01 1 1 1 0.0 0.0 0.0
Se 1.069360543375e+01 5.078581475778e+00 1.622146098690e+01 1 1 1 0.0 0.0 0.0
Se 1.404965013984e+01 4.223344520923e+00 1.621126374131e+01 1 1 1 0.0 0.0 0.0
Se 9.742375884685e+00 8.416157525453e+00 1.621409579211e+01 1 1 1 0.0 0.0 0.0
Se 1.309999341139e+01 7.582917410485e+00 1.620876935851e+01 1 1 1 0.0 0.0 0.0
Se 4.002419105007e+00 6.723686014084e+00 1.620846365281e+01 1 1 1 0.0 0.0 0.0
Se 1.745473597706e+01 1.061328982138e+01 1.320608228418e+01 1 1 1 0.0 0.0 0.0
Se 1.361718331400e+01 2.291190853129e+00 1.320330627325e+01 1 1 1 0.0 0.0 0.0
Se 4.479280409469e+00 1.457695568891e+00 1.321498410386e+01 1 1 1 0.0 0.0 0.0
Se 7.838893463583e+00 6.335955621201e-01 1.321627439675e+01 1 1 1 0.0 0.0 0.0
Se 3.523718168756e+00 4.791699672135e+00 1.322204025913e+01 1 1 1 0.0 0.0 0.0
Se 6.875399385085e+00 3.958080983763e+00 1.320228506699e+01 1 1 1 0.0 0.0 0.0
Se 1.025125034892e+01 3.119452098115e+00 1.319067602942e+01 1 1 1 0.0 0.0 0.0
Se 5.922686975529e+00 7.293499630711e+00 1.320078363238e+01 1 1 1 0.0 0.0 0.0
Se 9.285803130114e+00 6.448159613356e+00 1.320022106405e+01 1 1 1 0.0 0.0 0.0
Se 1.265522940589e+01 5.613796795936e+00 1.319847070446e+01 1 1 1 0.0 0.0 0.0
Se 8.332487458494e+00 9.778021687519e+00 1.319513170186e+01 1 1 1 0.0 0.0 0.0
Se 1.169787515934e+01 8.943144615649e+00 1.320750788769e+01 1 1 1 0.0 0.0 0.0
Se 1.504082283435e+01 8.120021258409e+00 1.321665926736e+01 1 1 1 0.0 0.0 0.0
Se 6.392886203015e+00 9.219130871406e+00 1.958430366268e+01 1 1 1 0.0 0.0 0.0
Se 2.531415839576e+00 9.130951843861e-01 1.958827656671e+01 1 1 1 0.0 0.0 0.0
Se 5.904472430030e+00 8.061131662419e-02 1.959041576574e+01 1 1 1 0.0 0.0 0.0
Se 1.552713445071e+01 1.004736512835e+01 1.957053203645e+01 1 1 1 0.0 0.0 0.0
Se 4.927726006932e+00 3.397113729042e+00 1.956906362250e+01 1 1 1 0.0 0.0 0.0
Se 8.298528778565e+00 2.576089723784e+00 1.959960572244e+01 1 1 1 0.0 0.0 0.0
Se 1.166648166612e+01 1.743037413821e+00 1.959361617683e+01 1 1 1 0.0 0.0 0.0
Se 7.341960942326e+00 5.905840882396e+00 1.959250654505e+01 1 1 1 0.0 0.0 0.0
Se 1.069796431967e+01 5.089693192570e+00 1.957784833525e+01 1 1 1 0.0 0.0 0.0
Se 1.405990908750e+01 4.248114196676e+00 1.953480182984e+01 1 1 1 0.0 0.0 0.0
Se 9.745785162030e+00 8.412101117251e+00 1.959458832835e+01 1 1 1 0.0 0.0 0.0
Se 1.311661047661e+01 7.570544928897e+00 1.953953532033e+01 1 1 1 0.0 0.0 0.0
Se 3.982955277858e+00 6.714715189688e+00 1.952851710916e+01 1 1 1 0.0 0.0 0.0
Se 2.042507815040e+00 3.505514894732e+00 3.994606633733e+01 1 1 1 0.0 0.0 0.0
Se 6.212625095291e+00 1.070984281430e+01 3.994739674186e+01 1 1 1 0.0 0.0 0.0
Se 4.118004857289e+00 7.109483851653e+00 3.995127550526e+01 1 1 1 0.0 0.0 0.0
Se 6.195202304792e+00 3.510499426911e+00 3.994863898545e+01 1 1 1 0.0 0.0 0.0
Se 1.035560632497e+01 1.071020657074e+01 3.995328696090e+01 1 1 1 0.0 0.0 0.0
Se 8.294856500128e+00 7.099110284205e+00 3.995326494712e+01 1 1 1 0.0 0.0 0.0
Se 1.036312254694e+01 3.503742362619e+00 3.996453668712e+01 1 1 1 0.0 0.0 0.0
Se 1.453170574235e+01 1.072022648903e+01 3.995219939581e+01 1 1 1 0.0 0.0 0.0
Se 1.244747748716e+01 7.108718396762e+00 3.996142126190e+01 1 1 1 0.0 0.0 0.0
Se 4.104588520660e+00 4.701648468402e+00 3.639628084438e+01 1 1 1 0.0 0.0 0.0
Se 2.032185154444e+00 1.098112590142e+00 3.639327707556e+01 1 1 1 0.0 0.0 0.0
Se 6.185198526406e+00 8.308389573259e+00 3.639517518143e+01 1 1 1 0.0 0.0 0.0
Se 8.273007512365e+00 4.718149485051e+00 3.640321364843e+01 1 1 1 0.0 0.0 0.0
Se 6.202765888130e+00 1.098762631475e+00 3.639829182376e+01 1 1 1 0.0 0.0 0.0
Se 1.035841239316e+01 8.306234075570e+00 3.641208313538e+01 1 1 1 0.0 0.0 0.0
Se 1.244298228518e+01 4.693365733183e+00 3.639261052389e+01 1 1 1 0.0 0.0 0.0
Se 1.034787546870e+01 1.112361798843e+00 3.640042229136e+01 1 1 1 0.0 0.0 0.0
Se 1.451697117227e+01 8.320951288631e+00 3.639439438040e+01 1 1 1 0.0 0.0 0.0
Se 4.111780991993e+00 2.294787247548e+00 3.285225782707e+01 1 1 1 0.0 0.0 0.0
Se 8.270318551092e+00 9.521673040720e+00 3.285996079569e+01 1 1 1 0.0 0.0 0.0
Se 6.192752267047e+00 5.911263626255e+00 3.284791904989e+01 1 1 1 0.0 0.0 0.0
Se 8.272671484812e+00 2.308939140554e+00 3.285142156826e+01 1 1 1 0.0 0.0 0.0
Se 1.243509600956e+01 9.501734435743e+00 3.284827566243e+01 1 1 1 0.0 0.0 0.0
Se 1.034587232114e+01 5.911387242060e+00 3.284409680262e+01 1 1 1 0.0 0.0 0.0
Se 1.242576576798e+01 2.304507545682e+00 3.284573301867e+01 1 1 1 0.0 0.0 0.0
Se 1.659747449589e+01 9.517240440411e+00 3.283497754400e+01 1 1 1 0.0 0.0 0.0
Se 1.450314535829e+01 5.910947019507e+00 3.284917251204e+01 1 1 1 0.0 0.0 0.0
Se 4.057076711783e+00 4.760465990450e+00 2.986761511483e+01 1 1 1 0.0 0.0 0.0
Se 1.968713148067e+00 1.169911782627e+00 2.988156771969e+01 1 1 1 0.0 0.0 0.0
Se 6.134243149499e+00 8.365567757107e+00 2.987077837767e+01 1 1 1 0.0 0.0 0.0
Se 8.235777299930e+00 4.783521131917e+00 2.988156883096e+01 1 1 1 0.0 0.0 0.0
Se 6.140710330495e+00 1.173665395608e+00 2.986421949026e+01 1 1 1 0.0 0.0 0.0
Se 1.031152093878e+01 8.378470474299e+00 2.988659104056e+01 1 1 1 0.0 0.0 0.0
Se 1.237765048536e+01 4.772470852603e+00 2.987198500764e+01 1 1 1 0.0 0.0 0.0
Se 1.030832507862e+01 1.165051501266e+00 2.987050754476e+01 1 1 1 0.0 0.0 0.0
Se 1.446615766779e+01 8.372881727537e+00 2.988535049033e+01 1 1 1 0.0 0.0 0.0
Se 4.052676073780e+00 2.379013797302e+00 2.636087591562e+01 1 1 1 0.0 0.0 0.0
Se 8.229099559307e+00 9.585511449424e+00 2.636937963525e+01 1 1 1 0.0 0.0 0.0
Se 6.148829073684e+00 5.985579532819e+00 2.635153022206e+01 1 1 1 0.0 0.0 0.0
Se 8.219088107851e+00 2.364028873472e+00 2.634786614587e+01 1 1 1 0.0 0.0 0.0
Se 1.237294075493e+01 9.589860651398e+00 2.635686655127e+01 1 1 1 0.0 0.0 0.0
Se 1.030381019125e+01 5.981065386296e+00 2.636142133861e+01 1 1 1 0.0 0.0 0.0
Se 1.237516869698e+01 2.350277832232e+00 2.634790334703e+01 1 1 1 0.0 0.0 0.0
Se 1.654499318346e+01 9.577669254265e+00 2.635885107179e+01 1 1 1 0.0 0.0 0.0
Se 1.445840442732e+01 5.973283094002e+00 2.635082033078e+01 1 1 1 0.0 0.0 0.0
Se 1.446189244624e+01 3.573500624290e+00 2.286387463614e+01 1 1 1 0.0 0.0 0.0
Se 1.862517619609e+01 1.079698528945e+01 2.282704300001e+01 1 1 1 0.0 0.0 0.0
Se 1.655439983824e+01 7.201342566116e+00 2.288060145272e+01 1 1 1 0.0 0.0 0.0
Se 6.143328911193e+00 3.597223534527e+00 2.284789395948e+01 1 1 1 0.0 0.0 0.0
Se 1.030330075231e+01 1.078284265704e+01 2.283490371637e+01 1 1 1 0.0 0.0 0.0
Se 8.208341576279e+00 7.189162334622e+00 2.283976241020e+01 1 1 1 0.0 0.0 0.0
Se 1.030254011293e+01 3.565567622315e+00 2.282516098112e+01 1 1 1 0.0 0.0 0.0
Se 1.444315401527e+01 1.078186632502e+01 2.283816233695e+01 1 1 1 0.0 0.0 0.0
Se 1.236837453737e+01 7.175763090418e+00 2.287033282112e+01 1 1 1 0.0 0.0 0.0
"
