  0.000000        0.0177413778      
  0.200000        0.0286987194      
  0.400000        0.0396217506      
  0.600000        0.0504874892      
  0.800000        0.0612731914      
  1.000000        0.0719564306      
  1.200000        0.0825152029      
  1.400000        0.0929280004      
  1.600000        0.1031739056      
  1.800000        0.1132326663      
  2.000000        0.1230847810      
  2.200000        0.1327115672      
  2.400000        0.1420952386      
  2.600000        0.1512189582      
  2.800000        0.1600669166      
  3.000000        0.1686243711      
  3.200000        0.1768777061      
  3.400000        0.1848144731      
  3.600000        0.1924234289      
  3.800000        0.1996945693      
  4.000000        0.2066191477      
  4.200000        0.2131897086      
  4.400000        0.2194000888      
  4.600000        0.2252454266      
  4.800000        0.2307221666      
  5.000000        0.2358280463      
  5.200000        0.2405620879      
  5.400000        0.2449245795      
  5.600000        0.2489170567      
  5.800000        0.2525422642      
  6.000000        0.2558041248      
  6.200000        0.2587076984      
  6.400000        0.2612591304      
  6.600000        0.2634656123      
  6.800000        0.2653353143      
  7.000000        0.2668773315      
  7.200000        0.2681016276      
  7.400000        0.2690189562      
  7.600000        0.2696408054      
  7.800000        0.2699793220      
  8.000000        0.2700472352      
  8.200000        0.2698577844      
  8.400000        0.2694246515      
  8.600000        0.2687618772      
  8.800000        0.2678837853      
  9.000000        0.2668049146      
  9.200000        0.2655399368      
  9.400000        0.2641035836      
  9.600000        0.2625105791      
  9.800000        0.2607755654      
  10.000000        0.2589130391     
  10.200000        0.2569372813     
  10.400000        0.2548622954     
  10.600000        0.2527017513     
  10.800000        0.2504689247     
  11.000000        0.2481766529     
  11.200000        0.2458372751     
  11.400000        0.2434626005     
  11.600000        0.2410638604     
  11.800000        0.2386516774     
  12.000000        0.2362360351     
  12.200000        0.2338262493     
  12.400000        0.2314309478     
  12.600000        0.2290580518     
  12.800000        0.2267147643     
  13.000000        0.2244075626     
  13.200000        0.2221421913     
  13.400000        0.2199236715     
  13.600000        0.2177562974     
  13.800000        0.2156436540     
  14.000000        0.2135886224     
  14.200000        0.2115934023     
  14.400000        0.2096595300     
  14.600000        0.2077878995     
  14.800000        0.2059787963     
  15.000000        0.2042319163     
  15.200000        0.2025464074     
  15.400000        0.2009208985     
  15.600000        0.1993535345     
  15.800000        0.1978420182     
  16.000000        0.1963836487     
  16.200000        0.1949753569     
  16.400000        0.1936137531     
  16.600000        0.1922951641     
  16.800000        0.1910156750     
  17.000000        0.1897711727     
  17.200000        0.1885573789     
  17.400000        0.1873699017     
  17.600000        0.1862042657     
  17.800000        0.1850559519     
  18.000000        0.1839204366     
  18.200000        0.1827932286     
  18.400000        0.1816698963     
  18.600000        0.1805461058     
  18.800000        0.1794176461     
  19.000000        0.1782804634     
  19.200000        0.1771306721     
  19.400000        0.1759645975     
  19.600000        0.1747787766     
  19.800000        0.1735699858     
  20.000000        0.1723352559     
  20.200000        0.1710718813     
  20.400000        0.1697774321     
  20.600000        0.1684497595     
  20.800000        0.1670870053     
  21.000000        0.1656875990     
  21.200000        0.1642502592     
  21.400000        0.1627739954     
  21.600000        0.1612581004     
  21.800000        0.1597021374     
  22.000000        0.1581059512     
  22.200000        0.1564696331     
  22.400000        0.1547935301     
  22.600000        0.1530782181     
  22.800000        0.1513244950     
  23.000000        0.1495333616     
  23.200000        0.1477060047     
  23.400000        0.1458437776     
  23.600000        0.1439481908     
  23.800000        0.1420208811     
  24.000000        0.1400636008     
  24.200000        0.1380781937     
  24.400000        0.1360665817     
  24.600000        0.1340307336     
  24.800000        0.1319726645     
  25.000000        0.1298944002     
  25.200000        0.1277979688     
  25.400000        0.1256853774     
  25.600000        0.1235586063     
  25.800000        0.1214195784     
  26.000000        0.1192701565     
  26.200000        0.1171121276     
  26.400000        0.1149471830     
  26.600000        0.1127769196     
  26.800000        0.1106028180     
  27.000000        0.1084262413     
  27.200000        0.1062484268     
  27.400000        0.1040704773     
  27.600000        0.1018933586     
  27.800000        0.0997178957     
  28.000000        0.0975447695     
  28.200000        0.0953745187     
  28.400000        0.0932075379     
  28.600000        0.0910440833     
  28.800000        0.0888842694     
  29.000000        0.0867280749     
  29.200000        0.0845753519     
  29.400000        0.0824258273     
  29.600000        0.0802791130     
  29.800000        0.0781347052     
  30.000000        0.0759920057     
  30.200000        0.0738503173     
  30.400000        0.0717088650     
  30.600000        0.0695667939     
  30.800000        0.0674231902     
  31.000000        0.0652770862     
  31.200000        0.0631274687     
  31.400000        0.0609732915     
  31.600000        0.0588134860     
  31.800000        0.0566469769     
  32.000000        0.0544726814     
  32.200000        0.0522895280     
  32.400000        0.0500964592     
  32.600000        0.0478924469     
  32.800000        0.0456765007     
  33.000000        0.0434476728     
  33.200000        0.0412050656     
  33.400000        0.0389478421     
  33.600000        0.0366752325     
  33.800000        0.0343865355     
  34.000000        0.0320811301     
  34.200000        0.0297584738     
  34.400000        0.0274181125     
  34.600000        0.0250596795     
  34.800000        0.0226829012     
  35.000000        0.0202875979     
  35.200000        0.0178736853     
  35.400000        0.0154411700     
  35.600000        0.0129901609     
  35.800000        0.0105208607     
  36.000000        0.0080335612     
  36.200000        0.0055286540     
  36.400000        0.0030066179     
  36.600000        0.0004680212     
  36.800000       -0.0020864861     
  37.000000       -0.0046561667     
  37.200000       -0.0072402067     
  37.400000       -0.0098377210     
  37.600000       -0.0124477446     
  37.800000       -0.0150692590     
  38.000000       -0.0177011744     
  38.200000       -0.0203423469     
  38.400000       -0.0229915803     
  38.600000       -0.0256476333     
  38.800000       -0.0283092204     
  39.000000       -0.0309750164     
  39.200000       -0.0336436662     
  39.400000       -0.0363137859     
  39.600000       -0.0389839664     
  39.800000       -0.0416527797     
  40.000000       -0.0443187859     
  40.200000       -0.0469805286     
  40.400000       -0.0496365503     
  40.600000       -0.0522853858     
  40.800000       -0.0549255720     
  41.000000       -0.0575556506     
  41.200000       -0.0601741683     
  41.400000       -0.0627796802     
  41.600000       -0.0653707586     
  41.800000       -0.0679459864     
  42.000000       -0.0705039615     
  42.200000       -0.0730433056     
  42.400000       -0.0755626567     
  42.600000       -0.0780606760     
  42.800000       -0.0805360467     
  43.000000       -0.0829874799     
  43.200000       -0.0854137097     
  43.400000       -0.0878134939     
  43.600000       -0.0901856212     
  43.800000       -0.0925289060     
  44.000000       -0.0948421909     
  44.200000       -0.0971243457     
  44.400000       -0.0993742700     
  44.600000       -0.1015908883     
  44.800000       -0.1037731560     
  45.000000       -0.1059200608     
  45.200000       -0.1080306133     
  45.400000       -0.1101038560     
  45.600000       -0.1121388600     
  45.800000       -0.1141347238     
  46.000000       -0.1160905757     
  46.200000       -0.1180055706     
  46.400000       -0.1198788936     
  46.600000       -0.1217097615     
  46.800000       -0.1234974100     
  47.000000       -0.1252411139     
  47.200000       -0.1269401699     
  47.400000       -0.1285939070     
  47.600000       -0.1302016811     
  47.800000       -0.1317628762     
  48.000000       -0.1332769080     
  48.200000       -0.1347432194     
  48.400000       -0.1361612832     
  48.600000       -0.1375305990     
  48.800000       -0.1388506995     
  49.000000       -0.1401211422     
  49.200000       -0.1413415190     
  49.400000       -0.1425114456     
  49.600000       -0.1436305684     
  49.800000       -0.1446985678     
  50.000000       -0.1457151476     
  50.200000       -0.1466800398     
  50.400000       -0.1475930117     
  50.600000       -0.1484538554     
  50.800000       -0.1492623833     
  51.000000       -0.1500184454     
  51.200000       -0.1507219131     
  51.400000       -0.1513726883     
  51.600000       -0.1519706931     
  51.800000       -0.1525158820     
  52.000000       -0.1530082240     
  52.200000       -0.1534477236     
  52.400000       -0.1538343983     
  52.600000       -0.1541682902     
  52.800000       -0.1544494677     
  53.000000       -0.1546780104     
  53.200000       -0.1548540256     
  53.400000       -0.1549776329     
  53.600000       -0.1550489704     
  53.800000       -0.1550681943     
  54.000000       -0.1550354741     
  54.200000       -0.1549509932     
  54.400000       -0.1548149497     
  54.600000       -0.1546275516     
  54.800000       -0.1543890225     
  55.000000       -0.1540995925     
  55.200000       -0.1537595053     
  55.400000       -0.1533690084     
  55.600000       -0.1529283615     
  55.800000       -0.1524378315     
  56.000000       -0.1518976938     
  56.200000       -0.1513082255     
  56.400000       -0.1506697139     
  56.600000       -0.1499824537     
  56.800000       -0.1492467398     
  57.000000       -0.1484628771     
  57.200000       -0.1476311727     
  57.400000       -0.1467519453     
  57.600000       -0.1458255117     
  57.800000       -0.1448521982     
  58.000000       -0.1438323365     
  58.200000       -0.1427662646     
  58.400000       -0.1416543278     
  58.600000       -0.1404968801     
  58.800000       -0.1392942772     
  59.000000       -0.1380468895     
  59.200000       -0.1367550956     
  59.400000       -0.1354192784     
  59.600000       -0.1340398381     
  59.800000       -0.1326171797     
  60.000000       -0.1311517239     
  60.200000       -0.1296439033     
  60.400000       -0.1280941624     
  60.600000       -0.1265029591     
  60.800000       -0.1248707677     
  61.000000       -0.1231980766     
  61.200000       -0.1214853922     
  61.400000       -0.1197332340     
  61.600000       -0.1179421423     
  61.800000       -0.1161126715     
  62.000000       -0.1142453958     
  62.200000       -0.1123409061     
  62.400000       -0.1103998158     
  62.600000       -0.1084227519     
  62.800000       -0.1064103618     
  63.000000       -0.1043633150     
  63.200000       -0.1022822939     
  63.400000       -0.1001680019     
  63.600000       -0.0980211655     
  63.800000       -0.0958425185     
  64.000000       -0.0936328191     
  64.200000       -0.0913928431     
  64.400000       -0.0891233720     
  64.600000       -0.0868252192     
  64.800000       -0.0844991972     
  65.000000       -0.0821461409     
  65.200000       -0.0797668918     
  65.400000       -0.0773623080     
  65.600000       -0.0749332530     
  65.800000       -0.0724806048     
  66.000000       -0.0700052408     
  66.200000       -0.0675080576     
  66.400000       -0.0649899463     
  66.600000       -0.0624518081     
  66.800000       -0.0598945474     
  67.000000       -0.0573190694     
  67.200000       -0.0547262770     
  67.400000       -0.0521170793     
  67.600000       -0.0494923806     
  67.800000       -0.0468530792     
  68.000000       -0.0442000773     
  68.200000       -0.0415342660     
  68.400000       -0.0388565350     
  68.600000       -0.0361677653     
  68.800000       -0.0334688325     
  69.000000       -0.0307606060     
  69.200000       -0.0280439410     
  69.400000       -0.0253196906     
  69.600000       -0.0225886973     
  69.800000       -0.0198517906     
  70.000000       -0.0171097944     
  70.200000       -0.0143635201     
  70.400000       -0.0116137687     
  70.600000       -0.0088613357     
  70.800000       -0.0061070013     
  71.000000       -0.0033515390     
  71.200000       -0.0005957123     
  71.400000        0.0021597288     
  71.600000        0.0049140313     
  71.800000        0.0076664659     
  72.000000        0.0104163015     
  72.200000        0.0131628163     
  72.400000        0.0159052941     
  72.600000        0.0186430315     
  72.800000        0.0213753219     
  73.000000        0.0241014710     
  73.200000        0.0268207835     
  73.400000        0.0295325725     
  73.600000        0.0322361482     
  73.800000        0.0349308283     
  74.000000        0.0376159323     
  74.200000        0.0402907790     
  74.400000        0.0429546835     
  74.600000        0.0456069700     
  74.800000        0.0482469572     
  75.000000        0.0508739634     
  75.200000        0.0534873039     
  75.400000        0.0560862957     
  75.600000        0.0586702521     
  75.800000        0.0612384869     
  76.000000        0.0637903042     
  76.200000        0.0663250190     
  76.400000        0.0688419294     
  76.600000        0.0713403418     
  76.800000        0.0738195562     
  77.000000        0.0762788742     
  77.200000        0.0787175896     
  77.400000        0.0811350051     
  77.600000        0.0835304116     
  77.800000        0.0859031082     
  78.000000        0.0882523949     
  78.200000        0.0905775658     
  78.400000        0.0928779253     
  78.600000        0.0951527710     
  78.800000        0.0974014139     
  79.000000        0.0996231630     
  79.200000        0.1018173360     
  79.400000        0.1039832522     
  79.600000        0.1061202394     
  79.800000        0.1082276366     
  80.000000        0.1103047872     
  80.200000        0.1123510424     
  80.400000        0.1143657700     
  80.600000        0.1163483431     
  80.800000        0.1182981502     
  81.000000        0.1202145876     
  81.200000        0.1220970717     
  81.400000        0.1239450296     
  81.600000        0.1257579004     
  81.800000        0.1275351430     
  82.000000        0.1292762305     
  82.200000        0.1309806518     
  82.400000        0.1326479121     
  82.600000        0.1342775375     
  82.800000        0.1358690653     
  83.000000        0.1374220565     
  83.200000        0.1389360875     
  83.400000        0.1404107508     
  83.600000        0.1418456635     
  83.800000        0.1432404526     
  84.000000        0.1445947677     
  84.200000        0.1459082768     
  84.400000        0.1471806669     
  84.600000        0.1484116366     
  84.800000        0.1496009092     
  85.000000        0.1507482225     
  85.200000        0.1518533259     
  85.400000        0.1529159940     
  85.600000        0.1539360082     
  85.800000        0.1549131717     
  86.000000        0.1558473007     
  86.200000        0.1567382216     
  86.400000        0.1575857802     
  86.600000        0.1583898329     
  86.800000        0.1591502461     
  87.000000        0.1598669025     
  87.200000        0.1605396920     
  87.400000        0.1611685201     
  87.600000        0.1617532965     
  87.800000        0.1622939463     
  88.000000        0.1627903986     
  88.200000        0.1632425973     
  88.400000        0.1636504877     
  88.600000        0.1640140267     
  88.800000        0.1643331779     
  89.000000        0.1646079135     
  89.200000        0.1648382100     
  89.400000        0.1650240512     
  89.600000        0.1651654294     
  89.800000        0.1652623382     
  90.000000        0.1653147833     
  90.200000        0.1653227697     
  90.400000        0.1652863163     
  90.600000        0.1652054397     
  90.800000        0.1650801704     
  91.000000        0.1649105390     
  91.200000        0.1646965858     
  91.400000        0.1644383594     
  91.600000        0.1641359101     
  91.800000        0.1637893015     
  92.000000        0.1633986008     
  92.200000        0.1629638868     
  92.400000        0.1624852453     
  92.600000        0.1619627702     
  92.800000        0.1613965653     
  93.000000        0.1607867503     
  93.200000        0.1601334450     
  93.400000        0.1594367885     
  93.600000        0.1586969288     
  93.800000        0.1579140278     
  94.000000        0.1570882591     
  94.200000        0.1562198103     
  94.400000        0.1553088803     
  94.600000        0.1543556879     
  94.800000        0.1533604595     
  95.000000        0.1523234461     
  95.200000        0.1512449052     
  95.400000        0.1501251166     
  95.600000        0.1489643738     
  95.800000        0.1477629911     
  96.000000        0.1465212918     
  96.200000        0.1452396258     
  96.400000        0.1439183528     
  96.600000        0.1425578557     
  96.800000        0.1411585293     
  97.000000        0.1397207940     
  97.200000        0.1382450779     
  97.400000        0.1367318314     
  97.600000        0.1351815224     
  97.800000        0.1335946331     
  98.000000        0.1319716646     
  98.200000        0.1303131319     
  98.400000        0.1286195674     
  98.600000        0.1268915160     
  98.800000        0.1251295405     
  99.000000        0.1233342125     
  99.200000        0.1215061227     
  99.400000        0.1196458725     
  99.600000        0.1177540706     
  99.800000        0.1158313429     
  100.000000        0.1138783230    
  100.200000        0.1118956550    
  100.400000        0.1098839852    
  100.600000        0.1078439787    
  100.800000        0.1057763008    
  101.000000        0.1036816179    
  101.200000        0.1015606133    
  101.400000        0.0994139636    
  101.600000        0.0972423590    
  101.800000        0.0950464803    
  102.000000        0.0928270194    
  102.200000        0.0905846672    
  102.400000        0.0883201108    
  102.600000        0.0860340431    
  102.800000        0.0837271540    
  103.000000        0.0814001272    
  103.200000        0.0790536514    
  103.400000        0.0766884076    
  103.600000        0.0743050747    
  103.800000        0.0719043322    
  104.000000        0.0694868509    
  104.200000        0.0670532996    
  104.400000        0.0646043460    
  104.600000        0.0621406489    
  104.800000        0.0596628673    
  105.000000        0.0571716551    
  105.200000        0.0546676622    
  105.400000        0.0521515350    
  105.600000        0.0496239165    
  105.800000        0.0470854514    
  106.000000        0.0445367782    
  106.200000        0.0419785309    
  106.400000        0.0394113528    
  106.600000        0.0368358756    
  106.800000        0.0342527407    
  107.000000        0.0316625812    
  107.200000        0.0290660434    
  107.400000        0.0264637696    
  107.600000        0.0238564064    
  107.800000        0.0212446072    
  108.000000        0.0186290283    
  108.200000        0.0160103383    
  108.400000        0.0133892068    
  108.600000        0.0107663157    
  108.800000        0.0081423545    
  109.000000        0.0055180256    
  109.200000        0.0028940405    
  109.400000        0.0002711226    
  109.600000       -0.0023499920    
  109.800000       -0.0049685495    
  110.000000       -0.0075837911    
  110.200000       -0.0101949345    
  110.400000       -0.0128011871    
  110.600000       -0.0154017376    
  110.800000       -0.0179957586    
  111.000000       -0.0205824115    
  111.200000       -0.0231608371    
  111.400000       -0.0257301607    
  111.600000       -0.0282894888    
  111.800000       -0.0308379163    
  112.000000       -0.0333745189    
  112.200000       -0.0358983608    
  112.400000       -0.0384084843    
  112.600000       -0.0409039250    
  112.800000       -0.0433836988    
  113.000000       -0.0458468151    
  113.200000       -0.0482922664    
  113.400000       -0.0507190355    
  113.600000       -0.0531260992    
  113.800000       -0.0555124206    
  114.000000       -0.0578769633    
  114.200000       -0.0602186786    
  114.400000       -0.0625365195    
  114.600000       -0.0648294359    
  114.800000       -0.0670963728    
  115.000000       -0.0693362863    
  115.200000       -0.0715481260    
  115.400000       -0.0737308535    
  115.600000       -0.0758834357    
  115.800000       -0.0780048507    
  116.000000       -0.0800940881    
  116.200000       -0.0821501463    
  116.400000       -0.0841720441    
  116.600000       -0.0861588175    
  116.800000       -0.0881095220    
  117.000000       -0.0900232339    
  117.200000       -0.0918990519    
  117.400000       -0.0937361009    
  117.600000       -0.0955335329    
  117.800000       -0.0972905315    
  118.000000       -0.0990063082    
  118.200000       -0.1006801044    
  118.400000       -0.1023112030    
  118.600000       -0.1038989119    
  118.800000       -0.1054425814    
  119.000000       -0.1069415992    
  119.200000       -0.1083953923    
  119.400000       -0.1098034224    
  119.600000       -0.1111651948    
  119.800000       -0.1124802577    
  120.000000       -0.1137481968    
  120.200000       -0.1149686395    
  120.400000       -0.1161412584    
  120.600000       -0.1172657646    
  120.800000       -0.1183419145    
  121.000000       -0.1193695036    
  121.200000       -0.1203483701    
  121.400000       -0.1212783905    
  121.600000       -0.1221594854    
  121.800000       -0.1229916130    
  122.000000       -0.1237747715    
  122.200000       -0.1245089913    
  122.400000       -0.1251943464    
  122.600000       -0.1258309428    
  122.800000       -0.1264189186    
  123.000000       -0.1269584495    
  123.200000       -0.1274497379    
  123.400000       -0.1278930178    
  123.600000       -0.1282885435    
  123.800000       -0.1286365995    
  124.000000       -0.1289375104    
  124.200000       -0.1291916075    
  124.400000       -0.1293992483    
  124.600000       -0.1295608078    
  124.800000       -0.1296766767    
  125.000000       -0.1297472629    
  125.200000       -0.1297729860    
  125.400000       -0.1297542816    
  125.600000       -0.1296915876    
  125.800000       -0.1295853564    
  126.000000       -0.1294360447    
  126.200000       -0.1292441123    
  126.400000       -0.1290100240    
  126.600000       -0.1287342427    
  126.800000       -0.1284172372    
  127.000000       -0.1280594676    
  127.200000       -0.1276613954    
  127.400000       -0.1272234755    
  127.600000       -0.1267461610    
  127.800000       -0.1262298927    
  128.000000       -0.1256751139    
  128.200000       -0.1250822467    
  128.400000       -0.1244517118    
  128.600000       -0.1237839223    
  128.800000       -0.1230792752    
  129.000000       -0.1223381617    
  129.200000       -0.1215609559    
  129.400000       -0.1207480282    
  129.600000       -0.1198997296    
  129.800000       -0.1190164024    
  130.000000       -0.1180983877    
  130.200000       -0.1171460062    
  130.400000       -0.1161595693    
  130.600000       -0.1151393831    
  130.800000       -0.1140857362    
  131.000000       -0.1129989143    
  131.200000       -0.1118791907    
  131.400000       -0.1107268328    
  131.600000       -0.1095421013    
  131.800000       -0.1083252539    
  132.000000       -0.1070765339    
  132.200000       -0.1057961949    
  132.400000       -0.1044844742    
  132.600000       -0.1031416155    
  132.800000       -0.1017678608    
  133.000000       -0.1003634493    
  133.200000       -0.0989286268    
  133.400000       -0.0974636377    
  133.600000       -0.0959687326    
  133.800000       -0.0944441718    
  134.000000       -0.0928902151    
  134.200000       -0.0913071348    
  134.400000       -0.0896952116    
  134.600000       -0.0880547370    
  134.800000       -0.0863860140    
  135.000000       -0.0846893574    
  135.200000       -0.0829650968    
  135.400000       -0.0812135741    
  135.600000       -0.0794351449    
  135.800000       -0.0776301894    
  136.000000       -0.0757991074    
  136.200000       -0.0739423156    
  136.400000       -0.0720602474    
  136.600000       -0.0701533544    
  136.800000       -0.0682221106    
  137.000000       -0.0662670126    
  137.200000       -0.0642885787    
  137.400000       -0.0622873422    
  137.600000       -0.0602638711    
  137.800000       -0.0582187432    
  138.000000       -0.0561525661    
  138.200000       -0.0540659701    
  138.400000       -0.0519596026    
  138.600000       -0.0498341368    
  138.800000       -0.0476902667    
  139.000000       -0.0455287084    
  139.200000       -0.0433501939    
  139.400000       -0.0411554825    
  139.600000       -0.0389453465    
  139.800000       -0.0367205807    
  140.000000       -0.0344819947    
  140.200000       -0.0322304157    
  140.400000       -0.0299666866    
  140.600000       -0.0276916666    
  140.800000       -0.0254062219    
  141.000000       -0.0231112377    
  141.200000       -0.0208076001    
  141.400000       -0.0184962147    
  141.600000       -0.0161779889    
  141.800000       -0.0138538351    
  142.000000       -0.0115246730    
  142.200000       -0.0091914234    
  142.400000       -0.0068550122    
  142.600000       -0.0045163544    
  142.800000       -0.0021763753    
  143.000000        0.0001640094    
  143.200000        0.0025038902    
  143.400000        0.0048423602    
  143.600000        0.0071785251    
  143.800000        0.0095114988    
  144.000000        0.0118404089    
  144.200000        0.0141643906    
  144.400000        0.0164825966    
  144.600000        0.0187942022    
  144.800000        0.0210983872    
  145.000000        0.0233943548    
  145.200000        0.0256813312    
  145.400000        0.0279585564    
  145.600000        0.0302252977    
  145.800000        0.0324808393    
  146.000000        0.0347244902    
  146.200000        0.0369555848    
  146.400000        0.0391734776    
  146.600000        0.0413775487    
  146.800000        0.0435672062    
  147.000000        0.0457418736    
  147.200000        0.0479010078    
  147.400000        0.0500440875    
  147.600000        0.0521706114    
  147.800000        0.0542801089    
  148.000000        0.0563721284    
  148.200000        0.0584462406    
  148.400000        0.0605020380    
  148.600000        0.0625391377    
  148.800000        0.0645571750    
  149.000000        0.0665558037    
  149.200000        0.0685346965    
  149.400000        0.0704935399    
  149.600000        0.0724320434    
  149.800000        0.0743499221    
  150.000000        0.0762469100    
  150.200000        0.0781227504    
  150.400000        0.0799771962    
  150.600000        0.0818100085    
  150.800000        0.0836209590    
  151.000000        0.0854098178    
  151.200000        0.0871763638    
  151.400000        0.0889203793    
  151.600000        0.0906416412    
  151.800000        0.0923399337    
  152.000000        0.0940150306    
  152.200000        0.0956667070    
  152.400000        0.0972947331    
  152.600000        0.0988988691    
  152.800000        0.1004788697    
  153.000000        0.1020344813    
  153.200000        0.1035654422    
  153.400000        0.1050714755    
  153.600000        0.1065522942    
  153.800000        0.1080076019    
  154.000000        0.1094370848    
  154.200000        0.1108404222    
  154.400000        0.1122172723    
  154.600000        0.1135672826    
  154.800000        0.1148900871    
  155.000000        0.1161853050    
  155.200000        0.1174525405    
  155.400000        0.1186913827    
  155.600000        0.1199014096    
  155.800000        0.1210821869    
  156.000000        0.1222332650    
  156.200000        0.1233541827    
  156.400000        0.1244444720    
  156.600000        0.1255036484    
  156.800000        0.1265312234    
  157.000000        0.1275266989    
  157.200000        0.1284895681    
  157.400000        0.1294193234    
  157.600000        0.1303154500    
  157.800000        0.1311774298    
  158.000000        0.1320047450    
  158.200000        0.1327968788    
  158.400000        0.1335533133    
  158.600000        0.1342735391    
  158.800000        0.1349570451    
  159.000000        0.1356033340    
  159.200000        0.1362119120    
  159.400000        0.1367822958    
  159.600000        0.1373140171    
  159.800000        0.1378066165    
  160.000000        0.1382596486    
  160.200000        0.1386726910    
  160.400000        0.1390453300    
  160.600000        0.1393771773    
  160.800000        0.1396678635    
  161.000000        0.1399170398    
  161.200000        0.1401243788    
  161.400000        0.1402895819    
  161.600000        0.1404123727    
  161.800000        0.1404924992    
  162.000000        0.1405297390    
  162.200000        0.1405238993    
  162.400000        0.1404748094    
  162.600000        0.1403823336    
  162.800000        0.1402463611    
  163.000000        0.1400668176    
  163.200000        0.1398436552    
  163.400000        0.1395768556    
  163.600000        0.1392664329    
  163.800000        0.1389124342    
  164.000000        0.1385149359    
  164.200000        0.1380740466    
  164.400000        0.1375899017    
  164.600000        0.1370626748    
  164.800000        0.1364925633    
  165.000000        0.1358797983    
  165.200000        0.1352246374    
  165.400000        0.1345273740    
  165.600000        0.1337883237    
  165.800000        0.1330078334    
  166.000000        0.1321862766    
  166.200000        0.1313240560    
  166.400000        0.1304215970    
  166.600000        0.1294793563    
  166.800000        0.1284978111    
  167.000000        0.1274774633    
  167.200000        0.1264188397    
  167.400000        0.1253224927    
  167.600000        0.1241889892    
  167.800000        0.1230189221    
  168.000000        0.1218129045    
  168.200000        0.1205715656    
  168.400000        0.1192955576    
  168.600000        0.1179855452    
  168.800000        0.1166422156    
  169.000000        0.1152662639    
  169.200000        0.1138584055    
  169.400000        0.1124193710    
  169.600000        0.1109498966    
  169.800000        0.1094507373    
  170.000000        0.1079226563    
  170.200000        0.1063664268    
  170.400000        0.1047828316    
  170.600000        0.1031726605    
  170.800000        0.1015367082    
  171.000000        0.0998757812    
  171.200000        0.0981906835    
  171.400000        0.0964822284    
  171.600000        0.0947512273    
  171.800000        0.0929984999    
  172.000000        0.0912248596    
  172.200000        0.0894311259    
  172.400000        0.0876181112    
  172.600000        0.0857866309    
  172.800000        0.0839374913    
  173.000000        0.0820714971    
  173.200000        0.0801894517    
  173.400000        0.0782921459    
  173.600000        0.0763803649    
  173.800000        0.0744548870    
  174.000000        0.0725164804    
  174.200000        0.0705659041    
  174.400000        0.0686039039    
  174.600000        0.0666312151    
  174.800000        0.0646485595    
  175.000000        0.0626566475    
  175.200000        0.0606561732    
  175.400000        0.0586478146    
  175.600000        0.0566322389    
  175.800000        0.0546100946    
  176.000000        0.0525820092    
  176.200000        0.0505486024    
  176.400000        0.0485104685    
  176.600000        0.0464681910    
  176.800000        0.0444223304    
  177.000000        0.0423734315    
  177.200000        0.0403220216    
  177.400000        0.0382686127    
  177.600000        0.0362136932    
  177.800000        0.0341577423    
  178.000000        0.0321012160    
  178.200000        0.0300445585    
  178.400000        0.0279881953    
  178.600000        0.0259325385    
  178.800000        0.0238779873    
  179.000000        0.0218249273    
  179.200000        0.0197737268    
  179.400000        0.0177247504    
  179.600000        0.0156783467    
  179.800000        0.0136348582    
  180.000000        0.0115946189    
  180.200000        0.0095579541    
  180.400000        0.0075251852    
  180.600000        0.0054966313    
  180.800000        0.0034726064    
  181.000000        0.0014534246    
  181.200000       -0.0005606035    
  181.400000       -0.0025691611    
  181.600000       -0.0045719290    
  181.800000       -0.0065685871    
  182.000000       -0.0085588088    
  182.200000       -0.0105422585    
  182.400000       -0.0125185954    
  182.600000       -0.0144874700    
  182.800000       -0.0164485181    
  183.000000       -0.0184013704    
  183.200000       -0.0203456415    
  183.400000       -0.0222809317    
  183.600000       -0.0242068340    
  183.800000       -0.0261229224    
  184.000000       -0.0280287555    
  184.200000       -0.0299238779    
  184.400000       -0.0318078225    
  184.600000       -0.0336800988    
  184.800000       -0.0355402081    
  185.000000       -0.0373876323    
  185.200000       -0.0392218391    
  185.400000       -0.0410422800    
  185.600000       -0.0428483935    
  185.800000       -0.0446396057    
  186.000000       -0.0464153258    
  186.200000       -0.0481749565    
  186.400000       -0.0499178805    
  186.600000       -0.0516434813    
  186.800000       -0.0533511236    
  187.000000       -0.0550401715    
  187.200000       -0.0567099809    
  187.400000       -0.0583598998    
  187.600000       -0.0599892793    
  187.800000       -0.0615974632    
  188.000000       -0.0631837973    
  188.200000       -0.0647476286    
  188.400000       -0.0662883088    
  188.600000       -0.0678051930    
  188.800000       -0.0692976421    
  189.000000       -0.0707650278    
  189.200000       -0.0722067314    
  189.400000       -0.0736221410    
  189.600000       -0.0750106635    
  189.800000       -0.0763717170    
  190.000000       -0.0777047375    
  190.200000       -0.0790091748    
  190.400000       -0.0802844977    
  190.600000       -0.0815301985    
  190.800000       -0.0827457838    
  191.000000       -0.0839307867    
  191.200000       -0.0850847549    
  191.400000       -0.0862072670    
  191.600000       -0.0872979197    
  191.800000       -0.0883563291    
  192.000000       -0.0893821420    
  192.200000       -0.0903750267    
  192.400000       -0.0913346692    
  192.600000       -0.0922607846    
  192.800000       -0.0931531125    
  193.000000       -0.0940114046    
  193.200000       -0.0948354424    
  193.400000       -0.0956250250    
  193.600000       -0.0963799726    
  193.800000       -0.0971001258    
  194.000000       -0.0977853364    
  194.200000       -0.0984354795    
  194.400000       -0.0990504421    
  194.600000       -0.0996301283    
  194.800000       -0.1001744533    
  195.000000       -0.1006833433    
  195.200000       -0.1011567367    
  195.400000       -0.1015945776    
  195.600000       -0.1019968213    
  195.800000       -0.1023634291    
  196.000000       -0.1026943634    
  196.200000       -0.1029895934    
  196.400000       -0.1032490922    
  196.600000       -0.1034728296    
  196.800000       -0.1036607802    
  197.000000       -0.1038129157    
  197.200000       -0.1039292061    
  197.400000       -0.1040096229    
  197.600000       -0.1040541302    
  197.800000       -0.1040626915    
  198.000000       -0.1040352660    
  198.200000       -0.1039718084    
  198.400000       -0.1038722703    
  198.600000       -0.1037365987    
  198.800000       -0.1035647391    
  199.000000       -0.1033566313    
  199.200000       -0.1031122130    
  199.400000       -0.1028314174    
  199.600000       -0.1025141830    
  199.800000       -0.1021604400    
  200.000000       -0.1017701380    
  200.200000       -0.1013431859    
  200.400000       -0.1008795348    
  200.600000       -0.1003791281    
  200.800000       -0.0998419149    
  201.000000       -0.0992678532    
  201.200000       -0.0986569070    
  201.400000       -0.0980090506    
  201.600000       -0.0973242768    
  201.800000       -0.0966025837    
  202.000000       -0.0958439941    
  202.200000       -0.0950485385    
  202.400000       -0.0942162749    
  202.600000       -0.0933472828    
  202.800000       -0.0924416569    
  203.000000       -0.0914995213    
  203.200000       -0.0905210290    
  203.400000       -0.0895063546    
  203.600000       -0.0884557080    
  203.800000       -0.0873693240    
  204.000000       -0.0862474706    
  204.200000       -0.0850904499    
  204.400000       -0.0838985953    
  204.600000       -0.0826722771    
  204.800000       -0.0814118946    
  205.000000       -0.0801178905    
  205.200000       -0.0787907385    
  205.400000       -0.0774309454    
  205.600000       -0.0760390608    
  205.800000       -0.0746156673    
  206.000000       -0.0731613797    
  206.200000       -0.0716768499    
  206.400000       -0.0701627666    
  206.600000       -0.0686198445    
  206.800000       -0.0670488381    
  207.000000       -0.0654505296    
  207.200000       -0.0638257291    
  207.400000       -0.0621752796    
  207.600000       -0.0605000437    
  207.800000       -0.0588009156    
  208.000000       -0.0570788098    
  208.200000       -0.0553346593    
  208.400000       -0.0535694186    
  208.600000       -0.0517840584    
  208.800000       -0.0499795659    
  209.000000       -0.0481569343    
  209.200000       -0.0463171772    
  209.400000       -0.0444613072    
  209.600000       -0.0425903440    
  209.800000       -0.0407053152    
  210.000000       -0.0388072425    
  210.200000       -0.0368971502    
  210.400000       -0.0349760582    
  210.600000       -0.0330449796    
  210.800000       -0.0311049190    
  211.000000       -0.0291568759    
  211.200000       -0.0272018284    
  211.400000       -0.0252407497    
  211.600000       -0.0232745914    
  211.800000       -0.0213042903    
  212.000000       -0.0193307620    
  212.200000       -0.0173549051    
  212.400000       -0.0153775948    
  212.600000       -0.0133996845    
  212.800000       -0.0114220020    
  213.000000       -0.0094453516    
  213.200000       -0.0074705138    
  213.400000       -0.0054982376    
  213.600000       -0.0035292552    
  213.800000       -0.0015642671    
  214.000000        0.0003960574    
  214.200000        0.0023510684    
  214.400000        0.0043001450    
  214.600000        0.0062426914    
  214.800000        0.0081781408    
  215.000000        0.0101059496    
  215.200000        0.0120255983    
  215.400000        0.0139365945    
  215.600000        0.0158384603    
  215.800000        0.0177307539    
  216.000000        0.0196130434    
  216.200000        0.0214849210    
  216.400000        0.0233459990    
  216.600000        0.0251959052    
  216.800000        0.0270342893    
  217.000000        0.0288608097    
  217.200000        0.0306751435    
  217.400000        0.0324769805    
  217.600000        0.0342660203    
  217.800000        0.0360419783    
  218.000000        0.0378045689    
  218.200000        0.0395535288    
  218.400000        0.0412885881    
  218.600000        0.0430094908    
  218.800000        0.0447159819    
  219.000000        0.0464078129    
  219.200000        0.0480847346    
  219.400000        0.0497465006    
  219.600000        0.0513928652    
  219.800000        0.0530235819    
  220.000000        0.0546384034    
  220.200000        0.0562370815    
  220.400000        0.0578193660    
  220.600000        0.0593850010    
  220.800000        0.0609337285    
  221.000000        0.0624652894    
  221.200000        0.0639794166    
  221.400000        0.0654758411    
  221.600000        0.0669542896    
  221.800000        0.0684144806    
  222.000000        0.0698561350    
  222.200000        0.0712789602    
  222.400000        0.0726826681    
  222.600000        0.0740669605    
  222.800000        0.0754315371    
  223.000000        0.0767760960    
  223.200000        0.0781003283    
  223.400000        0.0794039235    
  223.600000        0.0806865708    
  223.800000        0.0819479546    
  224.000000        0.0831877608    
  224.200000        0.0844056725    
  224.400000        0.0856013733    
  224.600000        0.0867745478    
  224.800000        0.0879248799    
  225.000000        0.0890520580    
  225.200000        0.0901557695    
  225.400000        0.0912357102    
  225.600000        0.0922915713    
  225.800000        0.0933230585    
  226.000000        0.0943298730    
  226.200000        0.0953117293    
  226.400000        0.0962683400    
  226.600000        0.0971994346    
  226.800000        0.0981047414    
  227.000000        0.0989840026    
  227.200000        0.0998369649    
  227.400000        0.1006633875    
  227.600000        0.1014630368    
  227.800000        0.1022356901    
  228.000000        0.1029811356    
  228.200000        0.1036991706    
  228.400000        0.1043896063    
  228.600000        0.1050522642    
  228.800000        0.1056869751    
  229.000000        0.1062935890    
  229.200000        0.1068719600    
  229.400000        0.1074219574    
  229.600000        0.1079434667    
  229.800000        0.1084363811    
  230.000000        0.1089006075    
  230.200000        0.1093360680    
  230.400000        0.1097426939    
  230.600000        0.1101204312    
  230.800000        0.1104692382    
  231.000000        0.1107890843    
  231.200000        0.1110799516    
  231.400000        0.1113418338    
  231.600000        0.1115747388    
  231.800000        0.1117786792    
  232.000000        0.1119536875    
  232.200000        0.1120997984    
  232.400000        0.1122170630    
  232.600000        0.1123055417    
  232.800000        0.1123652985    
  233.000000        0.1123964143    
  233.200000        0.1123989756    
  233.400000        0.1123730735    
  233.600000        0.1123188131    
  233.800000        0.1122363023    
  234.000000        0.1121256586    
  234.200000        0.1119870023    
  234.400000        0.1118204618    
  234.600000        0.1116261734    
  234.800000        0.1114042704    
  235.000000        0.1111548976    
  235.200000        0.1108782000    
  235.400000        0.1105743276    
  235.600000        0.1102434318    
  235.800000        0.1098856665    
  236.000000        0.1095011884    
  236.200000        0.1090901557    
  236.400000        0.1086527258    
  236.600000        0.1081890583    
  236.800000        0.1076993139    
  237.000000        0.1071836506    
  237.200000        0.1066422312    
  237.400000        0.1060752127    
  237.600000        0.1054827545    
  237.800000        0.1048650134    
  238.000000        0.1042221489    
  238.200000        0.1035543161    
  238.400000        0.1028616683    
  238.600000        0.1021443628    
  238.800000        0.1014025515    
  239.000000        0.1006363860    
  239.200000        0.0998460213    
  239.400000        0.0990316050    
  239.600000        0.0981932906    
  239.800000        0.0973312293    
  240.000000        0.0964455713    
  240.200000        0.0955364703    
  240.400000        0.0946040772    
  240.600000        0.0936485470    
  240.800000        0.0926700370    
  241.000000        0.0916687031    
  241.200000        0.0906447095    
  241.400000        0.0895982211    
  241.600000        0.0885294055    
  241.800000        0.0874384324    
  242.000000        0.0863254858    
  242.200000        0.0851907438    
  242.400000        0.0840343999    
  242.600000        0.0828566484    
  242.800000        0.0816576912    
  243.000000        0.0804377404    
  243.200000        0.0791970175    
  243.400000        0.0779357500    
  243.600000        0.0766541743    
  243.800000        0.0753525393    
  244.000000        0.0740311022    
  244.200000        0.0726901359    
  244.400000        0.0713299192    
  244.600000        0.0699507421    
  244.800000        0.0685529117    
  245.000000        0.0671367442    
  245.200000        0.0657025732    
  245.400000        0.0642507382    
  245.600000        0.0627815967    
  245.800000        0.0612955195    
  246.000000        0.0597928907    
  246.200000        0.0582741088    
  246.400000        0.0567395837    
  246.600000        0.0551897420    
  246.800000        0.0536250234    
  247.000000        0.0520458817    
  247.200000        0.0504527816    
  247.400000        0.0488462067    
  247.600000        0.0472266488    
  247.800000        0.0455946171    
  248.000000        0.0439506292    
  248.200000        0.0422952209    
  248.400000        0.0406289348    
  248.600000        0.0389523299    
  248.800000        0.0372659730    
  249.000000        0.0355704436    
  249.200000        0.0338663345    
  249.400000        0.0321542444    
  249.600000        0.0304347853    
  249.800000        0.0287085777    
  250.000000        0.0269762505    
  250.200000        0.0252384412    
  250.400000        0.0234957985    
  250.600000        0.0217489700    
  250.800000        0.0199986220    
  251.000000        0.0182454185    
  251.200000        0.0164900342    
  251.400000        0.0147331469    
  251.600000        0.0129754425    
  251.800000        0.0112176087    
  252.000000        0.0094603389    
  252.200000        0.0077043328    
  252.400000        0.0059502886    
  252.600000        0.0041989121    
  252.800000        0.0024509086    
  253.000000        0.0007069868    
  253.200000       -0.0010321417    
  253.400000       -0.0027657662    
  253.600000       -0.0044931726    
  253.800000       -0.0062136475    
  254.000000       -0.0079264778    
  254.200000       -0.0096309507    
  254.400000       -0.0113263541    
  254.600000       -0.0130119745    
  254.800000       -0.0146871046    
  255.000000       -0.0163510359    
  255.200000       -0.0180030626    
  255.400000       -0.0196424846    
  255.600000       -0.0212686049    
  255.800000       -0.0228807271    
  256.000000       -0.0244781622    
  256.200000       -0.0260602289    
  256.400000       -0.0276262529    
  256.600000       -0.0291755589    
  256.800000       -0.0307074872    
  257.000000       -0.0322213815    
  257.200000       -0.0337165974    
  257.400000       -0.0351925025    
  257.600000       -0.0366484687    
  257.800000       -0.0380838863    
  258.000000       -0.0394981508    
  258.200000       -0.0408906806    
  258.400000       -0.0422608995    
  258.600000       -0.0436082515    
  258.800000       -0.0449321963    
  259.000000       -0.0462322078    
  259.200000       -0.0475077829    
  259.400000       -0.0487584313    
  259.600000       -0.0499836907    
  259.800000       -0.0511831108    
  260.000000       -0.0523562720    
  260.200000       -0.0535027678    
  260.400000       -0.0546222264    
  260.600000       -0.0557142905    
  260.800000       -0.0567786331    
  261.000000       -0.0578149522    
  261.200000       -0.0588229708    
  261.400000       -0.0598024402    
  261.600000       -0.0607531400    
  261.800000       -0.0616748777    
  262.000000       -0.0625674868    
  262.200000       -0.0634308326    
  262.400000       -0.0642648070    
  262.600000       -0.0650693303    
  262.800000       -0.0658443547    
  263.000000       -0.0665898580    
  263.200000       -0.0673058482    
  263.400000       -0.0679923625    
  263.600000       -0.0686494610    
  263.800000       -0.0692772346    
  264.000000       -0.0698758000    
  264.200000       -0.0704452990    
  264.400000       -0.0709858966    
  264.600000       -0.0714977856    
  264.800000       -0.0719811733    
  265.000000       -0.0724362955    
  265.200000       -0.0728634038    
  265.400000       -0.0732627695    
  265.600000       -0.0736346780    
  265.800000       -0.0739794319    
  266.000000       -0.0742973472    
  266.200000       -0.0745887487    
  266.400000       -0.0748539756    
  266.600000       -0.0750933706    
  266.800000       -0.0753072843    
  267.000000       -0.0754960713    
  267.200000       -0.0756600873    
  267.400000       -0.0757996898    
  267.600000       -0.0759152309    
  267.800000       -0.0760070637    
  268.000000       -0.0760755324    
  268.200000       -0.0761209729    
  268.400000       -0.0761437165    
  268.600000       -0.0761440743    
  268.800000       -0.0761223523    
  269.000000       -0.0760788383    
  269.200000       -0.0760138071    
  269.400000       -0.0759275135    
  269.600000       -0.0758201928    
  269.800000       -0.0756920641    
  270.000000       -0.0755433248    
  270.200000       -0.0753741497    
  270.400000       -0.0751846894    
  270.600000       -0.0749750755    
  270.800000       -0.0747454160    
  271.000000       -0.0744957947    
  271.200000       -0.0742262692    
  271.400000       -0.0739368785    
  271.600000       -0.0736276363    
  271.800000       -0.0732985318    
  272.000000       -0.0729495356    
  272.200000       -0.0725805917    
  272.400000       -0.0721916305    
  272.600000       -0.0717825575    
  272.800000       -0.0713532625    
  273.000000       -0.0709036149    
  273.200000       -0.0704334735    
  273.400000       -0.0699426797    
  273.600000       -0.0694310611    
  273.800000       -0.0688984392    
  274.000000       -0.0683446237    
  274.200000       -0.0677694162    
  274.400000       -0.0671726184    
  274.600000       -0.0665540221    
  274.800000       -0.0659134232    
  275.000000       -0.0652506178    
  275.200000       -0.0645654059    
  275.400000       -0.0638575889    
  275.600000       -0.0631269807    
  275.800000       -0.0623734025    
  276.000000       -0.0615966857    
  276.200000       -0.0607966790    
  276.400000       -0.0599732438    
  276.600000       -0.0591262605    
  276.800000       -0.0582556272    
  277.000000       -0.0573612642    
  277.200000       -0.0564431131    
  277.400000       -0.0555011422    
  277.600000       -0.0545353416    
  277.800000       -0.0535457300    
  278.000000       -0.0525323539    
  278.200000       -0.0514952870    
  278.400000       -0.0504346355    
  278.600000       -0.0493505317    
  278.800000       -0.0482431451    
  279.000000       -0.0471126679    
  279.200000       -0.0459593308    
  279.400000       -0.0447833944    
  279.600000       -0.0435851485    
  279.800000       -0.0423649170    
  280.000000       -0.0411230521    
  280.200000       -0.0398599403    
  280.400000       -0.0385759949    
  280.600000       -0.0372716619    
  280.800000       -0.0359474114    
  281.000000       -0.0346037451    
  281.200000       -0.0332411920    
  281.400000       -0.0318602992    
  281.600000       -0.0304616442    
  281.800000       -0.0290458288    
  282.000000       -0.0276134749    
  282.200000       -0.0261652201    
  282.400000       -0.0247017268    
  282.600000       -0.0232236730    
  282.800000       -0.0217317497    
  283.000000       -0.0202266658    
  283.200000       -0.0187091383    
  283.400000       -0.0171799025    
  283.600000       -0.0156396926    
  283.800000       -0.0140892634    
  284.000000       -0.0125293656    
  284.200000       -0.0109607606    
  284.400000       -0.0093842101    
  284.600000       -0.0078004833    
  284.800000       -0.0062103452    
  285.000000       -0.0046145611    
  285.200000       -0.0030138963    
  285.400000       -0.0014091128    
  285.600000        0.0001990300    
  285.800000        0.0018097817    
  286.000000        0.0034223931    
  286.200000        0.0050361230    
  286.400000        0.0066502381    
  286.600000        0.0082640134    
  286.800000        0.0098767334    
  287.000000        0.0114876874    
  287.200000        0.0130961803    
  287.400000        0.0147015260    
  287.600000        0.0163030449    
  287.800000        0.0179000738    
  288.000000        0.0194919551    
  288.200000        0.0210780447    
  288.400000        0.0226577110    
  288.600000        0.0242303323    
  288.800000        0.0257953004    
  289.000000        0.0273520144    
  289.200000        0.0288998901    
  289.400000        0.0304383513    
  289.600000        0.0319668284    
  289.800000        0.0334847748    
  290.000000        0.0349916443    
  290.200000        0.0364869061    
  290.400000        0.0379700384    
  290.600000        0.0394405323    
  290.800000        0.0408978859    
  291.000000        0.0423416112    
  291.200000        0.0437712286    
  291.400000        0.0451862677    
  291.600000        0.0465862727    
  291.800000        0.0479707903    
  292.000000        0.0493393823    
  292.200000        0.0506916219    
  292.400000        0.0520270885    
  292.600000        0.0533453722    
  292.800000        0.0546460756    
  293.000000        0.0559288079    
  293.200000        0.0571931916    
  293.400000        0.0584388584    
  293.600000        0.0596654487    
  293.800000        0.0608726176    
  294.000000        0.0620600266    
  294.200000        0.0632273524    
  294.400000        0.0643742766    
  294.600000        0.0655004993    
  294.800000        0.0666057264    
  295.000000        0.0676896805    
  295.200000        0.0687520909    
  295.400000        0.0697927011    
  295.600000        0.0708112653    
  295.800000        0.0718075540    
  296.000000        0.0727813447    
  296.200000        0.0737324321    
  296.400000        0.0746606206    
  296.600000        0.0755657263    
  296.800000        0.0764475788    
  297.000000        0.0773060228    
  297.200000        0.0781409126    
  297.400000        0.0789521162    
  297.600000        0.0797395141    
  297.800000        0.0805029995    
  298.000000        0.0812424748    
  298.200000        0.0819578576    
  298.400000        0.0826490744    
  298.600000        0.0833160687    
  298.800000        0.0839587869    
  299.000000        0.0845771919    
  299.200000        0.0851712565    
  299.400000        0.0857409615    
  299.600000        0.0862862985    
  299.800000        0.0868072684    
  300.000000        0.0873038789    
  300.200000        0.0877761466    
  300.400000        0.0882240999    
  300.600000        0.0886477677    
  300.800000        0.0890471904    
  301.000000        0.0894224100    
  301.200000        0.0897734798    
  301.400000        0.0901004511    
  301.600000        0.0904033868    
  301.800000        0.0906823471    
  302.000000        0.0909373995    
  302.200000        0.0911686142    
  302.400000        0.0913760631    
  302.600000        0.0915598176    
  302.800000        0.0917199581    
  303.000000        0.0918565556    
  303.200000        0.0919696894    
  303.400000        0.0920594396    
  303.600000        0.0921258832    
  303.800000        0.0921690958    
  304.000000        0.0921891593    
  304.200000        0.0921861501    
  304.400000        0.0921601454    
  304.600000        0.0921112206    
  304.800000        0.0920394562    
  305.000000        0.0919449257    
  305.200000        0.0918277075    
  305.400000        0.0916878742    
  305.600000        0.0915255053    
  305.800000        0.0913406748    
  306.000000        0.0911334616    
  306.200000        0.0909039404    
  306.400000        0.0906521924    
  306.600000        0.0903782963    
  306.800000        0.0900823337    
  307.000000        0.0897643866    
  307.200000        0.0894245445    
  307.400000        0.0890628928    
  307.600000        0.0886795261    
  307.800000        0.0882745378    
  308.000000        0.0878480282    
  308.200000        0.0874001006    
  308.400000        0.0869308661    
  308.600000        0.0864404361    
  308.800000        0.0859289310    
  309.000000        0.0853964728    
  309.200000        0.0848431971    
  309.400000        0.0842692390    
  309.600000        0.0836747446    
  309.800000        0.0830598634    
  310.000000        0.0824247528    
  310.200000        0.0817695817    
  310.400000        0.0810945188    
  310.600000        0.0803997489    
  310.800000        0.0796854564    
  311.000000        0.0789518411    
  311.200000        0.0781991031    
  311.400000        0.0774274548    
  311.600000        0.0766371130    
  311.800000        0.0758283086    
  312.000000        0.0750012688    
  312.200000        0.0741562356    
  312.400000        0.0732934584    
  312.600000        0.0724131874    
  312.800000        0.0715156844    
  313.000000        0.0706012147    
  313.200000        0.0696700503    
  313.400000        0.0687224664    
  313.600000        0.0677587469    
  313.800000        0.0667791775    
  314.000000        0.0657840503    
  314.200000        0.0647736594    
  314.400000        0.0637483032    
  314.600000        0.0627082835    
  314.800000        0.0616539099    
  315.000000        0.0605854849    
  315.200000        0.0595033209    
  315.400000        0.0584077304    
  315.600000        0.0572990284    
  315.800000        0.0561775298    
  316.000000        0.0550435552    
  316.200000        0.0538974204    
  316.400000        0.0527394454    
  316.600000        0.0515699564    
  316.800000        0.0503892720    
  317.000000        0.0491977180    
  317.200000        0.0479956167    
  317.400000        0.0467832978    
  317.600000        0.0455610875    
  317.800000        0.0443293151    
  318.000000        0.0430883128    
  318.200000        0.0418384134    
  318.400000        0.0405799519    
  318.600000        0.0393132673    
  318.800000        0.0380386974    
  319.000000        0.0367565881    
  319.200000        0.0354672870    
  319.400000        0.0341711451    
  319.600000        0.0328685179    
  319.800000        0.0315597661    
  320.000000        0.0302452544    
  320.200000        0.0289253543    
  320.400000        0.0276004418    
  320.600000        0.0262709016    
  320.800000        0.0249371208    
  321.000000        0.0235994984    
  321.200000        0.0222584392    
  321.400000        0.0209143532    
  321.600000        0.0195676583    
  321.800000        0.0182187844    
  322.000000        0.0168681699    
  322.200000        0.0155162552    
  322.400000        0.0141634964    
  322.600000        0.0128103537    
  322.800000        0.0114572982    
  323.000000        0.0101048104    
  323.200000        0.0087533753    
  323.400000        0.0074034922    
  323.600000        0.0060556604    
  323.800000        0.0047103953    
  324.000000        0.0033682157    
  324.200000        0.0020296433    
  324.400000        0.0006952131    
  324.600000       -0.0006345367    
  324.800000       -0.0019590643    
  325.000000       -0.0032778204    
  325.200000       -0.0045902563    
  325.400000       -0.0058958157    
  325.600000       -0.0071939433    
  325.800000       -0.0084840786    
  326.000000       -0.0097656669    
  326.200000       -0.0110381493    
  326.400000       -0.0123009695    
  326.600000       -0.0135535737    
  326.800000       -0.0147954116    
  327.000000       -0.0160259374    
  327.200000       -0.0172446146    
  327.400000       -0.0184509054    
  327.600000       -0.0196442862    
  327.800000       -0.0208242392    
  328.000000       -0.0219902563    
  328.200000       -0.0231418421    
  328.400000       -0.0242785071    
  328.600000       -0.0253997800    
  328.800000       -0.0265051995    
  329.000000       -0.0275943180    
  329.200000       -0.0286667044    
  329.400000       -0.0297219398    
  329.600000       -0.0307596244    
  329.800000       -0.0317793739    
  330.000000       -0.0327808164    
  330.200000       -0.0337636048    
  330.400000       -0.0347274035    
  330.600000       -0.0356718977    
  330.800000       -0.0365967886    
  331.000000       -0.0375017986    
  331.200000       -0.0383866641    
  331.400000       -0.0392511419    
  331.600000       -0.0400950097    
  331.800000       -0.0409180588    
  332.000000       -0.0417200995    
  332.200000       -0.0425009573    
  332.400000       -0.0432604816    
  332.600000       -0.0439985302    
  332.800000       -0.0447149790    
  333.000000       -0.0454097226    
  333.200000       -0.0460826674    
  333.400000       -0.0467337377    
  333.600000       -0.0473628659    
  333.800000       -0.0479700023    
  334.000000       -0.0485551074    
  334.200000       -0.0491181507    
  334.400000       -0.0496591175    
  334.600000       -0.0501779984    
  334.800000       -0.0506747968    
  335.000000       -0.0511495243    
  335.200000       -0.0516021988    
  335.400000       -0.0520328452    
  335.600000       -0.0524414969    
  335.800000       -0.0528281930    
  336.000000       -0.0531929760    
  336.200000       -0.0535358947    
  336.400000       -0.0538570030    
  336.600000       -0.0541563570    
  336.800000       -0.0544340184    
  337.000000       -0.0546900494    
  337.200000       -0.0549245200    
  337.400000       -0.0551374979    
  337.600000       -0.0553290557    
  337.800000       -0.0554992690    
  338.000000       -0.0556482151    
  338.200000       -0.0557759751    
  338.400000       -0.0558826317    
  338.600000       -0.0559682712    
  338.800000       -0.0560329825    
  339.000000       -0.0560768598    
  339.200000       -0.0560999963    
  339.400000       -0.0561024953    
  339.600000       -0.0560844600    
  339.800000       -0.0560460022    
  340.000000       -0.0559872348    
  340.200000       -0.0559082790    
  340.400000       -0.0558092604    
  340.600000       -0.0556903130    
  340.800000       -0.0555515772    
  341.000000       -0.0553931981    
  341.200000       -0.0552153353    
  341.400000       -0.0550181479    
  341.600000       -0.0548018094    
  341.800000       -0.0545665005    
  342.000000       -0.0543124110    
  342.200000       -0.0540397415    
  342.400000       -0.0537487013    
  342.600000       -0.0534395071    
  342.800000       -0.0531123906    
  343.000000       -0.0527675878    
  343.200000       -0.0524053478    
  343.400000       -0.0520259328    
  343.600000       -0.0516296056    
  343.800000       -0.0512166447    
  344.000000       -0.0507873400    
  344.200000       -0.0503419813    
  344.400000       -0.0498808720    
  344.600000       -0.0494043258    
  344.800000       -0.0489126562    
  345.000000       -0.0484061889    
  345.200000       -0.0478852483    
  345.400000       -0.0473501699    
  345.600000       -0.0468012904    
  345.800000       -0.0462389489    
  346.000000       -0.0456634848    
  346.200000       -0.0450752390    
  346.400000       -0.0444745505    
  346.600000       -0.0438617625    
  346.800000       -0.0432372076    
  347.000000       -0.0426012183    
  347.200000       -0.0419541243    
  347.400000       -0.0412962427    
  347.600000       -0.0406278880    
  347.800000       -0.0399493667    
  348.000000       -0.0392609730    
  348.200000       -0.0385629929    
  348.400000       -0.0378556975    
  348.600000       -0.0371393511    
  348.800000       -0.0364142013    
  349.000000       -0.0356804799    
  349.200000       -0.0349384070    
  349.400000       -0.0341881895    
  349.600000       -0.0334300118    
  349.800000       -0.0326640510    
  350.000000       -0.0318904598    
  350.200000       -0.0311093786    
  350.400000       -0.0303209317    
  350.600000       -0.0295252258    
  350.800000       -0.0287223471    
  351.000000       -0.0279123763    
  351.200000       -0.0270953695    
  351.400000       -0.0262713684    
  351.600000       -0.0254404047    
  351.800000       -0.0246024931    
  352.000000       -0.0237576375    
  352.200000       -0.0229058284    
  352.400000       -0.0220470475    
  352.600000       -0.0211812634    
  352.800000       -0.0203084403    
  353.000000       -0.0194285330    
  353.200000       -0.0185414921    
  353.400000       -0.0176472642    
  353.600000       -0.0167457898    
  353.800000       -0.0158370132    
  354.000000       -0.0149208758    
  354.200000       -0.0139973241    
  354.400000       -0.0130663030    
  354.600000       -0.0121277687    
  354.800000       -0.0111816804    
  355.000000       -0.0102280066    
  355.200000       -0.0092667276    
  355.400000       -0.0082978324    
  355.600000       -0.0073213247    
  355.800000       -0.0063372219    
  356.000000       -0.0053455601    
  356.200000       -0.0043463864    
  356.400000       -0.0033397697    
  356.600000       -0.0023258002    
  356.800000       -0.0013045843    
  357.000000       -0.0002762522    
  357.200000        0.0007590505    
  357.400000        0.0018011452    
  357.600000        0.0028498397    
  357.800000        0.0039049174    
  358.000000        0.0049661350    
  358.200000        0.0060332289    
  358.400000        0.0071059119    
  358.600000        0.0081838736    
  358.800000        0.0092667799    
  359.000000        0.0103542778    
  359.200000        0.0114459927    
  359.400000        0.0125415251    
  359.600000        0.0136404611    
  359.800000        0.0147423648    
  360.000000        0.0158467836    
  360.200000        0.0169532483    
  360.400000        0.0180612761    
  360.600000        0.0191703681    
  360.800000        0.0202800131    
  361.000000        0.0213896920    
  361.200000        0.0224988713    
  361.400000        0.0236070165    
  361.600000        0.0247135795    
  361.800000        0.0258180128    
  362.000000        0.0269197650    
  362.200000        0.0280182823    
  362.400000        0.0291130128    
  362.600000        0.0302034049    
  362.800000        0.0312889140    
  363.000000        0.0323689969    
  363.200000        0.0334431189    
  363.400000        0.0345107527    
  363.600000        0.0355713793    
  363.800000        0.0366244949    
  364.000000        0.0376696014    
  364.200000        0.0387062198    
  364.400000        0.0397338797    
  364.600000        0.0407521298    
  364.800000        0.0417605329    
  365.000000        0.0427586674    
  365.200000        0.0437461295    
  365.400000        0.0447225351    
  365.600000        0.0456875141    
  365.800000        0.0466407190    
  366.000000        0.0475818171    
  366.200000        0.0485104949    
  366.400000        0.0494264611    
  366.600000        0.0503294355    
  366.800000        0.0512191614    
  367.000000        0.0520953979    
  367.200000        0.0529579196    
  367.400000        0.0538065211    
  367.600000        0.0546410134    
  367.800000        0.0554612139    
  368.000000        0.0562669652    
  368.200000        0.0570581176    
  368.400000        0.0578345380    
  368.600000        0.0585960981    
  368.800000        0.0593426867    
  369.000000        0.0600742040    
  369.200000        0.0607905505    
  369.400000        0.0614916453    
  369.600000        0.0621774027    
  369.800000        0.0628477549    
  370.000000        0.0635026250    
  370.200000        0.0641419547    
  370.400000        0.0647656773    
  370.600000        0.0653737342    
  370.800000        0.0659660647    
  371.000000        0.0665426102    
  371.200000        0.0671033081    
  371.400000        0.0676481011    
  371.600000        0.0681769231    
  371.800000        0.0686897111    
  372.000000        0.0691863911    
  372.200000        0.0696668963    
  372.400000        0.0701311498    
  372.600000        0.0705790684    
  372.800000        0.0710105700    
  373.000000        0.0714255619    
  373.200000        0.0718239524    
  373.400000        0.0722056398    
  373.600000        0.0725705239    
  373.800000        0.0729184906    
  374.000000        0.0732494299    
  374.200000        0.0735632256    
  374.400000        0.0738597545    
  374.600000        0.0741388919    
  374.800000        0.0744005103    
  375.000000        0.0746444802    
  375.200000        0.0748706664    
  375.400000        0.0750789358    
  375.600000        0.0752691516    
  375.800000        0.0754411776    
  376.000000        0.0755948774    
  376.200000        0.0757301175    
  376.400000        0.0758467633    
  376.600000        0.0759446813    
  376.800000        0.0760237436    
  377.000000        0.0760838230    
  377.200000        0.0761248008    
  377.400000        0.0761465552    
  377.600000        0.0761489789    
  377.800000        0.0761319640    
  378.000000        0.0760954126    
  378.200000        0.0760392310    
  378.400000        0.0759633366    
  378.600000        0.0758676520    
  378.800000        0.0757521094    
  379.000000        0.0756166528    
  379.200000        0.0754612303    
  379.400000        0.0752858022    
  379.600000        0.0750903442    
  379.800000        0.0748748339    
  380.000000        0.0746392657    
  380.200000        0.0743836408    
  380.400000        0.0741079755    
  380.600000        0.0738122959    
  380.800000        0.0734966377    
  381.000000        0.0731610505    
  381.200000        0.0728055934    
  381.400000        0.0724303390    
  381.600000        0.0720353676    
  381.800000        0.0716207749    
  382.000000        0.0711866684    
  382.200000        0.0707331598    
  382.400000        0.0702603806    
  382.600000        0.0697684672    
  382.800000        0.0692575669    
  383.000000        0.0687278403    
  383.200000        0.0681794551    
  383.400000        0.0676125891    
  383.600000        0.0670274339    
  383.800000        0.0664241848    
  384.000000        0.0658030512    
  384.200000        0.0651642433    
  384.400000        0.0645079909    
  384.600000        0.0638345221    
  384.800000        0.0631440790    
  385.000000        0.0624369067    
  385.200000        0.0617132635    
  385.400000        0.0609734065    
  385.600000        0.0602176053    
  385.800000        0.0594461342    
  386.000000        0.0586592734    
  386.200000        0.0578573095    
  386.400000        0.0570405355    
  386.600000        0.0562092454    
  386.800000        0.0553637418    
  387.000000        0.0545043302    
  387.200000        0.0536313239    
  387.400000        0.0527450375    
  387.600000        0.0518457896    
  387.800000        0.0509339055    
  388.000000        0.0500097130    
  388.200000        0.0490735417    
  388.400000        0.0481257281    
  388.600000        0.0471666115    
  388.800000        0.0461965338    
  389.000000        0.0452158408    
  389.200000        0.0442248803    
  389.400000        0.0432240082    
  389.600000        0.0422135779    
  389.800000        0.0411939501    
  390.000000        0.0401654861    
  390.200000        0.0391285514    
  390.400000        0.0380835182    
  390.600000        0.0370307568    
  390.800000        0.0359706433    
  391.000000        0.0349035577    
  391.200000        0.0338298812    
  391.400000        0.0327500021    
  391.600000        0.0316643081    
  391.800000        0.0305731935    
  392.000000        0.0294770521    
  392.200000        0.0283762863    
  392.400000        0.0272712986    
  392.600000        0.0261624971    
  392.800000        0.0250502918    
  393.000000        0.0239350940    
  393.200000        0.0228173270    
  393.400000        0.0216974061    
  393.600000        0.0205757593    
  393.800000        0.0194528128    
  394.000000        0.0183289989    
  394.200000        0.0172047518    
  394.400000        0.0160805085    
  394.600000        0.0149567099    
  394.800000        0.0138338006    
  395.000000        0.0127122241    
  395.200000        0.0115924314    
  395.400000        0.0104748727    
  395.600000        0.0093600008    
  395.800000        0.0082482706    
  396.000000        0.0071401384    
  396.200000        0.0060360581    
  396.400000        0.0049364893    
  396.600000        0.0038418883    
  396.800000        0.0027527111    
  397.000000        0.0016694136    
  397.200000        0.0005924511    
  397.400000       -0.0004777266    
  397.600000       -0.0015406697    
  397.800000       -0.0025959328    
  398.000000       -0.0036430748    
  398.200000       -0.0046816627    
  398.400000       -0.0057112643    
  398.600000       -0.0067314560    
  398.800000       -0.0077418218    
  399.000000       -0.0087419560    
  399.200000       -0.0097314562    
  399.400000       -0.0107099376    
  399.600000       -0.0116770187    
  399.800000       -0.0126323343    
