description="chl-b.xyz"  
#******** REAL SPACE GRID ********   
wavefunction_grid="288 144 112"  
potential_grid_refinement="2"  
  
#******* CONTROL OPTIONS *******  
start_mode          ="LCAO Start"  
calculation_mode    ="TDDFT "  
kohn_sham_solver    ="davidson"  
subdiag_driver      ="auto"  
#auto: if cuda available, use cusolver, otherwise use lapack for n<128 and scaplack for large system  
cube_rho = "True"  
tddft_steps = "2000"  
tddft_time_step = "1.000000"  
electric_field_magnitude = "0.001000"  
electric_field_vector = "0  0  1"  
restart_tddft = "False"  
unoccupied_states_per_kpoint = "2000"  
unoccupied_tol_factor = "1.000000"  
  
#********* K POINT SETUP *********  
kpoint_mesh = "1 1 1"  
kpoint_is_shift = "0 0 0"  
  
#******* Pseudopotentials *******   
internal_pseudo_type = "sg15"  
#use Optimized Norm-Conserving Vanderbilt (ONCV) pseudopotenitals  
#those pseudopotentials are built in with RMG  
write_pseudopotential_plots ="False"  
  
#*****Exchange Correlation ******  
exchange_correlation_type="AUTO_XC"  
#AUTO_XC: XC will be determined from pseudopotential  
  
#****  LATTICE and ATOMS  ****   
bravais_lattice_type="Orthorhombic Primitive"  
crds_units = "Angstrom"  
lattice_units = "Angstrom"  
a_length="     45.67170155"  
b_length="     22.89300856"  
c_length="     16.92441526"  
atomic_coordinate_type = "Absolute"  
atoms="  
C  3.968104993720e+01 1.154380668000e+01 6.394036258300e+00  1 1 1   0.00   0.00   0.00  
O  4.067170155380e+01 1.218039849350e+01 5.973569135300e+00  1 1 1   0.00   0.00   0.00  
H  3.979197184290e+01 1.043664881500e+01 6.619509764600e+00  1 1 1   0.00   0.00   0.00  
Mg  3.413651490090e+01 1.167307031120e+01 8.012445857900e+00  1 1 1   0.00   0.00   0.00  
N  3.479461150300e+01 9.759850611700e+00 8.472803651200e+00  1 1 1   0.00   0.00   0.00  
N  3.605703028730e+01 1.221214232010e+01 7.261659920100e+00  1 1 1   0.00   0.00   0.00  
N  3.351092117800e+01 1.358302809020e+01 7.551451947500e+00  1 1 1   0.00   0.00   0.00  
N  3.211164682600e+01 1.119950668370e+01 8.749520378700e+00  1 1 1   0.00   0.00   0.00  
C  3.098368607790e+01 1.204139030290e+01 8.737319920700e+00  1 1 1   0.00   0.00   0.00  
C  2.972966897830e+01 1.131655262640e+01 9.316465263800e+00  1 1 1   0.00   0.00   0.00  
C  3.035096601820e+01 9.985785075700e+00 9.929642360400e+00  1 1 1   0.00   0.00   0.00  
C  3.180504573330e+01 9.986719867000e+00 9.353392414300e+00  1 1 1   0.00   0.00   0.00  
C  3.267698535450e+01 8.874222473000e+00 9.478415858000e+00  1 1 1   0.00   0.00   0.00  
C  3.405062847330e+01 8.739696731100e+00 9.070841522500e+00  1 1 1   0.00   0.00   0.00  
C  3.488723199660e+01 7.525812556200e+00 9.230295422800e+00  1 1 1   0.00   0.00   0.00  
C  3.615944442470e+01 7.837010285900e+00 8.701788546900e+00  1 1 1   0.00   0.00   0.00  
C  3.609242113880e+01 9.257975431500e+00 8.239441776900e+00  1 1 1   0.00   0.00   0.00  
C  3.715375404670e+01 9.996526332700e+00 7.652192025300e+00  1 1 1   0.00   0.00   0.00  
C  3.716360431110e+01 1.136864552710e+01 7.203157279000e+00  1 1 1   0.00   0.00   0.00  
C  3.832190231730e+01 1.210511663460e+01 6.633141274700e+00  1 1 1   0.00   0.00   0.00  
C  3.787028135830e+01 1.342482815750e+01 6.344204340300e+00  1 1 1   0.00   0.00   0.00  
C  3.645452344350e+01 1.347217236640e+01 6.743860689800e+00  1 1 1   0.00   0.00   0.00  
C  3.558754777920e+01 1.461331511750e+01 6.630024831600e+00  1 1 1   0.00   0.00   0.00  
C  3.421375520350e+01 1.469735051400e+01 6.994964315600e+00  1 1 1   0.00   0.00   0.00  
C  3.329795360550e+01 1.585927306610e+01 6.868946336200e+00  1 1 1   0.00   0.00   0.00  
C  3.205104665240e+01 1.539428801890e+01 7.358649853700e+00  1 1 1   0.00   0.00   0.00  
C  3.223068907040e+01 1.401133900930e+01 7.760201414500e+00  1 1 1   0.00   0.00   0.00  
C  3.104472358570e+01 1.337270270870e+01 8.269773990500e+00  1 1 1   0.00   0.00   0.00  
C  2.990066311360e+01 1.444314581410e+01 8.191591660500e+00  1 1 1   0.00   0.00   0.00  
C  3.063688949020e+01 1.578692102940e+01 7.578463479900e+00  1 1 1   0.00   0.00   0.00  
O  3.005316785290e+01 1.685972097650e+01 7.348168743100e+00  1 1 1   0.00   0.00   0.00  
H  3.223109600710e+01 7.985418595700e+00 9.959939565300e+00  1 1 1   0.00   0.00   0.00  
H  3.810082477690e+01 9.446297660000e+00 7.523297160400e+00  1 1 1   0.00   0.00   0.00  
H  3.603871535420e+01 1.552865946040e+01 6.207069756100e+00  1 1 1   0.00   0.00   0.00  
C  2.923787650090e+01 1.476422632070e+01 9.584033044900e+00  1 1 1   0.00   0.00   0.00  
O  2.983091715170e+01 1.459593186730e+01 1.065403590230e+01  1 1 1   0.00   0.00   0.00  
O  2.793922171230e+01 1.526712185460e+01 9.625616166300e+00  1 1 1   0.00   0.00   0.00  
C  2.712118582310e+01 1.548195747760e+01 8.399906774800e+00  1 1 1   0.00   0.00   0.00  
H  2.621541834390e+01 1.601040247540e+01 8.769646175700e+00  1 1 1   0.00   0.00   0.00  
H  2.765888112050e+01 1.612218283660e+01 7.668600945500e+00  1 1 1   0.00   0.00   0.00  
H  2.681881129870e+01 1.450675477250e+01 7.948322201400e+00  1 1 1   0.00   0.00   0.00  
H  2.911816261920e+01 1.416033218250e+01 7.450593362000e+00  1 1 1   0.00   0.00   0.00  
C  3.033667725330e+01 9.965411172800e+00 1.150928860160e+01  1 1 1   0.00   0.00   0.00  
H  2.980047850270e+01 9.083656448000e+00 9.564816159600e+00  1 1 1   0.00   0.00   0.00  
H  2.928601183140e+01 9.987432009800e+00 1.188694326190e+01  1 1 1   0.00   0.00   0.00  
H  3.082923857290e+01 9.046251668800e+00 1.190668261610e+01  1 1 1   0.00   0.00   0.00  
H  3.087194043880e+01 1.085241567780e+01 1.192441525770e+01  1 1 1   0.00   0.00   0.00  
C  3.443134787600e+01 6.224847684300e+00 9.901348008900e+00  1 1 1   0.00   0.00   0.00  
H  3.529575058410e+01 5.683925798200e+00 1.035110449850e+01  1 1 1   0.00   0.00   0.00  
H  3.369229091800e+01 6.422492089200e+00 1.071371844850e+01  1 1 1   0.00   0.00   0.00  
H  3.394216500730e+01 5.523628166700e+00 9.177452008800e+00  1 1 1   0.00   0.00   0.00  
C  3.738267247070e+01 6.993272354400e+00 8.620746017300e+00  1 1 1   0.00   0.00   0.00  
C  3.744570208300e+01 5.633548665700e+00 8.474093882600e+00  1 1 1   0.00   0.00   0.00  
H  3.834531944130e+01 7.543402192300e+00 8.675036527300e+00  1 1 1   0.00   0.00   0.00  
H  3.654718836060e+01 5.000000000000e+00 8.362149953100e+00  1 1 1   0.00   0.00   0.00  
H  3.842151650260e+01 5.113796821300e+00 8.434511951300e+00  1 1 1   0.00   0.00   0.00  
C  3.869093852640e+01 1.458532032220e+01 5.759694533300e+00  1 1 1   0.00   0.00   0.00  
C  3.953085033840e+01 1.536619076300e+01 6.849702235700e+00  1 1 1   0.00   0.00   0.00  
H  4.028219178020e+01 1.468881526660e+01 7.314652040700e+00  1 1 1   0.00   0.00   0.00  
H  4.007460526150e+01 1.621820041060e+01 6.374603390300e+00  1 1 1   0.00   0.00   0.00  
H  3.887306808760e+01 1.577593917480e+01 7.653691821500e+00  1 1 1   0.00   0.00   0.00  
H  3.801444658440e+01 1.530376309170e+01 5.235890173100e+00  1 1 1   0.00   0.00   0.00  
H  3.939725944500e+01 1.418113310480e+01 5.000000000000e+00  1 1 1   0.00   0.00   0.00  
C  3.363140246830e+01 1.725372919770e+01 6.331403623100e+00  1 1 1   0.00   0.00   0.00  
H  3.402806402230e+01 1.721013670320e+01 5.286633166000e+00  1 1 1   0.00   0.00   0.00  
H  3.272035111320e+01 1.789300856490e+01 6.332233466200e+00  1 1 1   0.00   0.00   0.00  
H  3.441005472230e+01 1.775962049000e+01 6.955549817500e+00  1 1 1   0.00   0.00   0.00  
H  2.929242200190e+01 1.194897980250e+01 1.012493450050e+01  1 1 1   0.00   0.00   0.00  
C  2.861063701210e+01 1.107097716180e+01 8.220448687900e+00  1 1 1   0.00   0.00   0.00  
C  2.721145244880e+01 1.065410223940e+01 8.822476388400e+00  1 1 1   0.00   0.00   0.00  
C  2.608214299040e+01 1.079256012420e+01 7.754118667500e+00  1 1 1   0.00   0.00   0.00  
O  2.586018550200e+01 1.183579310200e+01 7.119054291600e+00  1 1 1   0.00   0.00   0.00  
O  2.539008874460e+01 9.601138408900e+00 7.606095935500e+00  1 1 1   0.00   0.00   0.00  
C  2.423718935310e+01 9.594811920400e+00 6.608990646400e+00  1 1 1   0.00   0.00   0.00  
C  2.291432073850e+01 9.948100958400e+00 7.285983526700e+00  1 1 1   0.00   0.00   0.00  
C  2.210650656160e+01 1.102822616000e+01 7.039132486100e+00  1 1 1   0.00   0.00   0.00  
C  2.243321030760e+01 1.214962200180e+01 6.022471431900e+00  1 1 1   0.00   0.00   0.00  
C  2.075249527390e+01 1.116144990530e+01 7.786847942400e+00  1 1 1   0.00   0.00   0.00  
C  1.947979623710e+01 1.092618178960e+01 6.870625817300e+00  1 1 1   0.00   0.00   0.00  
C  1.813136849500e+01 1.102674807390e+01 7.677856635400e+00  1 1 1   0.00   0.00   0.00  
C  1.680363530400e+01 1.087196593080e+01 6.824349445900e+00  1 1 1   0.00   0.00   0.00  
H  1.685579574520e+01 1.161313409800e+01 5.982385972800e+00  1 1 1   0.00   0.00   0.00  
C  1.666641614640e+01 9.433919602200e+00 6.192706072600e+00  1 1 1   0.00   0.00   0.00  
C  1.554894988550e+01 1.125580345800e+01 7.715646633400e+00  1 1 1   0.00   0.00   0.00  
C  1.416605615090e+01 1.132980482290e+01 6.963507264500e+00  1 1 1   0.00   0.00   0.00  
C  1.300223284740e+01 1.185986529340e+01 7.884550685300e+00  1 1 1   0.00   0.00   0.00  
C  1.158278265360e+01 1.199708204040e+01 7.190654149900e+00  1 1 1   0.00   0.00   0.00  
H  1.172915805800e+01 1.257879437340e+01 6.240836746400e+00  1 1 1   0.00   0.00   0.00  
C  1.097110703590e+01 1.059630845450e+01 6.804022707700e+00  1 1 1   0.00   0.00   0.00  
C  1.060871287620e+01 1.284162495690e+01 8.114055550900e+00  1 1 1   0.00   0.00   0.00  
C  9.224248705300e+00 1.323518746430e+01 7.472716052600e+00  1 1 1   0.00   0.00   0.00  
C  8.368984461500e+00 1.418455972940e+01 8.393872438300e+00  1 1 1   0.00   0.00   0.00  
C  6.981300934900e+00 1.465175423140e+01 7.790573921300e+00  1 1 1   0.00   0.00   0.00  
C  5.959681437800e+00 1.346663343120e+01 7.605428142600e+00  1 1 1   0.00   0.00   0.00  
C  6.349125883300e+00 1.579229194670e+01 8.674716407000e+00  1 1 1   0.00   0.00   0.00  
H  2.845567654180e+01 1.200116540160e+01 7.630420793000e+00  1 1 1   0.00   0.00   0.00  
H  2.895707744560e+01 1.029245040340e+01 7.494861264200e+00  1 1 1   0.00   0.00   0.00  
H  2.722586389610e+01 9.620669464100e+00 9.236319860000e+00  1 1 1   0.00   0.00   0.00  
H  2.694831770260e+01 1.135233310570e+01 9.656595455300e+00  1 1 1   0.00   0.00   0.00  
H  2.450289671360e+01 1.025907176180e+01 5.762551933200e+00  1 1 1   0.00   0.00   0.00  
H  2.423838890610e+01 8.534913682400e+00 6.265668813300e+00  1 1 1   0.00   0.00   0.00  
H  2.258790766170e+01 9.210143121500e+00 8.049046441200e+00  1 1 1   0.00   0.00   0.00  
H  2.188549618990e+01 1.200249191100e+01 5.057272036100e+00  1 1 1   0.00   0.00   0.00  
H  2.210571250120e+01 1.313972125170e+01 6.425489559400e+00  1 1 1   0.00   0.00   0.00  
H  2.352017166050e+01 1.222082535810e+01 5.803189434400e+00  1 1 1   0.00   0.00   0.00  
H  2.071928944000e+01 1.043368813530e+01 8.634730328100e+00  1 1 1   0.00   0.00   0.00  
H  2.068158768190e+01 1.218482711770e+01 8.239575232600e+00  1 1 1   0.00   0.00   0.00  
H  1.946786501440e+01 1.167685757720e+01 6.040404496900e+00  1 1 1   0.00   0.00   0.00  
H  1.957507900350e+01 9.921367478200e+00 6.390769844200e+00  1 1 1   0.00   0.00   0.00  
H  1.810488560490e+01 1.202170147790e+01 8.192485826200e+00  1 1 1   0.00   0.00   0.00  
H  1.813329946740e+01 1.025746737000e+01 8.494538805800e+00  1 1 1   0.00   0.00   0.00  
H  1.655890920340e+01 8.655513960000e+00 6.989763796200e+00  1 1 1   0.00   0.00   0.00  
H  1.577437844040e+01 9.361137014800e+00 5.526873717600e+00  1 1 1   0.00   0.00   0.00  
H  1.755691691970e+01 9.166799170000e+00 5.576200860200e+00  1 1 1   0.00   0.00   0.00  
H  1.546897321200e+01 1.052376968990e+01 8.561926276900e+00  1 1 1   0.00   0.00   0.00  
H  1.574776515020e+01 1.225264904880e+01 8.187800324700e+00  1 1 1   0.00   0.00   0.00  
H  1.426493270110e+01 1.200569576790e+01 6.073707937800e+00  1 1 1   0.00   0.00   0.00  
H  1.390138257650e+01 1.032112395960e+01 6.564523336800e+00  1 1 1   0.00   0.00   0.00  
H  1.330050480300e+01 1.286512439170e+01 8.279686590200e+00  1 1 1   0.00   0.00   0.00  
H  1.290899125700e+01 1.119250454510e+01 8.781787206600e+00  1 1 1   0.00   0.00   0.00  
H  1.001343229010e+01 1.070662202050e+01 6.242534171400e+00  1 1 1   0.00   0.00   0.00  
H  1.075969051180e+01 9.983799325400e+00 7.716707695300e+00  1 1 1   0.00   0.00   0.00  
H  1.166285581210e+01 1.000836137540e+01 6.155490316300e+00  1 1 1   0.00   0.00   0.00  
H  1.113998039730e+01 1.378249543270e+01 8.411531416300e+00  1 1 1   0.00   0.00   0.00  
H  1.042554047120e+01 1.227586563800e+01 9.065492798700e+00  1 1 1   0.00   0.00   0.00  
H  8.639884064100e+00 1.231181530000e+01 7.243112492000e+00  1 1 1   0.00   0.00   0.00  
H  9.405022400200e+00 1.374600668850e+01 6.490442427100e+00  1 1 1   0.00   0.00   0.00  
H  8.979396481800e+00 1.509643463350e+01 8.623029511900e+00  1 1 1   0.00   0.00   0.00  
H  8.187496821100e+00 1.368115476640e+01 9.380192607600e+00  1 1 1   0.00   0.00   0.00  
H  7.183378733900e+00 1.508692435710e+01 6.775601026500e+00  1 1 1   0.00   0.00   0.00  
H  5.719229593500e+00 1.298587402960e+01 8.587047015400e+00  1 1 1   0.00   0.00   0.00  
H  6.352139616100e+00 1.267228951490e+01 6.926497767800e+00  1 1 1   0.00   0.00   0.00  
H  5.000000000000e+00 1.383492852290e+01 7.167109482300e+00  1 1 1   0.00   0.00   0.00  
H  6.131851023600e+00 1.542703790520e+01 9.709801188600e+00  1 1 1   0.00   0.00   0.00  
H  7.038123682400e+00 1.666769439890e+01 8.762196415400e+00  1 1 1   0.00   0.00   0.00  
H  5.387521872700e+00 1.615858432080e+01 8.238193271900e+00  1 1 1   0.00   0.00   0.00  
"  
