description="Cu111-vac15
"  
#******** REAL SPACE GRID ********   
wavefunction_grid="152 80 152"  
potential_grid_refinement="2"  
  
#******* CONTROL OPTIONS *******  
start_mode          ="LCAO Start"  
calculation_mode    ="Quench Electrons  "  
kohn_sham_solver    ="davidson"  
subdiag_driver      ="auto"  
#auto: if cuda available, use cusolver, otherwise use lapack for n<128 and scaplack for large system  
cube_rho = "True"  
  
#********* K POINT SETUP *********  
kpoint_mesh = "1 1 1"  
kpoint_is_shift = "0 0 0"  
  
#******* Pseudopotentials *******   
internal_pseudo_type = "sg15"  
#use Optimized Norm-Conserving Vanderbilt (ONCV) pseudopotenitals  
#those pseudopotentials are built in with RMG  
write_pseudopotential_plots ="False"  
  
#*****Exchange Correlation ******  
exchange_correlation_type="AUTO_XC"  
#AUTO_XC: XC will be determined from pseudopotential  
  
#****  LATTICE and ATOMS  ****   
bravais_lattice_type="None"  
crds_units = "Angstrom"  
lattice_units = "Angstrom"  
lattice_vector="  
 2.545879900000e+01  0.000000000000e+00  0.000000000000e+00   
 0.000000000000e+00  1.322878000000e+01  0.000000000000e+00   
 0.000000000000e+00  0.000000000000e+00  2.500000000000e+01   
"  
atomic_coordinate_type = "Cell Relative"  
atoms="  
Cu  0.000000000000e+00 0.000000000000e+00 0.000000000000e+00  1 1 1   0.00   0.00   0.00  
Cu  5.000000196396e-02 1.666666918643e-01 0.000000000000e+00  1 1 1   0.00   0.00   0.00  
Cu  5.000000196396e-02 5.555553875716e-02 8.314808000000e-02  1 1 1   0.00   0.00   0.00  
Cu  0.000000000000e+00 2.222222306214e-01 8.314808000000e-02  1 1 1   0.00   0.00   0.00  
Cu  0.000000000000e+00 1.136234441380e-01 1.659420667110e-01  1 1 1   0.00   0.00   0.00  
Cu  5.012917076775e-02 2.817353908243e-01 1.688206468915e-01  1 1 1   0.00   0.00   0.00  
Cu  0.000000000000e+00 1.959287701403e-03 2.486417445773e-01  1 1 1   0.00   0.00   0.00  
Cu  5.034554060217e-02 1.683479467289e-01 2.483639732218e-01  1 1 1   0.00   0.00   0.00  
Cu  1.000000039279e-01 0.000000000000e+00 0.000000000000e+00  1 1 1   0.00   0.00   0.00  
Cu  1.500000058919e-01 1.666666918643e-01 0.000000000000e+00  1 1 1   0.00   0.00   0.00  
Cu  1.500000058919e-01 5.555553875716e-02 8.314808000000e-02  1 1 1   0.00   0.00   0.00  
Cu  1.000000039279e-01 2.222222306214e-01 8.314808000000e-02  1 1 1   0.00   0.00   0.00  
Cu  9.989224825256e-02 1.129991102577e-01 1.659112485860e-01  1 1 1   0.00   0.00   0.00  
Cu  1.494600515957e-01 2.797694762646e-01 1.670932693108e-01  1 1 1   0.00   0.00   0.00  
Cu  1.001596736241e-01 1.882560795330e-03 2.486918256109e-01  1 1 1   0.00   0.00   0.00  
Cu  1.506898535372e-01 1.681586986340e-01 2.481452745339e-01  1 1 1   0.00   0.00   0.00  
Cu  2.000000078558e-01 0.000000000000e+00 0.000000000000e+00  1 1 1   0.00   0.00   0.00  
Cu  2.500000098198e-01 1.666666918643e-01 0.000000000000e+00  1 1 1   0.00   0.00   0.00  
Cu  2.500000098198e-01 5.555553875716e-02 8.314808000000e-02  1 1 1   0.00   0.00   0.00  
Cu  2.000000078558e-01 2.222222306214e-01 8.314808000000e-02  1 1 1   0.00   0.00   0.00  
Cu  2.000656518630e-01 1.124310689444e-01 1.656765451700e-01  1 1 1   0.00   0.00   0.00  
Cu  2.505755929451e-01 2.779282877301e-01 1.650708005131e-01  1 1 1   0.00   0.00   0.00  
Cu  2.003845992229e-01 2.172153819309e-03 2.485974279377e-01  1 1 1   0.00   0.00   0.00  
Cu  2.507786663961e-01 1.680613471533e-01 2.479521469839e-01  1 1 1   0.00   0.00   0.00  
Cu  3.000000117837e-01 0.000000000000e+00 0.000000000000e+00  1 1 1   0.00   0.00   0.00  
Cu  3.500000137477e-01 1.666666918643e-01 0.000000000000e+00  1 1 1   0.00   0.00   0.00  
Cu  3.500000137477e-01 5.555553875716e-02 8.314808000000e-02  1 1 1   0.00   0.00   0.00  
Cu  3.000000117837e-01 2.222222306214e-01 8.314808000000e-02  1 1 1   0.00   0.00   0.00  
Cu  3.002678580350e-01 1.119033582546e-01 1.654698124917e-01  1 1 1   0.00   0.00   0.00  
Cu  3.505077430957e-01 2.784232662393e-01 1.653982889562e-01  1 1 1   0.00   0.00   0.00  
Cu  3.003468165597e-01 2.201390195729e-03 2.481450169416e-01  1 1 1   0.00   0.00   0.00  
Cu  3.504407266408e-01 1.684651414347e-01 2.479419943755e-01  1 1 1   0.00   0.00   0.00  
Cu  4.000000157117e-01 0.000000000000e+00 0.000000000000e+00  1 1 1   0.00   0.00   0.00  
Cu  4.500000176756e-01 1.666666918643e-01 0.000000000000e+00  1 1 1   0.00   0.00   0.00  
Cu  4.500000176756e-01 5.555553875716e-02 8.314808000000e-02  1 1 1   0.00   0.00   0.00  
Cu  4.000000157117e-01 2.222222306214e-01 8.314808000000e-02  1 1 1   0.00   0.00   0.00  
Cu  4.001598623605e-01 1.120601476501e-01 1.655014265138e-01  1 1 1   0.00   0.00   0.00  
Cu  4.502268764123e-01 2.787641830852e-01 1.654380347339e-01  1 1 1   0.00   0.00   0.00  
Cu  4.002475875216e-01 2.112286829494e-03 2.478538663369e-01  1 1 1   0.00   0.00   0.00  
Cu  4.501721638317e-01 1.686142995200e-01 2.477757490263e-01  1 1 1   0.00   0.00   0.00  
Cu  5.000000196396e-01 0.000000000000e+00 0.000000000000e+00  1 1 1   0.00   0.00   0.00  
Cu  5.500000216035e-01 1.666666918643e-01 0.000000000000e+00  1 1 1   0.00   0.00   0.00  
Cu  5.500000216035e-01 5.555553875716e-02 8.314808000000e-02  1 1 1   0.00   0.00   0.00  
Cu  5.000000196396e-01 2.222222306214e-01 8.314808000000e-02  1 1 1   0.00   0.00   0.00  
Cu  5.000000196396e-01 1.120967310894e-01 1.654162449343e-01  1 1 1   0.00   0.00   0.00  
Cu  5.497731628669e-01 2.787641830852e-01 1.654380347339e-01  1 1 1   0.00   0.00   0.00  
Cu  5.000000196396e-01 2.113988067187e-03 2.477357242376e-01  1 1 1   0.00   0.00   0.00  
Cu  5.498278754474e-01 1.686142995200e-01 2.477757490263e-01  1 1 1   0.00   0.00   0.00  
Cu  6.000000235675e-01 0.000000000000e+00 0.000000000000e+00  1 1 1   0.00   0.00   0.00  
Cu  6.500000255314e-01 1.666666918643e-01 0.000000000000e+00  1 1 1   0.00   0.00   0.00  
Cu  6.500000255314e-01 5.555553875716e-02 8.314808000000e-02  1 1 1   0.00   0.00   0.00  
Cu  6.000000235675e-01 2.222222306214e-01 8.314808000000e-02  1 1 1   0.00   0.00   0.00  
Cu  5.998401769187e-01 1.120601476501e-01 1.655014265138e-01  1 1 1   0.00   0.00   0.00  
Cu  6.494922961835e-01 2.784232662393e-01 1.653982889562e-01  1 1 1   0.00   0.00   0.00  
Cu  5.997524517576e-01 2.112286829494e-03 2.478538663369e-01  1 1 1   0.00   0.00   0.00  
Cu  6.495593126383e-01 1.684651414347e-01 2.479419943755e-01  1 1 1   0.00   0.00   0.00  
Cu  7.000000274954e-01 0.000000000000e+00 0.000000000000e+00  1 1 1   0.00   0.00   0.00  
Cu  7.500000294594e-01 1.666666918643e-01 0.000000000000e+00  1 1 1   0.00   0.00   0.00  
Cu  7.500000294594e-01 5.555553875716e-02 8.314808000000e-02  1 1 1   0.00   0.00   0.00  
Cu  7.000000274954e-01 2.222222306214e-01 8.314808000000e-02  1 1 1   0.00   0.00   0.00  
Cu  6.997321812442e-01 1.119033582546e-01 1.654698124917e-01  1 1 1   0.00   0.00   0.00  
Cu  7.494244463341e-01 2.779282877301e-01 1.650708005131e-01  1 1 1   0.00   0.00   0.00  
Cu  6.996532227195e-01 2.201390195729e-03 2.481450169416e-01  1 1 1   0.00   0.00   0.00  
Cu  7.492213728830e-01 1.680613471533e-01 2.479521469839e-01  1 1 1   0.00   0.00   0.00  
Cu  8.000000314233e-01 0.000000000000e+00 0.000000000000e+00  1 1 1   0.00   0.00   0.00  
Cu  8.500000333873e-01 1.666666918643e-01 0.000000000000e+00  1 1 1   0.00   0.00   0.00  
Cu  8.500000333873e-01 5.555553875716e-02 8.314808000000e-02  1 1 1   0.00   0.00   0.00  
Cu  8.000000314233e-01 2.222222306214e-01 8.314808000000e-02  1 1 1   0.00   0.00   0.00  
Cu  7.999343874161e-01 1.124310689444e-01 1.656765451700e-01  1 1 1   0.00   0.00   0.00  
Cu  8.505399876834e-01 2.797694762646e-01 1.670932693108e-01  1 1 1   0.00   0.00   0.00  
Cu  7.996154400563e-01 2.172153819309e-03 2.485974279377e-01  1 1 1   0.00   0.00   0.00  
Cu  8.493101857420e-01 1.681586986340e-01 2.481452745339e-01  1 1 1   0.00   0.00   0.00  
Cu  9.000000353512e-01 0.000000000000e+00 0.000000000000e+00  1 1 1   0.00   0.00   0.00  
Cu  9.500000373152e-01 1.666666918643e-01 0.000000000000e+00  1 1 1   0.00   0.00   0.00  
Cu  9.500000373152e-01 5.555553875716e-02 8.314808000000e-02  1 1 1   0.00   0.00   0.00  
Cu  9.000000353512e-01 2.222222306214e-01 8.314808000000e-02  1 1 1   0.00   0.00   0.00  
Cu  9.001077910266e-01 1.129991102577e-01 1.659112485860e-01  1 1 1   0.00   0.00   0.00  
Cu  9.498708685114e-01 2.817353908243e-01 1.688206468915e-01  1 1 1   0.00   0.00   0.00  
Cu  8.998403656550e-01 1.882560795330e-03 2.486918256109e-01  1 1 1   0.00   0.00   0.00  
Cu  9.496544986770e-01 1.683479467289e-01 2.483639732218e-01  1 1 1   0.00   0.00   0.00  
Cu  0.000000000000e+00 3.333333081357e-01 0.000000000000e+00  1 1 1   0.00   0.00   0.00  
Cu  5.000000196396e-02 5.000000000000e-01 0.000000000000e+00  1 1 1   0.00   0.00   0.00  
Cu  5.000000196396e-02 3.888888468929e-01 8.314808000000e-02  1 1 1   0.00   0.00   0.00  
Cu  0.000000000000e+00 5.555555387572e-01 8.314808000000e-02  1 1 1   0.00   0.00   0.00  
Cu  0.000000000000e+00 4.446618404628e-01 1.629381507137e-01  1 1 1   0.00   0.00   0.00  
Cu  5.008181536213e-02 6.152187627820e-01 1.650122707515e-01  1 1 1   0.00   0.00   0.00  
Cu  0.000000000000e+00 3.378895693309e-01 2.533945039726e-01  1 1 1   0.00   0.00   0.00  
Cu  5.126383332426e-02 4.999282208969e-01 2.391681513607e-01  1 1 1   0.00   0.00   0.00  
Cu  1.000000039279e-01 3.333333081357e-01 0.000000000000e+00  1 1 1   0.00   0.00   0.00  
Cu  1.500000058919e-01 5.000000000000e-01 0.000000000000e+00  1 1 1   0.00   0.00   0.00  
Cu  1.500000058919e-01 3.888888468929e-01 8.314808000000e-02  1 1 1   0.00   0.00   0.00  
Cu  1.000000039279e-01 5.555555387572e-01 8.314808000000e-02  1 1 1   0.00   0.00   0.00  
Cu  1.014981653402e-01 4.444794459295e-01 1.636335815889e-01  1 1 1   0.00   0.00   0.00  
Cu  1.497309254186e-01 6.139816777648e-01 1.651738375785e-01  1 1 1   0.00   0.00   0.00  
Cu  1.034300311276e-01 3.392636193354e-01 2.546992131733e-01  1 1 1   0.00   0.00   0.00  
Cu  1.556688306099e-01 5.014298288302e-01 2.426517964634e-01  1 1 1   0.00   0.00   0.00  
Cu  2.000000078558e-01 3.333333081357e-01 0.000000000000e+00  1 1 1   0.00   0.00   0.00  
Cu  2.500000098198e-01 5.000000000000e-01 0.000000000000e+00  1 1 1   0.00   0.00   0.00  
Cu  2.500000098198e-01 3.888888468929e-01 8.314808000000e-02  1 1 1   0.00   0.00   0.00  
Cu  2.000000078558e-01 5.555555387572e-01 8.314808000000e-02  1 1 1   0.00   0.00   0.00  
Cu  2.016503780455e-01 4.444823178785e-01 1.639118653339e-01  1 1 1   0.00   0.00   0.00  
Cu  2.503648579470e-01 6.120402801317e-01 1.651390794259e-01  1 1 1   0.00   0.00   0.00  
Cu  2.033771375600e-01 3.345544180680e-01 2.468740899469e-01  1 1 1   0.00   0.00   0.00  
Cu  2.526852541207e-01 5.022055805526e-01 2.472955643398e-01  1 1 1   0.00   0.00   0.00  
Cu  3.000000117837e-01 3.333333081357e-01 0.000000000000e+00  1 1 1   0.00   0.00   0.00  
Cu  3.500000137477e-01 5.000000000000e-01 0.000000000000e+00  1 1 1   0.00   0.00   0.00  
Cu  3.500000137477e-01 3.888888468929e-01 8.314808000000e-02  1 1 1   0.00   0.00   0.00  
Cu  3.000000117837e-01 5.555555387572e-01 8.314808000000e-02  1 1 1   0.00   0.00   0.00  
Cu  3.010308773861e-01 4.449238414025e-01 1.651251270308e-01  1 1 1   0.00   0.00   0.00  
Cu  3.502996922683e-01 6.121154593704e-01 1.655510336919e-01  1 1 1   0.00   0.00   0.00  
Cu  3.014785365453e-01 3.348968197869e-01 2.478626341553e-01  1 1 1   0.00   0.00   0.00  
Cu  3.511994083088e-01 5.022144141930e-01 2.479407761813e-01  1 1 1   0.00   0.00   0.00  
Cu  4.000000157117e-01 3.333333081357e-01 0.000000000000e+00  1 1 1   0.00   0.00   0.00  
Cu  4.500000176756e-01 5.000000000000e-01 0.000000000000e+00  1 1 1   0.00   0.00   0.00  
Cu  4.500000176756e-01 3.888888468929e-01 8.314808000000e-02  1 1 1   0.00   0.00   0.00  
Cu  4.000000157117e-01 5.555555387572e-01 8.314808000000e-02  1 1 1   0.00   0.00   0.00  
Cu  4.003874196995e-01 4.454507228434e-01 1.655146873116e-01  1 1 1   0.00   0.00   0.00  
Cu  4.501375743257e-01 6.121665518586e-01 1.655638637992e-01  1 1 1   0.00   0.00   0.00  
Cu  4.006229968504e-01 3.352595791944e-01 2.478033187549e-01  1 1 1   0.00   0.00   0.00  
Cu  4.503797569663e-01 5.022394231204e-01 2.481303596833e-01  1 1 1   0.00   0.00   0.00  
Cu  5.000000196396e-01 3.333333081357e-01 0.000000000000e+00  1 1 1   0.00   0.00   0.00  
Cu  5.500000216035e-01 5.000000000000e-01 0.000000000000e+00  1 1 1   0.00   0.00   0.00  
Cu  5.500000216035e-01 3.888888468929e-01 8.314808000000e-02  1 1 1   0.00   0.00   0.00  
Cu  5.000000196396e-01 5.555555387572e-01 8.314808000000e-02  1 1 1   0.00   0.00   0.00  
Cu  5.000000196396e-01 4.455998166608e-01 1.656010475958e-01  1 1 1   0.00   0.00   0.00  
Cu  5.498624649535e-01 6.121665518586e-01 1.655638637992e-01  1 1 1   0.00   0.00   0.00  
Cu  5.000000196396e-01 3.353112105980e-01 2.479126509545e-01  1 1 1   0.00   0.00   0.00  
Cu  5.496202823129e-01 5.022394231204e-01 2.481303596833e-01  1 1 1   0.00   0.00   0.00  
Cu  6.000000235675e-01 3.333333081357e-01 0.000000000000e+00  1 1 1   0.00   0.00   0.00  
Cu  6.500000255314e-01 5.000000000000e-01 0.000000000000e+00  1 1 1   0.00   0.00   0.00  
Cu  6.500000255314e-01 3.888888468929e-01 8.314808000000e-02  1 1 1   0.00   0.00   0.00  
Cu  6.000000235675e-01 5.555555387572e-01 8.314808000000e-02  1 1 1   0.00   0.00   0.00  
Cu  5.996126195797e-01 4.454507228434e-01 1.655146873116e-01  1 1 1   0.00   0.00   0.00  
Cu  6.497003470109e-01 6.121154593704e-01 1.655510336919e-01  1 1 1   0.00   0.00   0.00  
Cu  5.993770424288e-01 3.352595791944e-01 2.478033187549e-01  1 1 1   0.00   0.00   0.00  
Cu  6.488006309704e-01 5.022144141930e-01 2.479407761813e-01  1 1 1   0.00   0.00   0.00  
Cu  7.000000274954e-01 3.333333081357e-01 0.000000000000e+00  1 1 1   0.00   0.00   0.00  
Cu  7.500000294594e-01 5.000000000000e-01 0.000000000000e+00  1 1 1   0.00   0.00   0.00  
Cu  7.500000294594e-01 3.888888468929e-01 8.314808000000e-02  1 1 1   0.00   0.00   0.00  
Cu  7.000000274954e-01 5.555555387572e-01 8.314808000000e-02  1 1 1   0.00   0.00   0.00  
Cu  6.989691618930e-01 4.449238414025e-01 1.651251270308e-01  1 1 1   0.00   0.00   0.00  
Cu  7.496351813322e-01 6.120402801317e-01 1.651390794259e-01  1 1 1   0.00   0.00   0.00  
Cu  6.985215027338e-01 3.348968197869e-01 2.478626341553e-01  1 1 1   0.00   0.00   0.00  
Cu  7.473147851584e-01 5.022055805526e-01 2.472955643398e-01  1 1 1   0.00   0.00   0.00  
Cu  8.000000314233e-01 3.333333081357e-01 0.000000000000e+00  1 1 1   0.00   0.00   0.00  
Cu  8.500000333873e-01 5.000000000000e-01 0.000000000000e+00  1 1 1   0.00   0.00   0.00  
Cu  8.500000333873e-01 3.888888468929e-01 8.314808000000e-02  1 1 1   0.00   0.00   0.00  
Cu  8.000000314233e-01 5.555555387572e-01 8.314808000000e-02  1 1 1   0.00   0.00   0.00  
Cu  7.983496612337e-01 4.444823178785e-01 1.639118653339e-01  1 1 1   0.00   0.00   0.00  
Cu  8.502691138605e-01 6.139816777648e-01 1.651738375785e-01  1 1 1   0.00   0.00   0.00  
Cu  7.966229017192e-01 3.345544180680e-01 2.468740899469e-01  1 1 1   0.00   0.00   0.00  
Cu  8.443312086693e-01 5.014298288302e-01 2.426517964634e-01  1 1 1   0.00   0.00   0.00  
Cu  9.000000353512e-01 3.333333081357e-01 0.000000000000e+00  1 1 1   0.00   0.00   0.00  
Cu  9.500000373152e-01 5.000000000000e-01 0.000000000000e+00  1 1 1   0.00   0.00   0.00  
Cu  9.500000373152e-01 3.888888468929e-01 8.314808000000e-02  1 1 1   0.00   0.00   0.00  
Cu  9.000000353512e-01 5.555555387572e-01 8.314808000000e-02  1 1 1   0.00   0.00   0.00  
Cu  8.985018739389e-01 4.444794459295e-01 1.636335815889e-01  1 1 1   0.00   0.00   0.00  
Cu  9.499182239170e-01 6.152187627820e-01 1.650122707515e-01  1 1 1   0.00   0.00   0.00  
Cu  8.965700081515e-01 3.392636193354e-01 2.546992131733e-01  1 1 1   0.00   0.00   0.00  
Cu  9.487362059549e-01 4.999282208969e-01 2.391681513607e-01  1 1 1   0.00   0.00   0.00  
Cu  0.000000000000e+00 6.666666162715e-01 0.000000000000e+00  1 1 1   0.00   0.00   0.00  
Cu  5.000000196396e-02 8.333333081357e-01 0.000000000000e+00  1 1 1   0.00   0.00   0.00  
Cu  5.000000196396e-02 7.222221550287e-01 8.314808000000e-02  1 1 1   0.00   0.00   0.00  
Cu  0.000000000000e+00 8.888888468929e-01 8.314808000000e-02  1 1 1   0.00   0.00   0.00  
Cu  0.000000000000e+00 7.778543573337e-01 1.673603937225e-01  1 1 1   0.00   0.00   0.00  
Cu  4.995122418251e-02 9.457207929786e-01 1.658380846136e-01  1 1 1   0.00   0.00   0.00  
Cu  0.000000000000e+00 6.650519934155e-01 2.519741097850e-01  1 1 1   0.00   0.00   0.00  
Cu  5.032465935653e-02 8.353082858975e-01 2.482858861375e-01  1 1 1   0.00   0.00   0.00  
Cu  1.000000039279e-01 6.666666162715e-01 0.000000000000e+00  1 1 1   0.00   0.00   0.00  
Cu  1.500000058919e-01 8.333333081357e-01 0.000000000000e+00  1 1 1   0.00   0.00   0.00  
Cu  1.500000058919e-01 7.222221550287e-01 8.314808000000e-02  1 1 1   0.00   0.00   0.00  
Cu  1.000000039279e-01 8.888888468929e-01 8.314808000000e-02  1 1 1   0.00   0.00   0.00  
Cu  1.001857563212e-01 7.774815497816e-01 1.676707551593e-01  1 1 1   0.00   0.00   0.00  
Cu  1.498905627531e-01 9.459734292109e-01 1.658290162521e-01  1 1 1   0.00   0.00   0.00  
Cu  1.028659796020e-01 6.639891291133e-01 2.537918509457e-01  1 1 1   0.00   0.00   0.00  
Cu  1.509429854833e-01 8.357711060942e-01 2.481931587753e-01  1 1 1   0.00   0.00   0.00  
Cu  2.000000078558e-01 6.666666162715e-01 0.000000000000e+00  1 1 1   0.00   0.00   0.00  
Cu  2.500000098198e-01 8.333333081357e-01 0.000000000000e+00  1 1 1   0.00   0.00   0.00  
Cu  2.500000098198e-01 7.222221550287e-01 8.314808000000e-02  1 1 1   0.00   0.00   0.00  
Cu  2.000000078558e-01 8.888888468929e-01 8.314808000000e-02  1 1 1   0.00   0.00   0.00  
Cu  2.001989133724e-01 7.794587917285e-01 1.654793365656e-01  1 1 1   0.00   0.00   0.00  
Cu  2.500168501541e-01 9.458515294312e-01 1.656588639828e-01  1 1 1   0.00   0.00   0.00  
Cu  2.029445598367e-01 6.700140952059e-01 2.467744674851e-01  1 1 1   0.00   0.00   0.00  
Cu  2.508322630930e-01 8.363276549929e-01 2.480700208788e-01  1 1 1   0.00   0.00   0.00  
Cu  3.000000117837e-01 6.666666162715e-01 0.000000000000e+00  1 1 1   0.00   0.00   0.00  
Cu  3.500000137477e-01 8.333333081357e-01 0.000000000000e+00  1 1 1   0.00   0.00   0.00  
Cu  3.500000137477e-01 7.222221550287e-01 8.314808000000e-02  1 1 1   0.00   0.00   0.00  
Cu  3.000000117837e-01 8.888888468929e-01 8.314808000000e-02  1 1 1   0.00   0.00   0.00  
Cu  3.001678550562e-01 7.789928255096e-01 1.654924377870e-01  1 1 1   0.00   0.00   0.00  
Cu  3.500574040609e-01 9.454698005315e-01 1.656034132063e-01  1 1 1   0.00   0.00   0.00  
Cu  3.013194668589e-01 6.693365390897e-01 2.479821434068e-01  1 1 1   0.00   0.00   0.00  
Cu  3.504455763676e-01 8.357637300012e-01 2.480224735783e-01  1 1 1   0.00   0.00   0.00  
Cu  4.000000157117e-01 6.666666162715e-01 0.000000000000e+00  1 1 1   0.00   0.00   0.00  
Cu  4.500000176756e-01 8.333333081357e-01 0.000000000000e+00  1 1 1   0.00   0.00   0.00  
Cu  4.500000176756e-01 7.222221550287e-01 8.314808000000e-02  1 1 1   0.00   0.00   0.00  
Cu  4.000000157117e-01 8.888888468929e-01 8.314808000000e-02  1 1 1   0.00   0.00   0.00  
Cu  4.000578441723e-01 7.788721825403e-01 1.655644079569e-01  1 1 1   0.00   0.00   0.00  
Cu  4.500301717051e-01 9.454308752952e-01 1.655128290212e-01  1 1 1   0.00   0.00   0.00  
Cu  4.005921758741e-01 6.691056476606e-01 2.479856827132e-01  1 1 1   0.00   0.00   0.00  
Cu  4.501624557274e-01 8.356576124240e-01 2.479149707168e-01  1 1 1   0.00   0.00   0.00  
Cu  5.000000196396e-01 6.666666162715e-01 0.000000000000e+00  1 1 1   0.00   0.00   0.00  
Cu  5.500000216035e-01 8.333333081357e-01 0.000000000000e+00  1 1 1   0.00   0.00   0.00  
Cu  5.500000216035e-01 7.222221550287e-01 8.314808000000e-02  1 1 1   0.00   0.00   0.00  
Cu  5.000000196396e-01 8.888888468929e-01 8.314808000000e-02  1 1 1   0.00   0.00   0.00  
Cu  5.000000196396e-01 7.788162336363e-01 1.656012574176e-01  1 1 1   0.00   0.00   0.00  
Cu  5.499698675740e-01 9.454308752952e-01 1.655128290212e-01  1 1 1   0.00   0.00   0.00  
Cu  5.000000196396e-01 6.690972640589e-01 2.480977966830e-01  1 1 1   0.00   0.00   0.00  
Cu  5.498375835517e-01 8.356576124240e-01 2.479149707168e-01  1 1 1   0.00   0.00   0.00  
Cu  6.000000235675e-01 6.666666162715e-01 0.000000000000e+00  1 1 1   0.00   0.00   0.00  
Cu  6.500000255314e-01 8.333333081357e-01 0.000000000000e+00  1 1 1   0.00   0.00   0.00  
Cu  6.500000255314e-01 7.222221550287e-01 8.314808000000e-02  1 1 1   0.00   0.00   0.00  
Cu  6.000000235675e-01 8.888888468929e-01 8.314808000000e-02  1 1 1   0.00   0.00   0.00  
Cu  5.999421951069e-01 7.788721825403e-01 1.655644079569e-01  1 1 1   0.00   0.00   0.00  
Cu  6.499426352183e-01 9.454698005315e-01 1.656034132063e-01  1 1 1   0.00   0.00   0.00  
Cu  5.994078634050e-01 6.691056476606e-01 2.479856827132e-01  1 1 1   0.00   0.00   0.00  
Cu  6.495544629115e-01 8.357637300012e-01 2.480224735783e-01  1 1 1   0.00   0.00   0.00  
Cu  7.000000274954e-01 6.666666162715e-01 0.000000000000e+00  1 1 1   0.00   0.00   0.00  
Cu  7.500000294594e-01 8.333333081357e-01 0.000000000000e+00  1 1 1   0.00   0.00   0.00  
Cu  7.500000294594e-01 7.222221550287e-01 8.314808000000e-02  1 1 1   0.00   0.00   0.00  
Cu  7.000000274954e-01 8.888888468929e-01 8.314808000000e-02  1 1 1   0.00   0.00   0.00  
Cu  6.998321842230e-01 7.789928255096e-01 1.654924377870e-01  1 1 1   0.00   0.00   0.00  
Cu  7.499831891251e-01 9.458515294312e-01 1.656588639828e-01  1 1 1   0.00   0.00   0.00  
Cu  6.986805724203e-01 6.693365390897e-01 2.479821434068e-01  1 1 1   0.00   0.00   0.00  
Cu  7.491677761862e-01 8.363276549929e-01 2.480700208788e-01  1 1 1   0.00   0.00   0.00  
Cu  8.000000314233e-01 6.666666162715e-01 0.000000000000e+00  1 1 1   0.00   0.00   0.00  
Cu  8.500000333873e-01 8.333333081357e-01 0.000000000000e+00  1 1 1   0.00   0.00   0.00  
Cu  8.500000333873e-01 7.222221550287e-01 8.314808000000e-02  1 1 1   0.00   0.00   0.00  
Cu  8.000000314233e-01 8.888888468929e-01 8.314808000000e-02  1 1 1   0.00   0.00   0.00  
Cu  7.998011259067e-01 7.794587917285e-01 1.654793365656e-01  1 1 1   0.00   0.00   0.00  
Cu  8.501094765260e-01 9.459734292109e-01 1.658290162521e-01  1 1 1   0.00   0.00   0.00  
Cu  7.970554794424e-01 6.700140952059e-01 2.467744674851e-01  1 1 1   0.00   0.00   0.00  
Cu  8.490570537959e-01 8.357711060942e-01 2.481931587753e-01  1 1 1   0.00   0.00   0.00  
Cu  9.000000353512e-01 6.666666162715e-01 0.000000000000e+00  1 1 1   0.00   0.00   0.00  
Cu  9.500000373152e-01 8.333333081357e-01 0.000000000000e+00  1 1 1   0.00   0.00   0.00  
Cu  9.500000373152e-01 7.222221550287e-01 8.314808000000e-02  1 1 1   0.00   0.00   0.00  
Cu  9.000000353512e-01 8.888888468929e-01 8.314808000000e-02  1 1 1   0.00   0.00   0.00  
Cu  8.998142829580e-01 7.774815497816e-01 1.676707551593e-01  1 1 1   0.00   0.00   0.00  
Cu  9.500488150966e-01 9.457207929786e-01 1.658380846136e-01  1 1 1   0.00   0.00   0.00  
Cu  8.971340596772e-01 6.639891291133e-01 2.537918509457e-01  1 1 1   0.00   0.00   0.00  
Cu  9.496753799226e-01 8.353082858975e-01 2.482858861375e-01  1 1 1   0.00   0.00   0.00  
Cu  0.000000000000e+00 5.036280800312e-01 3.206360655241e-01  1 1 1   0.00   0.00   0.00  
Cu  8.997080919079e-01 5.033494439627e-01 3.208475045543e-01  1 1 1   0.00   0.00   0.00  
Cu  1.002919080921e-01 5.033494439627e-01 3.208475045543e-01  1 1 1   0.00   0.00   0.00  
C  0.000000000000e+00 1.081049574143e-01 4.393041647886e-01  1 1 1   0.00   0.00   0.00  
C  4.857307079014e-02 5.616670222698e-02 4.457569550330e-01  1 1 1   0.00   0.00   0.00  
C  4.859323381077e-02 9.492734616339e-01 4.458328247440e-01  1 1 1   0.00   0.00   0.00  
C  0.000000000000e+00 8.973725394451e-01 4.394549935460e-01  1 1 1   0.00   0.00   0.00  
C  9.514067661892e-01 9.492734616339e-01 4.458328247440e-01  1 1 1   0.00   0.00   0.00  
C  9.514269292098e-01 5.616670222698e-02 4.457569550330e-01  1 1 1   0.00   0.00   0.00  
C  0.000000000000e+00 2.039638453977e-01 4.138125630598e-01  1 1 1   0.00   0.00   0.00  
C  4.856310387220e-02 2.469783747086e-01 3.971648544747e-01  1 1 1   0.00   0.00   0.00  
C  9.706020340150e-02 2.050234956059e-01 4.149136068124e-01  1 1 1   0.00   0.00   0.00  
C  9.726552591831e-02 1.081775445590e-01 4.387979911964e-01  1 1 1   0.00   0.00   0.00  
C  1.459492552469e-01 5.622644037626e-02 4.442492120193e-01  1 1 1   0.00   0.00   0.00  
C  1.459586986688e-01 9.491158712057e-01 4.443261449388e-01  1 1 1   0.00   0.00   0.00  
C  9.725764056896e-02 8.971966532786e-01 4.389130718285e-01  1 1 1   0.00   0.00   0.00  
C  9.703460830255e-02 8.005323031930e-01 4.148620670103e-01  1 1 1   0.00   0.00   0.00  
C  4.853544542129e-02 7.589198519539e-01 3.969548371232e-01  1 1 1   0.00   0.00   0.00  
C  0.000000000000e+00 8.017112602070e-01 4.138193526332e-01  1 1 1   0.00   0.00   0.00  
C  9.514645545787e-01 7.589198519539e-01 3.969548371232e-01  1 1 1   0.00   0.00   0.00  
C  9.029653916974e-01 8.005323031930e-01 4.148620670103e-01  1 1 1   0.00   0.00   0.00  
C  9.027423594310e-01 8.971966532786e-01 4.389130718285e-01  1 1 1   0.00   0.00   0.00  
C  8.540413013312e-01 9.491158712057e-01 4.443261449388e-01  1 1 1   0.00   0.00   0.00  
C  8.540507447531e-01 5.622644037626e-02 4.442492120193e-01  1 1 1   0.00   0.00   0.00  
C  9.027344740817e-01 1.081775445590e-01 4.387979911964e-01  1 1 1   0.00   0.00   0.00  
C  9.029397965985e-01 2.050234956059e-01 4.149136068124e-01  1 1 1   0.00   0.00   0.00  
C  9.514368961278e-01 2.469783747086e-01 3.971648544747e-01  1 1 1   0.00   0.00   0.00  
C  9.514098494326e-01 3.242123479902e-01 3.576066404882e-01  1 1 1   0.00   0.00   0.00  
C  0.000000000000e+00 3.598652014734e-01 3.362061074605e-01  1 1 1   0.00   0.00   0.00  
C  4.859015056740e-02 3.242123479902e-01 3.576066404882e-01  1 1 1   0.00   0.00   0.00  
C  9.860233548842e-02 3.626200209285e-01 3.384396651685e-01  1 1 1   0.00   0.00   0.00  
C  1.449123731776e-01 3.311045471343e-01 3.627327955004e-01  1 1 1   0.00   0.00   0.00  
C  1.459106635601e-01 2.512415580734e-01 4.007784370162e-01  1 1 1   0.00   0.00   0.00  
C  1.935275636224e-01 2.076543886888e-01 4.172545672934e-01  1 1 1   0.00   0.00   0.00  
C  1.946164369516e-01 1.092744056729e-01 4.375409117845e-01  1 1 1   0.00   0.00   0.00  
C  2.429578479758e-01 5.421435095061e-02 4.425286877139e-01  1 1 1   0.00   0.00   0.00  
C  2.429777570438e-01 9.510574241018e-01 4.426181467601e-01  1 1 1   0.00   0.00   0.00  
C  1.946301058128e-01 8.960141980875e-01 4.376498440564e-01  1 1 1   0.00   0.00   0.00  
C  1.934945399593e-01 7.976406594715e-01 4.173182731143e-01  1 1 1   0.00   0.00   0.00  
C  1.458625692155e-01 7.542719372816e-01 4.006673763689e-01  1 1 1   0.00   0.00   0.00  
C  1.448465232189e-01 6.750585099988e-01 3.622485889170e-01  1 1 1   0.00   0.00   0.00  
C  9.855884147376e-02 6.446960030052e-01 3.374543248916e-01  1 1 1   0.00   0.00   0.00  
C  4.855612844187e-02 6.828443232921e-01 3.567917451770e-01  1 1 1   0.00   0.00   0.00  
C  0.000000000000e+00 6.481425208506e-01 3.348809962364e-01  1 1 1   0.00   0.00   0.00  
C  9.514438715581e-01 6.828443232921e-01 3.567917451770e-01  1 1 1   0.00   0.00   0.00  
C  9.014411585262e-01 6.446960030052e-01 3.374543248916e-01  1 1 1   0.00   0.00   0.00  
C  8.551534767811e-01 6.750585099988e-01 3.622485889170e-01  1 1 1   0.00   0.00   0.00  
C  8.541374307845e-01 7.542719372816e-01 4.006673763689e-01  1 1 1   0.00   0.00   0.00  
C  8.065054600407e-01 7.976406594715e-01 4.173182731143e-01  1 1 1   0.00   0.00   0.00  
C  8.053698941872e-01 8.960141980875e-01 4.376498440564e-01  1 1 1   0.00   0.00   0.00  
C  7.570222429562e-01 9.510574241018e-01 4.426181467601e-01  1 1 1   0.00   0.00   0.00  
C  7.570421520242e-01 5.421435095061e-02 4.425286877139e-01  1 1 1   0.00   0.00   0.00  
C  8.053835630484e-01 1.092744056729e-01 4.375409117845e-01  1 1 1   0.00   0.00   0.00  
C  8.064724363776e-01 2.076543886888e-01 4.172545672934e-01  1 1 1   0.00   0.00   0.00  
C  8.540893364399e-01 2.512415580734e-01 4.007784370162e-01  1 1 1   0.00   0.00   0.00  
C  8.550876268224e-01 3.311045471343e-01 3.627327955004e-01  1 1 1   0.00   0.00   0.00  
C  9.013976645116e-01 3.626200209285e-01 3.384396651685e-01  1 1 1   0.00   0.00   0.00  
H  1.826920387474e-01 3.633563913676e-01 3.500949672649e-01  1 1 1   0.00   0.00   0.00  
H  2.304853327811e-01 2.458133577925e-01 4.074749141272e-01  1 1 1   0.00   0.00   0.00  
H  2.799135786276e-01 9.629639472327e-02 4.414823712245e-01  1 1 1   0.00   0.00   0.00  
H  2.799606800551e-01 9.090702945938e-01 4.416417864915e-01  1 1 1   0.00   0.00   0.00  
H  2.304394537357e-01 7.594819546486e-01 4.075152656644e-01  1 1 1   0.00   0.00   0.00  
H  1.826163011472e-01 6.427868434654e-01 3.495812043337e-01  1 1 1   0.00   0.00   0.00  
H  8.173836988528e-01 6.427868434654e-01 3.495812043337e-01  1 1 1   0.00   0.00   0.00  
H  7.695605462643e-01 7.594819546486e-01 4.075152656644e-01  1 1 1   0.00   0.00   0.00  
H  7.200393199449e-01 9.090702945938e-01 4.416417864915e-01  1 1 1   0.00   0.00   0.00  
H  7.200864213724e-01 9.629639472327e-02 4.414823712245e-01  1 1 1   0.00   0.00   0.00  
H  7.695146672189e-01 2.458133577925e-01 4.074749141272e-01  1 1 1   0.00   0.00   0.00  
H  8.173079612526e-01 3.633563913676e-01 3.500949672649e-01  1 1 1   0.00   0.00   0.00  
"  
