description="chl-a.xyz"  
#******** REAL SPACE GRID ********   
wavefunction_grid="288 152 104"  
potential_grid_refinement="2"  
  
#******* CONTROL OPTIONS *******  
start_mode          ="LCAO Start"  
calculation_mode    ="TDDFT "  
kohn_sham_solver    ="davidson"  
subdiag_driver      ="auto"  
#auto: if cuda available, use cusolver, otherwise use lapack for n<128 and scaplack for large system  
cube_rho = "True"  
tddft_steps = "2000"  
tddft_time_step = "1.000000"  
electric_field_magnitude = "0.001000"  
electric_field_vector = "0  0  1"  
restart_tddft = "False"  
unoccupied_states_per_kpoint = "2000"  
unoccupied_tol_factor = "1.000000"  
  
#********* K POINT SETUP *********  
kpoint_mesh = "1 1 1"  
kpoint_is_shift = "0 0 0"  
  
#******* Pseudopotentials *******   
internal_pseudo_type = "nc_accuracy"  
#use Optimized Norm-Conserving Vanderbilt (ONCV) pseudopotenitals  
#those pseudopotentials are built in with RMG  
write_pseudopotential_plots ="False"  
  
#*****Exchange Correlation ******  
exchange_correlation_type="AUTO_XC"  
#AUTO_XC: XC will be determined from pseudopotential  
  
#****  LATTICE and ATOMS  ****   
bravais_lattice_type="Orthorhombic Primitive"  
crds_units = "Angstrom"  
lattice_units = "Angstrom"  
a_length="     45.45522475"  
b_length="     22.99861955"  
c_length="     16.29104374"  
atomic_coordinate_type = "Absolute"  
atoms="  
C  3.978989643560e+01 1.168531310040e+01 6.148977811500e+00  1 1 1   0.00   0.00   0.00  
H  4.045522475440e+01 1.247791701710e+01 5.735582468500e+00  1 1 1   0.00   0.00   0.00  
H  3.974069343660e+01 1.086255267150e+01 5.393502617100e+00  1 1 1   0.00   0.00   0.00  
H  4.029924201430e+01 1.126594039460e+01 7.053644121800e+00  1 1 1   0.00   0.00   0.00  
Mg  3.419743232600e+01 1.155983765350e+01 7.705438910900e+00  1 1 1   0.00   0.00   0.00  
N  3.483664702940e+01 9.583621216400e+00 7.728563568000e+00  1 1 1   0.00   0.00   0.00  
N  3.612083032570e+01 1.223473713040e+01 7.114985607800e+00  1 1 1   0.00   0.00   0.00  
N  3.358790189130e+01 1.353011832000e+01 7.669119097000e+00  1 1 1   0.00   0.00   0.00  
N  3.215793099420e+01 1.095425393390e+01 8.294286374800e+00  1 1 1   0.00   0.00   0.00  
C  3.103407077510e+01 1.178651978410e+01 8.449423866100e+00  1 1 1   0.00   0.00   0.00  
C  2.976734312720e+01 1.095995345420e+01 8.829940698700e+00  1 1 1   0.00   0.00   0.00  
C  3.037427441860e+01 9.523101699500e+00 9.148504855100e+00  1 1 1   0.00   0.00   0.00  
C  3.183505230390e+01 9.637714261500e+00 8.601655137200e+00  1 1 1   0.00   0.00   0.00  
C  3.269428027280e+01 8.516120055000e+00 8.474660824900e+00  1 1 1   0.00   0.00   0.00  
C  3.407171942860e+01 8.460999629500e+00 8.059358457600e+00  1 1 1   0.00   0.00   0.00  
C  3.489132843640e+01 7.234006973500e+00 7.930899781500e+00  1 1 1   0.00   0.00   0.00  
C  3.617552311210e+01 7.645779982300e+00 7.507137837700e+00  1 1 1   0.00   0.00   0.00  
C  3.613104305770e+01 9.133126962300e+00 7.395054918000e+00  1 1 1   0.00   0.00   0.00  
C  3.720549939770e+01 9.979286524000e+00 6.999746607500e+00  1 1 1   0.00   0.00   0.00  
C  3.722628556520e+01 1.141176721950e+01 6.875339455800e+00  1 1 1   0.00   0.00   0.00  
C  3.839586341640e+01 1.223524862660e+01 6.482824134700e+00  1 1 1   0.00   0.00   0.00  
C  3.796964867160e+01 1.357507660250e+01 6.493874589000e+00  1 1 1   0.00   0.00   0.00  
C  3.653759054010e+01 1.356416948040e+01 6.890471931400e+00  1 1 1   0.00   0.00   0.00  
C  3.568620079010e+01 1.471029280190e+01 7.009753228200e+00  1 1 1   0.00   0.00   0.00  
C  3.430232375010e+01 1.472954612840e+01 7.366255286900e+00  1 1 1   0.00   0.00   0.00  
C  3.339474572170e+01 1.589622102640e+01 7.467035421700e+00  1 1 1   0.00   0.00   0.00  
C  3.213550442320e+01 1.534906506260e+01 7.831550324500e+00  1 1 1   0.00   0.00   0.00  
C  3.230370967640e+01 1.391313260370e+01 7.942140238000e+00  1 1 1   0.00   0.00   0.00  
C  3.110807193110e+01 1.318783615480e+01 8.283311690200e+00  1 1 1   0.00   0.00   0.00  
C  2.996575762910e+01 1.425665625420e+01 8.398383511500e+00  1 1 1   0.00   0.00   0.00  
C  3.071915805220e+01 1.569686006100e+01 8.095802477200e+00  1 1 1   0.00   0.00   0.00  
O  3.013939021680e+01 1.679679742890e+01 8.081152887000e+00  1 1 1   0.00   0.00   0.00  
H  3.223359649130e+01 7.544203324000e+00 8.729733165000e+00  1 1 1   0.00   0.00   0.00  
H  3.815308520700e+01 9.468253676000e+00 6.753674197100e+00  1 1 1   0.00   0.00   0.00  
H  3.614943180470e+01 1.569022650640e+01 6.793538668300e+00  1 1 1   0.00   0.00   0.00  
C  2.925931327630e+01 1.428812440090e+01 9.803334949500e+00  1 1 1   0.00   0.00   0.00  
O  2.981568779130e+01 1.390105683270e+01 1.083561681360e+01  1 1 1   0.00   0.00   0.00  
O  2.795944097550e+01 1.478375175760e+01 9.907438998900e+00  1 1 1   0.00   0.00   0.00  
C  2.717267893490e+01 1.522811722470e+01 8.724618914100e+00  1 1 1   0.00   0.00   0.00  
H  2.624844613880e+01 1.566364639450e+01 9.163787539700e+00  1 1 1   0.00   0.00   0.00  
H  2.771886375010e+01 1.600688275750e+01 8.150449066100e+00  1 1 1   0.00   0.00   0.00  
H  2.689794648950e+01 1.435887033900e+01 8.080629041300e+00  1 1 1   0.00   0.00   0.00  
H  2.920966673420e+01 1.413437552860e+01 7.589544748200e+00  1 1 1   0.00   0.00   0.00  
C  3.034124310670e+01 9.159935888300e+00 1.068574509880e+01  1 1 1   0.00   0.00   0.00  
H  2.982206364320e+01 8.725085551600e+00 8.593275305000e+00  1 1 1   0.00   0.00   0.00  
H  2.928641881930e+01 9.105317591200e+00 1.104921689850e+01  1 1 1   0.00   0.00   0.00  
H  3.082421751170e+01 8.172195514200e+00 1.087840763720e+01  1 1 1   0.00   0.00   0.00  
H  3.087598227310e+01 9.930419667200e+00 1.129104374000e+01  1 1 1   0.00   0.00   0.00  
C  3.441040414560e+01 5.816044915800e+00 8.260493166600e+00  1 1 1   0.00   0.00   0.00  
H  3.526868575260e+01 5.145906187400e+00 8.497218265400e+00  1 1 1   0.00   0.00   0.00  
H  3.372293786550e+01 5.811755380300e+00 9.140283432500e+00  1 1 1   0.00   0.00   0.00  
H  3.385181625990e+01 5.350517129400e+00 7.408054375200e+00  1 1 1   0.00   0.00   0.00  
C  3.739076010080e+01 6.827178296000e+00 7.242314990900e+00  1 1 1   0.00   0.00   0.00  
C  3.744366288730e+01 5.557444631100e+00 6.733695010700e+00  1 1 1   0.00   0.00   0.00  
H  3.835737935110e+01 7.319899930500e+00 7.478861552800e+00  1 1 1   0.00   0.00   0.00  
H  3.654311853020e+01 5.000000000000e+00 6.417944990100e+00  1 1 1   0.00   0.00   0.00  
H  3.841365887870e+01 5.043857641500e+00 6.593229507400e+00  1 1 1   0.00   0.00   0.00  
C  3.880620415510e+01 1.483450331570e+01 6.205729328900e+00  1 1 1   0.00   0.00   0.00  
C  3.946347743560e+01 1.546939935530e+01 7.496764208500e+00  1 1 1   0.00   0.00   0.00  
H  4.016302844930e+01 1.474893645000e+01 7.984328555800e+00  1 1 1   0.00   0.00   0.00  
H  4.003925208930e+01 1.638995360330e+01 7.233402154500e+00  1 1 1   0.00   0.00   0.00  
H  3.868568485670e+01 1.574685133960e+01 8.247437989700e+00  1 1 1   0.00   0.00   0.00  
H  3.817108042990e+01 1.560788829690e+01 5.706989654000e+00  1 1 1   0.00   0.00   0.00  
H  3.961483267890e+01 1.459049441090e+01 5.474363701500e+00  1 1 1   0.00   0.00   0.00  
C  3.373999925550e+01 1.736928450670e+01 7.230523053200e+00  1 1 1   0.00   0.00   0.00  
H  3.416485614510e+01 1.753675986880e+01 6.209257461300e+00  1 1 1   0.00   0.00   0.00  
H  3.282776915030e+01 1.799861954600e+01 7.335169370000e+00  1 1 1   0.00   0.00   0.00  
H  3.450015164480e+01 1.773826069330e+01 7.964265408900e+00  1 1 1   0.00   0.00   0.00  
H  2.930956179010e+01 1.140072602130e+01 9.747283192200e+00  1 1 1   0.00   0.00   0.00  
C  2.866878062870e+01 1.095750451880e+01 7.685152736700e+00  1 1 1   0.00   0.00   0.00  
C  2.725878648260e+01 1.044448308210e+01 8.181147430100e+00  1 1 1   0.00   0.00   0.00  
C  2.612985588530e+01 1.079293644240e+01 7.164051024100e+00  1 1 1   0.00   0.00   0.00  
O  2.587338519430e+01 1.194596871990e+01 6.783044491800e+00  1 1 1   0.00   0.00   0.00  
O  2.547299058410e+01 9.645112362100e+00 6.744970957100e+00  1 1 1   0.00   0.00   0.00  
C  2.429367149790e+01 9.831547012700e+00 5.802254454800e+00  1 1 1   0.00   0.00   0.00  
C  2.298280209820e+01 9.882122199700e+00 6.584234400300e+00  1 1 1   0.00   0.00   0.00  
C  2.208784138300e+01 1.091817138650e+01 6.660234613000e+00  1 1 1   0.00   0.00   0.00  
C  2.227893537620e+01 1.228992975480e+01 5.967032718700e+00  1 1 1   0.00   0.00   0.00  
C  2.076793443890e+01 1.073046895030e+01 7.456545356500e+00  1 1 1   0.00   0.00   0.00  
C  1.948417191360e+01 1.055198600880e+01 6.543198906200e+00  1 1 1   0.00   0.00   0.00  
C  1.816672303810e+01 1.034775521630e+01 7.382294190400e+00  1 1 1   0.00   0.00   0.00  
C  1.683604166690e+01 1.020348803020e+01 6.530911005600e+00  1 1 1   0.00   0.00   0.00  
H  1.681491400410e+01 1.105503434070e+01 5.798440709100e+00  1 1 1   0.00   0.00   0.00  
C  1.680725065360e+01 8.859768409600e+00 5.705412350300e+00  1 1 1   0.00   0.00   0.00  
C  1.556602904130e+01 1.035736071240e+01 7.467893512500e+00  1 1 1   0.00   0.00   0.00  
C  1.418589439050e+01 1.051136846330e+01 6.722807512900e+00  1 1 1   0.00   0.00   0.00  
C  1.298074142640e+01 1.075456317360e+01 7.708076050100e+00  1 1 1   0.00   0.00   0.00  
C  1.157689651550e+01 1.102608559000e+01 7.021629448000e+00  1 1 1   0.00   0.00   0.00  
H  1.171409697720e+01 1.188293708010e+01 6.308709509200e+00  1 1 1   0.00   0.00   0.00  
C  1.107656060680e+01 9.782837093100e+00 6.190127457600e+00  1 1 1   0.00   0.00   0.00  
C  1.051572730000e+01 1.148328873910e+01 8.109135595900e+00  1 1 1   0.00   0.00   0.00  
C  9.172282895800e+00 1.207471555480e+01 7.536889390600e+00  1 1 1   0.00   0.00   0.00  
C  8.202067226200e+00 1.260103126280e+01 8.662182831200e+00  1 1 1   0.00   0.00   0.00  
C  6.877804297200e+00 1.329781005550e+01 8.145459366000e+00  1 1 1   0.00   0.00   0.00  
C  5.906902941700e+00 1.230195296220e+01 7.405459031600e+00  1 1 1   0.00   0.00   0.00  
C  6.129571207200e+00 1.402572052600e+01 9.325394514300e+00  1 1 1   0.00   0.00   0.00  
H  2.853378921700e+01 1.198921073600e+01 7.291075514700e+00  1 1 1   0.00   0.00   0.00  
H  2.902042585290e+01 1.033245498710e+01 6.826549718400e+00  1 1 1   0.00   0.00   0.00  
H  2.726415994870e+01 9.350155399100e+00 8.386634811900e+00  1 1 1   0.00   0.00   0.00  
H  2.699832573360e+01 1.097125782320e+01 9.132912080800e+00  1 1 1   0.00   0.00   0.00  
H  2.448032833190e+01 1.072452214480e+01 5.173334321400e+00  1 1 1   0.00   0.00   0.00  
H  2.434934853960e+01 8.913271625000e+00 5.173089156300e+00  1 1 1   0.00   0.00   0.00  
H  2.275255767120e+01 8.945886994500e+00 7.135449196900e+00  1 1 1   0.00   0.00   0.00  
H  2.171732952610e+01 1.234638547100e+01 5.000000000000e+00  1 1 1   0.00   0.00   0.00  
H  2.187797408100e+01 1.310791664450e+01 6.614698084400e+00  1 1 1   0.00   0.00   0.00  
H  2.334813154130e+01 1.251703874620e+01 5.762522053700e+00  1 1 1   0.00   0.00   0.00  
H  2.085715245700e+01 9.836904425300e+00 8.122205373500e+00  1 1 1   0.00   0.00   0.00  
H  2.060911770300e+01 1.161596511390e+01 8.125144961900e+00  1 1 1   0.00   0.00   0.00  
H  1.936075771480e+01 1.144896558850e+01 5.884661850000e+00  1 1 1   0.00   0.00   0.00  
H  1.965654752470e+01 9.681018991300e+00 5.864918519200e+00  1 1 1   0.00   0.00   0.00  
H  1.805332885520e+01 1.122316710750e+01 8.071974171300e+00  1 1 1   0.00   0.00   0.00  
H  1.828240804500e+01 9.447066301600e+00 8.040739189600e+00  1 1 1   0.00   0.00   0.00  
H  1.680698493560e+01 7.972595250100e+00 6.387666569900e+00  1 1 1   0.00   0.00   0.00  
H  1.589944320270e+01 8.789692195100e+00 5.060722590000e+00  1 1 1   0.00   0.00   0.00  
H  1.769267222950e+01 8.767286970100e+00 5.032565470000e+00  1 1 1   0.00   0.00   0.00  
H  1.551472472490e+01 9.479043807700e+00 8.164303823600e+00  1 1 1   0.00   0.00   0.00  
H  1.571614113000e+01 1.125792197910e+01 8.117289743600e+00  1 1 1   0.00   0.00   0.00  
H  1.425259644910e+01 1.137187840440e+01 6.006040294200e+00  1 1 1   0.00   0.00   0.00  
H  1.398850162610e+01 9.603015640100e+00 6.104356436700e+00  1 1 1   0.00   0.00   0.00  
H  1.322913922120e+01 1.163252874060e+01 8.358758897300e+00  1 1 1   0.00   0.00   0.00  
H  1.288473595310e+01 9.875791783300e+00 8.398852694100e+00  1 1 1   0.00   0.00   0.00  
H  1.008012461890e+01 9.969400261400e+00 5.724565668200e+00  1 1 1   0.00   0.00   0.00  
H  1.098166000790e+01 8.878662979500e+00 6.843016013800e+00  1 1 1   0.00   0.00   0.00  
H  1.178031561570e+01 9.528359480000e+00 5.362365024700e+00  1 1 1   0.00   0.00   0.00  
H  1.099227025520e+01 1.226097538050e+01 8.759723039400e+00  1 1 1   0.00   0.00   0.00  
H  1.028210718100e+01 1.061744285230e+01 8.782964348500e+00  1 1 1   0.00   0.00   0.00  
H  8.650250862600e+00 1.129989652080e+01 6.924623142400e+00  1 1 1   0.00   0.00   0.00  
H  9.413694406800e+00 1.291804220200e+01 6.837855252800e+00  1 1 1   0.00   0.00   0.00  
H  8.761574076800e+00 1.333928336090e+01 9.293107826500e+00  1 1 1   0.00   0.00   0.00  
H  7.930724393600e+00 1.175405380680e+01 9.346022765200e+00  1 1 1   0.00   0.00   0.00  
H  7.182938877100e+00 1.408595581300e+01 7.406236340600e+00  1 1 1   0.00   0.00   0.00  
H  5.559193788300e+00 1.149244054600e+01 8.095746903100e+00  1 1 1   0.00   0.00   0.00  
H  6.394790975900e+00 1.181336545170e+01 6.528859362500e+00  1 1 1   0.00   0.00   0.00  
H  5.000000000000e+00 1.283630256720e+01 7.030055686300e+00  1 1 1   0.00   0.00   0.00  
H  5.798833204000e+00 1.329757401460e+01 1.010801476420e+01  1 1 1   0.00   0.00   0.00  
H  6.788515201500e+00 1.478005159430e+01 9.821028009200e+00  1 1 1   0.00   0.00   0.00  
H  5.219228556400e+00 1.455834072960e+01 8.955766525600e+00  1 1 1   0.00   0.00   0.00  
"  
