description="Cu111-vac15
"  
#******** REAL SPACE GRID ********   
wavefunction_grid="128 80 128"  
potential_grid_refinement="2"  
  
#******* CONTROL OPTIONS *******  
start_mode          ="LCAO Start"  
calculation_mode    ="Quench Electrons  "  
kohn_sham_solver    ="davidson"  
subdiag_driver      ="auto"  
#auto: if cuda available, use cusolver, otherwise use lapack for n<128 and scaplack for large system  
cube_rho = "True"  
  
#********* K POINT SETUP *********  
kpoint_mesh = "1 1 1"  
kpoint_is_shift = "0 0 0"  
  
#******* Pseudopotentials *******   
internal_pseudo_type = "sg15"  
#use Optimized Norm-Conserving Vanderbilt (ONCV) pseudopotenitals  
#those pseudopotentials are built in with RMG  
write_pseudopotential_plots ="False"  
  
#*****Exchange Correlation ******  
exchange_correlation_type="AUTO_XC"  
#AUTO_XC: XC will be determined from pseudopotential  
  
#****  LATTICE and ATOMS  ****   
bravais_lattice_type="None"  
crds_units = "Angstrom"  
lattice_units = "Angstrom"  
lattice_vector="  
 2.545879900000e+01  0.000000000000e+00  0.000000000000e+00   
 1.272940000000e+00  1.543357666667e+01  0.000000000000e+00   
 0.000000000000e+00  0.000000000000e+00  2.500000000000e+01   
"  
atomic_coordinate_type = "Absolute"  
atoms="  
Cu  0.000000000000e+00 0.000000000000e+00 0.000000000000e+00  1 1 1   0.00   0.00   0.00  
Cu  1.272940000000e+00 2.204800000000e+00 0.000000000000e+00  1 1 1   0.00   0.00   0.00  
Cu  1.272940000000e+00 7.349300000000e-01 2.078700000000e+00  1 1 1   0.00   0.00   0.00  
Cu  0.000000000000e+00 2.939730000000e+00 2.078700000000e+00  1 1 1   0.00   0.00   0.00  
Cu  0.000000000000e+00 1.469860000000e+00 4.157410000000e+00  1 1 1   0.00   0.00   0.00  
Cu  1.272940000000e+00 3.674660000000e+00 4.157410000000e+00  1 1 1   0.00   0.00   0.00  
Cu  0.000000000000e+00 0.000000000000e+00 6.236110000000e+00  1 1 1   0.00   0.00   0.00  
Cu  1.272940000000e+00 2.204800000000e+00 6.236110000000e+00  1 1 1   0.00   0.00   0.00  
Cu  2.545880000000e+00 0.000000000000e+00 0.000000000000e+00  1 1 1   0.00   0.00   0.00  
Cu  3.818820000000e+00 2.204800000000e+00 0.000000000000e+00  1 1 1   0.00   0.00   0.00  
Cu  3.818820000000e+00 7.349300000000e-01 2.078700000000e+00  1 1 1   0.00   0.00   0.00  
Cu  2.545880000000e+00 2.939730000000e+00 2.078700000000e+00  1 1 1   0.00   0.00   0.00  
Cu  2.545880000000e+00 1.469860000000e+00 4.157410000000e+00  1 1 1   0.00   0.00   0.00  
Cu  3.818820000000e+00 3.674660000000e+00 4.157410000000e+00  1 1 1   0.00   0.00   0.00  
Cu  2.545880000000e+00 0.000000000000e+00 6.236110000000e+00  1 1 1   0.00   0.00   0.00  
Cu  3.818820000000e+00 2.204800000000e+00 6.236110000000e+00  1 1 1   0.00   0.00   0.00  
Cu  5.091760000000e+00 0.000000000000e+00 0.000000000000e+00  1 1 1   0.00   0.00   0.00  
Cu  6.364700000000e+00 2.204800000000e+00 0.000000000000e+00  1 1 1   0.00   0.00   0.00  
Cu  6.364700000000e+00 7.349300000000e-01 2.078700000000e+00  1 1 1   0.00   0.00   0.00  
Cu  5.091760000000e+00 2.939730000000e+00 2.078700000000e+00  1 1 1   0.00   0.00   0.00  
Cu  5.091760000000e+00 1.469860000000e+00 4.157410000000e+00  1 1 1   0.00   0.00   0.00  
Cu  6.364700000000e+00 3.674660000000e+00 4.157410000000e+00  1 1 1   0.00   0.00   0.00  
Cu  5.091760000000e+00 0.000000000000e+00 6.236110000000e+00  1 1 1   0.00   0.00   0.00  
Cu  6.364700000000e+00 2.204800000000e+00 6.236110000000e+00  1 1 1   0.00   0.00   0.00  
Cu  7.637640000000e+00 0.000000000000e+00 0.000000000000e+00  1 1 1   0.00   0.00   0.00  
Cu  8.910580000000e+00 2.204800000000e+00 0.000000000000e+00  1 1 1   0.00   0.00   0.00  
Cu  8.910580000000e+00 7.349300000000e-01 2.078700000000e+00  1 1 1   0.00   0.00   0.00  
Cu  7.637640000000e+00 2.939730000000e+00 2.078700000000e+00  1 1 1   0.00   0.00   0.00  
Cu  7.637640000000e+00 1.469860000000e+00 4.157410000000e+00  1 1 1   0.00   0.00   0.00  
Cu  8.910580000000e+00 3.674660000000e+00 4.157410000000e+00  1 1 1   0.00   0.00   0.00  
Cu  7.637640000000e+00 0.000000000000e+00 6.236110000000e+00  1 1 1   0.00   0.00   0.00  
Cu  8.910580000000e+00 2.204800000000e+00 6.236110000000e+00  1 1 1   0.00   0.00   0.00  
Cu  1.018352000000e+01 0.000000000000e+00 0.000000000000e+00  1 1 1   0.00   0.00   0.00  
Cu  1.145646000000e+01 2.204800000000e+00 0.000000000000e+00  1 1 1   0.00   0.00   0.00  
Cu  1.145646000000e+01 7.349300000000e-01 2.078700000000e+00  1 1 1   0.00   0.00   0.00  
Cu  1.018352000000e+01 2.939730000000e+00 2.078700000000e+00  1 1 1   0.00   0.00   0.00  
Cu  1.018352000000e+01 1.469860000000e+00 4.157410000000e+00  1 1 1   0.00   0.00   0.00  
Cu  1.145646000000e+01 3.674660000000e+00 4.157410000000e+00  1 1 1   0.00   0.00   0.00  
Cu  1.018352000000e+01 0.000000000000e+00 6.236110000000e+00  1 1 1   0.00   0.00   0.00  
Cu  1.145646000000e+01 2.204800000000e+00 6.236110000000e+00  1 1 1   0.00   0.00   0.00  
Cu  1.272940000000e+01 0.000000000000e+00 0.000000000000e+00  1 1 1   0.00   0.00   0.00  
Cu  1.400234000000e+01 2.204800000000e+00 0.000000000000e+00  1 1 1   0.00   0.00   0.00  
Cu  1.400234000000e+01 7.349300000000e-01 2.078700000000e+00  1 1 1   0.00   0.00   0.00  
Cu  1.272940000000e+01 2.939730000000e+00 2.078700000000e+00  1 1 1   0.00   0.00   0.00  
Cu  1.272940000000e+01 1.469860000000e+00 4.157410000000e+00  1 1 1   0.00   0.00   0.00  
Cu  1.400234000000e+01 3.674660000000e+00 4.157410000000e+00  1 1 1   0.00   0.00   0.00  
Cu  1.272940000000e+01 0.000000000000e+00 6.236110000000e+00  1 1 1   0.00   0.00   0.00  
Cu  1.400234000000e+01 2.204800000000e+00 6.236110000000e+00  1 1 1   0.00   0.00   0.00  
Cu  1.527528000000e+01 0.000000000000e+00 0.000000000000e+00  1 1 1   0.00   0.00   0.00  
Cu  1.654822000000e+01 2.204800000000e+00 0.000000000000e+00  1 1 1   0.00   0.00   0.00  
Cu  1.654822000000e+01 7.349300000000e-01 2.078700000000e+00  1 1 1   0.00   0.00   0.00  
Cu  1.527528000000e+01 2.939730000000e+00 2.078700000000e+00  1 1 1   0.00   0.00   0.00  
Cu  1.527528000000e+01 1.469860000000e+00 4.157410000000e+00  1 1 1   0.00   0.00   0.00  
Cu  1.654822000000e+01 3.674660000000e+00 4.157410000000e+00  1 1 1   0.00   0.00   0.00  
Cu  1.527528000000e+01 0.000000000000e+00 6.236110000000e+00  1 1 1   0.00   0.00   0.00  
Cu  1.654822000000e+01 2.204800000000e+00 6.236110000000e+00  1 1 1   0.00   0.00   0.00  
Cu  1.782116000000e+01 0.000000000000e+00 0.000000000000e+00  1 1 1   0.00   0.00   0.00  
Cu  1.909410000000e+01 2.204800000000e+00 0.000000000000e+00  1 1 1   0.00   0.00   0.00  
Cu  1.909410000000e+01 7.349300000000e-01 2.078700000000e+00  1 1 1   0.00   0.00   0.00  
Cu  1.782116000000e+01 2.939730000000e+00 2.078700000000e+00  1 1 1   0.00   0.00   0.00  
Cu  1.782116000000e+01 1.469860000000e+00 4.157410000000e+00  1 1 1   0.00   0.00   0.00  
Cu  1.909410000000e+01 3.674660000000e+00 4.157410000000e+00  1 1 1   0.00   0.00   0.00  
Cu  1.782116000000e+01 0.000000000000e+00 6.236110000000e+00  1 1 1   0.00   0.00   0.00  
Cu  1.909410000000e+01 2.204800000000e+00 6.236110000000e+00  1 1 1   0.00   0.00   0.00  
Cu  2.036704000000e+01 0.000000000000e+00 0.000000000000e+00  1 1 1   0.00   0.00   0.00  
Cu  2.163998000000e+01 2.204800000000e+00 0.000000000000e+00  1 1 1   0.00   0.00   0.00  
Cu  2.163998000000e+01 7.349300000000e-01 2.078700000000e+00  1 1 1   0.00   0.00   0.00  
Cu  2.036704000000e+01 2.939730000000e+00 2.078700000000e+00  1 1 1   0.00   0.00   0.00  
Cu  2.036704000000e+01 1.469860000000e+00 4.157410000000e+00  1 1 1   0.00   0.00   0.00  
Cu  2.163998000000e+01 3.674660000000e+00 4.157410000000e+00  1 1 1   0.00   0.00   0.00  
Cu  2.036704000000e+01 0.000000000000e+00 6.236110000000e+00  1 1 1   0.00   0.00   0.00  
Cu  2.163998000000e+01 2.204800000000e+00 6.236110000000e+00  1 1 1   0.00   0.00   0.00  
Cu  2.291292000000e+01 0.000000000000e+00 0.000000000000e+00  1 1 1   0.00   0.00   0.00  
Cu  2.418586000000e+01 2.204800000000e+00 0.000000000000e+00  1 1 1   0.00   0.00   0.00  
Cu  2.418586000000e+01 7.349300000000e-01 2.078700000000e+00  1 1 1   0.00   0.00   0.00  
Cu  2.291292000000e+01 2.939730000000e+00 2.078700000000e+00  1 1 1   0.00   0.00   0.00  
Cu  2.291292000000e+01 1.469860000000e+00 4.157410000000e+00  1 1 1   0.00   0.00   0.00  
Cu  2.418586000000e+01 3.674660000000e+00 4.157410000000e+00  1 1 1   0.00   0.00   0.00  
Cu  2.291292000000e+01 0.000000000000e+00 6.236110000000e+00  1 1 1   0.00   0.00   0.00  
Cu  2.418586000000e+01 2.204800000000e+00 6.236110000000e+00  1 1 1   0.00   0.00   0.00  
Cu  0.000000000000e+00 4.409590000000e+00 0.000000000000e+00  1 1 1   0.00   0.00   0.00  
Cu  1.272940000000e+00 6.614390000000e+00 0.000000000000e+00  1 1 1   0.00   0.00   0.00  
Cu  1.272940000000e+00 5.144530000000e+00 2.078700000000e+00  1 1 1   0.00   0.00   0.00  
Cu  0.000000000000e+00 7.349320000000e+00 2.078700000000e+00  1 1 1   0.00   0.00   0.00  
Cu  0.000000000000e+00 5.879460000000e+00 4.157410000000e+00  1 1 1   0.00   0.00   0.00  
Cu  1.272940000000e+00 8.084250000000e+00 4.157410000000e+00  1 1 1   0.00   0.00   0.00  
Cu  0.000000000000e+00 4.409590000000e+00 6.236110000000e+00  1 1 1   0.00   0.00   0.00  
Cu  1.272940000000e+00 6.614390000000e+00 6.236110000000e+00  1 1 1   0.00   0.00   0.00  
Cu  2.545880000000e+00 4.409590000000e+00 0.000000000000e+00  1 1 1   0.00   0.00   0.00  
Cu  3.818820000000e+00 6.614390000000e+00 0.000000000000e+00  1 1 1   0.00   0.00   0.00  
Cu  3.818820000000e+00 5.144530000000e+00 2.078700000000e+00  1 1 1   0.00   0.00   0.00  
Cu  2.545880000000e+00 7.349320000000e+00 2.078700000000e+00  1 1 1   0.00   0.00   0.00  
Cu  2.545880000000e+00 5.879460000000e+00 4.157410000000e+00  1 1 1   0.00   0.00   0.00  
Cu  3.818820000000e+00 8.084250000000e+00 4.157410000000e+00  1 1 1   0.00   0.00   0.00  
Cu  2.545880000000e+00 4.409590000000e+00 6.236110000000e+00  1 1 1   0.00   0.00   0.00  
Cu  3.818820000000e+00 6.614390000000e+00 6.236110000000e+00  1 1 1   0.00   0.00   0.00  
Cu  5.091760000000e+00 4.409590000000e+00 0.000000000000e+00  1 1 1   0.00   0.00   0.00  
Cu  6.364700000000e+00 6.614390000000e+00 0.000000000000e+00  1 1 1   0.00   0.00   0.00  
Cu  6.364700000000e+00 5.144530000000e+00 2.078700000000e+00  1 1 1   0.00   0.00   0.00  
Cu  5.091760000000e+00 7.349320000000e+00 2.078700000000e+00  1 1 1   0.00   0.00   0.00  
Cu  5.091760000000e+00 5.879460000000e+00 4.157410000000e+00  1 1 1   0.00   0.00   0.00  
Cu  6.364700000000e+00 8.084250000000e+00 4.157410000000e+00  1 1 1   0.00   0.00   0.00  
Cu  5.091760000000e+00 4.409590000000e+00 6.236110000000e+00  1 1 1   0.00   0.00   0.00  
Cu  6.364700000000e+00 6.614390000000e+00 6.236110000000e+00  1 1 1   0.00   0.00   0.00  
Cu  7.637640000000e+00 4.409590000000e+00 0.000000000000e+00  1 1 1   0.00   0.00   0.00  
Cu  8.910580000000e+00 6.614390000000e+00 0.000000000000e+00  1 1 1   0.00   0.00   0.00  
Cu  8.910580000000e+00 5.144530000000e+00 2.078700000000e+00  1 1 1   0.00   0.00   0.00  
Cu  7.637640000000e+00 7.349320000000e+00 2.078700000000e+00  1 1 1   0.00   0.00   0.00  
Cu  7.637640000000e+00 5.879460000000e+00 4.157410000000e+00  1 1 1   0.00   0.00   0.00  
Cu  8.910580000000e+00 8.084250000000e+00 4.157410000000e+00  1 1 1   0.00   0.00   0.00  
Cu  7.637640000000e+00 4.409590000000e+00 6.236110000000e+00  1 1 1   0.00   0.00   0.00  
Cu  8.910580000000e+00 6.614390000000e+00 6.236110000000e+00  1 1 1   0.00   0.00   0.00  
Cu  1.018352000000e+01 4.409590000000e+00 0.000000000000e+00  1 1 1   0.00   0.00   0.00  
Cu  1.145646000000e+01 6.614390000000e+00 0.000000000000e+00  1 1 1   0.00   0.00   0.00  
Cu  1.145646000000e+01 5.144530000000e+00 2.078700000000e+00  1 1 1   0.00   0.00   0.00  
Cu  1.018352000000e+01 7.349320000000e+00 2.078700000000e+00  1 1 1   0.00   0.00   0.00  
Cu  1.018352000000e+01 5.879460000000e+00 4.157410000000e+00  1 1 1   0.00   0.00   0.00  
Cu  1.145646000000e+01 8.084250000000e+00 4.157410000000e+00  1 1 1   0.00   0.00   0.00  
Cu  1.018352000000e+01 4.409590000000e+00 6.236110000000e+00  1 1 1   0.00   0.00   0.00  
Cu  1.145646000000e+01 6.614390000000e+00 6.236110000000e+00  1 1 1   0.00   0.00   0.00  
Cu  1.272940000000e+01 4.409590000000e+00 0.000000000000e+00  1 1 1   0.00   0.00   0.00  
Cu  1.400234000000e+01 6.614390000000e+00 0.000000000000e+00  1 1 1   0.00   0.00   0.00  
Cu  1.400234000000e+01 5.144530000000e+00 2.078700000000e+00  1 1 1   0.00   0.00   0.00  
Cu  1.272940000000e+01 7.349320000000e+00 2.078700000000e+00  1 1 1   0.00   0.00   0.00  
Cu  1.272940000000e+01 5.879460000000e+00 4.157410000000e+00  1 1 1   0.00   0.00   0.00  
Cu  1.400234000000e+01 8.084250000000e+00 4.157410000000e+00  1 1 1   0.00   0.00   0.00  
Cu  1.272940000000e+01 4.409590000000e+00 6.236110000000e+00  1 1 1   0.00   0.00   0.00  
Cu  1.400234000000e+01 6.614390000000e+00 6.236110000000e+00  1 1 1   0.00   0.00   0.00  
Cu  1.527528000000e+01 4.409590000000e+00 0.000000000000e+00  1 1 1   0.00   0.00   0.00  
Cu  1.654822000000e+01 6.614390000000e+00 0.000000000000e+00  1 1 1   0.00   0.00   0.00  
Cu  1.654822000000e+01 5.144530000000e+00 2.078700000000e+00  1 1 1   0.00   0.00   0.00  
Cu  1.527528000000e+01 7.349320000000e+00 2.078700000000e+00  1 1 1   0.00   0.00   0.00  
Cu  1.527528000000e+01 5.879460000000e+00 4.157410000000e+00  1 1 1   0.00   0.00   0.00  
Cu  1.654822000000e+01 8.084250000000e+00 4.157410000000e+00  1 1 1   0.00   0.00   0.00  
Cu  1.527528000000e+01 4.409590000000e+00 6.236110000000e+00  1 1 1   0.00   0.00   0.00  
Cu  1.654822000000e+01 6.614390000000e+00 6.236110000000e+00  1 1 1   0.00   0.00   0.00  
Cu  1.782116000000e+01 4.409590000000e+00 0.000000000000e+00  1 1 1   0.00   0.00   0.00  
Cu  1.909410000000e+01 6.614390000000e+00 0.000000000000e+00  1 1 1   0.00   0.00   0.00  
Cu  1.909410000000e+01 5.144530000000e+00 2.078700000000e+00  1 1 1   0.00   0.00   0.00  
Cu  1.782116000000e+01 7.349320000000e+00 2.078700000000e+00  1 1 1   0.00   0.00   0.00  
Cu  1.782116000000e+01 5.879460000000e+00 4.157410000000e+00  1 1 1   0.00   0.00   0.00  
Cu  1.909410000000e+01 8.084250000000e+00 4.157410000000e+00  1 1 1   0.00   0.00   0.00  
Cu  1.782116000000e+01 4.409590000000e+00 6.236110000000e+00  1 1 1   0.00   0.00   0.00  
Cu  1.909410000000e+01 6.614390000000e+00 6.236110000000e+00  1 1 1   0.00   0.00   0.00  
Cu  2.036704000000e+01 4.409590000000e+00 0.000000000000e+00  1 1 1   0.00   0.00   0.00  
Cu  2.163998000000e+01 6.614390000000e+00 0.000000000000e+00  1 1 1   0.00   0.00   0.00  
Cu  2.163998000000e+01 5.144530000000e+00 2.078700000000e+00  1 1 1   0.00   0.00   0.00  
Cu  2.036704000000e+01 7.349320000000e+00 2.078700000000e+00  1 1 1   0.00   0.00   0.00  
Cu  2.036704000000e+01 5.879460000000e+00 4.157410000000e+00  1 1 1   0.00   0.00   0.00  
Cu  2.163998000000e+01 8.084250000000e+00 4.157410000000e+00  1 1 1   0.00   0.00   0.00  
Cu  2.036704000000e+01 4.409590000000e+00 6.236110000000e+00  1 1 1   0.00   0.00   0.00  
Cu  2.163998000000e+01 6.614390000000e+00 6.236110000000e+00  1 1 1   0.00   0.00   0.00  
Cu  2.291292000000e+01 4.409590000000e+00 0.000000000000e+00  1 1 1   0.00   0.00   0.00  
Cu  2.418586000000e+01 6.614390000000e+00 0.000000000000e+00  1 1 1   0.00   0.00   0.00  
Cu  2.418586000000e+01 5.144530000000e+00 2.078700000000e+00  1 1 1   0.00   0.00   0.00  
Cu  2.291292000000e+01 7.349320000000e+00 2.078700000000e+00  1 1 1   0.00   0.00   0.00  
Cu  2.291292000000e+01 5.879460000000e+00 4.157410000000e+00  1 1 1   0.00   0.00   0.00  
Cu  2.418586000000e+01 8.084250000000e+00 4.157410000000e+00  1 1 1   0.00   0.00   0.00  
Cu  2.291292000000e+01 4.409590000000e+00 6.236110000000e+00  1 1 1   0.00   0.00   0.00  
Cu  2.418586000000e+01 6.614390000000e+00 6.236110000000e+00  1 1 1   0.00   0.00   0.00  
Cu  0.000000000000e+00 8.819190000000e+00 0.000000000000e+00  1 1 1   0.00   0.00   0.00  
Cu  1.272940000000e+00 1.102398000000e+01 0.000000000000e+00  1 1 1   0.00   0.00   0.00  
Cu  1.272940000000e+00 9.554120000000e+00 2.078700000000e+00  1 1 1   0.00   0.00   0.00  
Cu  0.000000000000e+00 1.175892000000e+01 2.078700000000e+00  1 1 1   0.00   0.00   0.00  
Cu  0.000000000000e+00 1.028905000000e+01 4.157410000000e+00  1 1 1   0.00   0.00   0.00  
Cu  1.272940000000e+00 1.249385000000e+01 4.157410000000e+00  1 1 1   0.00   0.00   0.00  
Cu  0.000000000000e+00 8.819190000000e+00 6.236110000000e+00  1 1 1   0.00   0.00   0.00  
Cu  1.272940000000e+00 1.102398000000e+01 6.236110000000e+00  1 1 1   0.00   0.00   0.00  
Cu  2.545880000000e+00 8.819190000000e+00 0.000000000000e+00  1 1 1   0.00   0.00   0.00  
Cu  3.818820000000e+00 1.102398000000e+01 0.000000000000e+00  1 1 1   0.00   0.00   0.00  
Cu  3.818820000000e+00 9.554120000000e+00 2.078700000000e+00  1 1 1   0.00   0.00   0.00  
Cu  2.545880000000e+00 1.175892000000e+01 2.078700000000e+00  1 1 1   0.00   0.00   0.00  
Cu  2.545880000000e+00 1.028905000000e+01 4.157410000000e+00  1 1 1   0.00   0.00   0.00  
Cu  3.818820000000e+00 1.249385000000e+01 4.157410000000e+00  1 1 1   0.00   0.00   0.00  
Cu  2.545880000000e+00 8.819190000000e+00 6.236110000000e+00  1 1 1   0.00   0.00   0.00  
Cu  3.818820000000e+00 1.102398000000e+01 6.236110000000e+00  1 1 1   0.00   0.00   0.00  
Cu  5.091760000000e+00 8.819190000000e+00 0.000000000000e+00  1 1 1   0.00   0.00   0.00  
Cu  6.364700000000e+00 1.102398000000e+01 0.000000000000e+00  1 1 1   0.00   0.00   0.00  
Cu  6.364700000000e+00 9.554120000000e+00 2.078700000000e+00  1 1 1   0.00   0.00   0.00  
Cu  5.091760000000e+00 1.175892000000e+01 2.078700000000e+00  1 1 1   0.00   0.00   0.00  
Cu  5.091760000000e+00 1.028905000000e+01 4.157410000000e+00  1 1 1   0.00   0.00   0.00  
Cu  6.364700000000e+00 1.249385000000e+01 4.157410000000e+00  1 1 1   0.00   0.00   0.00  
Cu  5.091760000000e+00 8.819190000000e+00 6.236110000000e+00  1 1 1   0.00   0.00   0.00  
Cu  6.364700000000e+00 1.102398000000e+01 6.236110000000e+00  1 1 1   0.00   0.00   0.00  
Cu  7.637640000000e+00 8.819190000000e+00 0.000000000000e+00  1 1 1   0.00   0.00   0.00  
Cu  8.910580000000e+00 1.102398000000e+01 0.000000000000e+00  1 1 1   0.00   0.00   0.00  
Cu  8.910580000000e+00 9.554120000000e+00 2.078700000000e+00  1 1 1   0.00   0.00   0.00  
Cu  7.637640000000e+00 1.175892000000e+01 2.078700000000e+00  1 1 1   0.00   0.00   0.00  
Cu  7.637640000000e+00 1.028905000000e+01 4.157410000000e+00  1 1 1   0.00   0.00   0.00  
Cu  8.910580000000e+00 1.249385000000e+01 4.157410000000e+00  1 1 1   0.00   0.00   0.00  
Cu  7.637640000000e+00 8.819190000000e+00 6.236110000000e+00  1 1 1   0.00   0.00   0.00  
Cu  8.910580000000e+00 1.102398000000e+01 6.236110000000e+00  1 1 1   0.00   0.00   0.00  
Cu  1.018352000000e+01 8.819190000000e+00 0.000000000000e+00  1 1 1   0.00   0.00   0.00  
Cu  1.145646000000e+01 1.102398000000e+01 0.000000000000e+00  1 1 1   0.00   0.00   0.00  
Cu  1.145646000000e+01 9.554120000000e+00 2.078700000000e+00  1 1 1   0.00   0.00   0.00  
Cu  1.018352000000e+01 1.175892000000e+01 2.078700000000e+00  1 1 1   0.00   0.00   0.00  
Cu  1.018352000000e+01 1.028905000000e+01 4.157410000000e+00  1 1 1   0.00   0.00   0.00  
Cu  1.145646000000e+01 1.249385000000e+01 4.157410000000e+00  1 1 1   0.00   0.00   0.00  
Cu  1.018352000000e+01 8.819190000000e+00 6.236110000000e+00  1 1 1   0.00   0.00   0.00  
Cu  1.145646000000e+01 1.102398000000e+01 6.236110000000e+00  1 1 1   0.00   0.00   0.00  
Cu  1.272940000000e+01 8.819190000000e+00 0.000000000000e+00  1 1 1   0.00   0.00   0.00  
Cu  1.400234000000e+01 1.102398000000e+01 0.000000000000e+00  1 1 1   0.00   0.00   0.00  
Cu  1.400234000000e+01 9.554120000000e+00 2.078700000000e+00  1 1 1   0.00   0.00   0.00  
Cu  1.272940000000e+01 1.175892000000e+01 2.078700000000e+00  1 1 1   0.00   0.00   0.00  
Cu  1.272940000000e+01 1.028905000000e+01 4.157410000000e+00  1 1 1   0.00   0.00   0.00  
Cu  1.400234000000e+01 1.249385000000e+01 4.157410000000e+00  1 1 1   0.00   0.00   0.00  
Cu  1.272940000000e+01 8.819190000000e+00 6.236110000000e+00  1 1 1   0.00   0.00   0.00  
Cu  1.400234000000e+01 1.102398000000e+01 6.236110000000e+00  1 1 1   0.00   0.00   0.00  
Cu  1.527528000000e+01 8.819190000000e+00 0.000000000000e+00  1 1 1   0.00   0.00   0.00  
Cu  1.654822000000e+01 1.102398000000e+01 0.000000000000e+00  1 1 1   0.00   0.00   0.00  
Cu  1.654822000000e+01 9.554120000000e+00 2.078700000000e+00  1 1 1   0.00   0.00   0.00  
Cu  1.527528000000e+01 1.175892000000e+01 2.078700000000e+00  1 1 1   0.00   0.00   0.00  
Cu  1.527528000000e+01 1.028905000000e+01 4.157410000000e+00  1 1 1   0.00   0.00   0.00  
Cu  1.654822000000e+01 1.249385000000e+01 4.157410000000e+00  1 1 1   0.00   0.00   0.00  
Cu  1.527528000000e+01 8.819190000000e+00 6.236110000000e+00  1 1 1   0.00   0.00   0.00  
Cu  1.654822000000e+01 1.102398000000e+01 6.236110000000e+00  1 1 1   0.00   0.00   0.00  
Cu  1.782116000000e+01 8.819190000000e+00 0.000000000000e+00  1 1 1   0.00   0.00   0.00  
Cu  1.909410000000e+01 1.102398000000e+01 0.000000000000e+00  1 1 1   0.00   0.00   0.00  
Cu  1.909410000000e+01 9.554120000000e+00 2.078700000000e+00  1 1 1   0.00   0.00   0.00  
Cu  1.782116000000e+01 1.175892000000e+01 2.078700000000e+00  1 1 1   0.00   0.00   0.00  
Cu  1.782116000000e+01 1.028905000000e+01 4.157410000000e+00  1 1 1   0.00   0.00   0.00  
Cu  1.909410000000e+01 1.249385000000e+01 4.157410000000e+00  1 1 1   0.00   0.00   0.00  
Cu  1.782116000000e+01 8.819190000000e+00 6.236110000000e+00  1 1 1   0.00   0.00   0.00  
Cu  1.909410000000e+01 1.102398000000e+01 6.236110000000e+00  1 1 1   0.00   0.00   0.00  
Cu  2.036704000000e+01 8.819190000000e+00 0.000000000000e+00  1 1 1   0.00   0.00   0.00  
Cu  2.163998000000e+01 1.102398000000e+01 0.000000000000e+00  1 1 1   0.00   0.00   0.00  
Cu  2.163998000000e+01 9.554120000000e+00 2.078700000000e+00  1 1 1   0.00   0.00   0.00  
Cu  2.036704000000e+01 1.175892000000e+01 2.078700000000e+00  1 1 1   0.00   0.00   0.00  
Cu  2.036704000000e+01 1.028905000000e+01 4.157410000000e+00  1 1 1   0.00   0.00   0.00  
Cu  2.163998000000e+01 1.249385000000e+01 4.157410000000e+00  1 1 1   0.00   0.00   0.00  
Cu  2.036704000000e+01 8.819190000000e+00 6.236110000000e+00  1 1 1   0.00   0.00   0.00  
Cu  2.163998000000e+01 1.102398000000e+01 6.236110000000e+00  1 1 1   0.00   0.00   0.00  
Cu  2.291292000000e+01 8.819190000000e+00 0.000000000000e+00  1 1 1   0.00   0.00   0.00  
Cu  2.418586000000e+01 1.102398000000e+01 0.000000000000e+00  1 1 1   0.00   0.00   0.00  
Cu  2.418586000000e+01 9.554120000000e+00 2.078700000000e+00  1 1 1   0.00   0.00   0.00  
Cu  2.291292000000e+01 1.175892000000e+01 2.078700000000e+00  1 1 1   0.00   0.00   0.00  
Cu  2.291292000000e+01 1.028905000000e+01 4.157410000000e+00  1 1 1   0.00   0.00   0.00  
Cu  2.418586000000e+01 1.249385000000e+01 4.157410000000e+00  1 1 1   0.00   0.00   0.00  
Cu  2.291292000000e+01 8.819190000000e+00 6.236110000000e+00  1 1 1   0.00   0.00   0.00  
Cu  2.418586000000e+01 1.102398000000e+01 6.236110000000e+00  1 1 1   0.00   0.00   0.00  
Cu  0.000000000000e+00 1.322878000000e+01 0.000000000000e+00  1 1 1   0.00   0.00   0.00  
Cu  1.272940000000e+00 1.396371000000e+01 2.078700000000e+00  1 1 1   0.00   0.00   0.00  
Cu  0.000000000000e+00 1.469864000000e+01 4.157410000000e+00  1 1 1   0.00   0.00   0.00  
Cu  0.000000000000e+00 1.322878000000e+01 6.236110000000e+00  1 1 1   0.00   0.00   0.00  
Cu  2.545880000000e+00 1.322878000000e+01 0.000000000000e+00  1 1 1   0.00   0.00   0.00  
Cu  3.818820000000e+00 1.396371000000e+01 2.078700000000e+00  1 1 1   0.00   0.00   0.00  
Cu  2.545880000000e+00 1.469864000000e+01 4.157410000000e+00  1 1 1   0.00   0.00   0.00  
Cu  2.545880000000e+00 1.322878000000e+01 6.236110000000e+00  1 1 1   0.00   0.00   0.00  
Cu  5.091760000000e+00 1.322878000000e+01 0.000000000000e+00  1 1 1   0.00   0.00   0.00  
Cu  6.364700000000e+00 1.396371000000e+01 2.078700000000e+00  1 1 1   0.00   0.00   0.00  
Cu  5.091760000000e+00 1.469864000000e+01 4.157410000000e+00  1 1 1   0.00   0.00   0.00  
Cu  5.091760000000e+00 1.322878000000e+01 6.236110000000e+00  1 1 1   0.00   0.00   0.00  
Cu  7.637640000000e+00 1.322878000000e+01 0.000000000000e+00  1 1 1   0.00   0.00   0.00  
Cu  8.910580000000e+00 1.396371000000e+01 2.078700000000e+00  1 1 1   0.00   0.00   0.00  
Cu  7.637640000000e+00 1.469864000000e+01 4.157410000000e+00  1 1 1   0.00   0.00   0.00  
Cu  7.637640000000e+00 1.322878000000e+01 6.236110000000e+00  1 1 1   0.00   0.00   0.00  
Cu  1.018352000000e+01 1.322878000000e+01 0.000000000000e+00  1 1 1   0.00   0.00   0.00  
Cu  1.145646000000e+01 1.396371000000e+01 2.078700000000e+00  1 1 1   0.00   0.00   0.00  
Cu  1.018352000000e+01 1.469864000000e+01 4.157410000000e+00  1 1 1   0.00   0.00   0.00  
Cu  1.018352000000e+01 1.322878000000e+01 6.236110000000e+00  1 1 1   0.00   0.00   0.00  
Cu  1.272940000000e+01 1.322878000000e+01 0.000000000000e+00  1 1 1   0.00   0.00   0.00  
Cu  1.400234000000e+01 1.396371000000e+01 2.078700000000e+00  1 1 1   0.00   0.00   0.00  
Cu  1.272940000000e+01 1.469864000000e+01 4.157410000000e+00  1 1 1   0.00   0.00   0.00  
Cu  1.272940000000e+01 1.322878000000e+01 6.236110000000e+00  1 1 1   0.00   0.00   0.00  
Cu  1.527528000000e+01 1.322878000000e+01 0.000000000000e+00  1 1 1   0.00   0.00   0.00  
Cu  1.654822000000e+01 1.396371000000e+01 2.078700000000e+00  1 1 1   0.00   0.00   0.00  
Cu  1.527528000000e+01 1.469864000000e+01 4.157410000000e+00  1 1 1   0.00   0.00   0.00  
Cu  1.527528000000e+01 1.322878000000e+01 6.236110000000e+00  1 1 1   0.00   0.00   0.00  
Cu  1.782116000000e+01 1.322878000000e+01 0.000000000000e+00  1 1 1   0.00   0.00   0.00  
Cu  1.909410000000e+01 1.396371000000e+01 2.078700000000e+00  1 1 1   0.00   0.00   0.00  
Cu  1.782116000000e+01 1.469864000000e+01 4.157410000000e+00  1 1 1   0.00   0.00   0.00  
Cu  1.782116000000e+01 1.322878000000e+01 6.236110000000e+00  1 1 1   0.00   0.00   0.00  
Cu  2.036704000000e+01 1.322878000000e+01 0.000000000000e+00  1 1 1   0.00   0.00   0.00  
Cu  2.163998000000e+01 1.396371000000e+01 2.078700000000e+00  1 1 1   0.00   0.00   0.00  
Cu  2.036704000000e+01 1.469864000000e+01 4.157410000000e+00  1 1 1   0.00   0.00   0.00  
Cu  2.036704000000e+01 1.322878000000e+01 6.236110000000e+00  1 1 1   0.00   0.00   0.00  
Cu  2.291292000000e+01 1.322878000000e+01 0.000000000000e+00  1 1 1   0.00   0.00   0.00  
Cu  2.418586000000e+01 1.396371000000e+01 2.078700000000e+00  1 1 1   0.00   0.00   0.00  
Cu  2.291292000000e+01 1.469864000000e+01 4.157410000000e+00  1 1 1   0.00   0.00   0.00  
Cu  2.291292000000e+01 1.322878000000e+01 6.236110000000e+00  1 1 1   0.00   0.00   0.00  
Au  1.272940000000e+00 8.819190000000e+00 8.186100000000e+00  1 1 1   0.00   0.00   0.00  
C  7.529900000000e-01 2.504220000000e+00 9.063410000000e+00  1 1 1   0.00   0.00   0.00  
C  1.913150000000e+00 1.688330000000e+00 9.201560000000e+00  1 1 1   0.00   0.00   0.00  
C  1.799430000000e+00 3.331300000000e-01 9.203750000000e+00  1 1 1   0.00   0.00   0.00  
C  5.215000000000e-01 -2.808400000000e-01 9.066400000000e+00  1 1 1   0.00   0.00   0.00  
C  -6.375300000000e-01 5.356800000000e-01 9.203750000000e+00  1 1 1   0.00   0.00   0.00  
C  -5.259500000000e-01 1.891060000000e+00 9.201560000000e+00  1 1 1   0.00   0.00   0.00  
C  8.692700000000e-01 3.903220000000e+00 8.800510000000e+00  1 1 1   0.00   0.00   0.00  
C  2.159930000000e+00 4.496100000000e+00 8.660880000000e+00  1 1 1   0.00   0.00   0.00  
C  3.321520000000e+00 3.681190000000e+00 8.879640000000e+00  1 1 1   0.00   0.00   0.00  
C  3.200450000000e+00 2.292680000000e+00 9.181320000000e+00  1 1 1   0.00   0.00   0.00  
C  4.362410000000e+00 1.482520000000e+00 9.362070000000e+00  1 1 1   0.00   0.00   0.00  
C  4.248950000000e+00 1.317300000000e-01 9.362690000000e+00  1 1 1   0.00   0.00   0.00  
C  2.969910000000e+00 -4.762200000000e-01 9.183460000000e+00  1 1 1   0.00   0.00   0.00  
C  2.856910000000e+00 -1.865970000000e+00 8.880800000000e+00  1 1 1   0.00   0.00   0.00  
C  1.578370000000e+00 -2.481490000000e+00 8.660690000000e+00  1 1 1   0.00   0.00   0.00  
C  4.051300000000e-01 -1.680890000000e+00 8.800480000000e+00  1 1 1   0.00   0.00   0.00  
C  -8.841800000000e-01 -2.276810000000e+00 8.660690000000e+00  1 1 1   0.00   0.00   0.00  
C  -2.043550000000e+00 -1.458660000000e+00 8.880800000000e+00  1 1 1   0.00   0.00   0.00  
C  -1.925570000000e+00 -6.932000000000e-02 9.183460000000e+00  1 1 1   0.00   0.00   0.00  
C  -3.086690000000e+00 7.414500000000e-01 9.362690000000e+00  1 1 1   0.00   0.00   0.00  
C  -2.975580000000e+00 2.092430000000e+00 9.362070000000e+00  1 1 1   0.00   0.00   0.00  
C  -1.695820000000e+00 2.699650000000e+00 9.181320000000e+00  1 1 1   0.00   0.00   0.00  
C  -1.586000000000e+00 4.089090000000e+00 8.879640000000e+00  1 1 1   0.00   0.00   0.00  
C  -3.058000000000e-01 4.701050000000e+00 8.660880000000e+00  1 1 1   0.00   0.00   0.00  
C  -1.854200000000e-01 6.097270000000e+00 8.310630000000e+00  1 1 1   0.00   0.00   0.00  
C  1.106600000000e+00 6.758580000000e+00 8.034490000000e+00  1 1 1   0.00   0.00   0.00  
C  2.271700000000e+00 5.893040000000e+00 8.310630000000e+00  1 1 1   0.00   0.00   0.00  
C  3.616100000000e+00 6.342940000000e+00 8.033540000000e+00  1 1 1   0.00   0.00   0.00  
C  4.729820000000e+00 5.562910000000e+00 8.241610000000e+00  1 1 1   0.00   0.00   0.00  
C  4.629970000000e+00 4.235510000000e+00 8.752460000000e+00  1 1 1   0.00   0.00   0.00  
C  5.760900000000e+00 3.454710000000e+00 9.073900000000e+00  1 1 1   0.00   0.00   0.00  
C  5.663920000000e+00 2.092190000000e+00 9.370420000000e+00  1 1 1   0.00   0.00   0.00  
C  6.820070000000e+00 1.252500000000e+00 9.563720000000e+00  1 1 1   0.00   0.00   0.00  
C  6.712330000000e+00 -4.241000000000e-02 9.564960000000e+00  1 1 1   0.00   0.00   0.00  
C  5.433880000000e+00 -6.826400000000e-01 9.372520000000e+00  1 1 1   0.00   0.00   0.00  
C  5.302880000000e+00 -2.041830000000e+00 9.077760000000e+00  1 1 1   0.00   0.00   0.00  
C  4.059430000000e+00 -2.625090000000e+00 8.753040000000e+00  1 1 1   0.00   0.00   0.00  
C  3.934760000000e+00 -3.948430000000e+00 8.235220000000e+00  1 1 1   0.00   0.00   0.00  
C  2.712080000000e+00 -4.537940000000e+00 8.029590000000e+00  1 1 1   0.00   0.00   0.00  
C  1.455770000000e+00 -3.882080000000e+00 8.312490000000e+00  1 1 1   0.00   0.00   0.00  
C  1.663500000000e-01 -4.553780000000e+00 8.037730000000e+00  1 1 1   0.00   0.00   0.00  
C  -9.944900000000e-01 -3.678420000000e+00 8.312490000000e+00  1 1 1   0.00   0.00   0.00  
C  -2.341840000000e+00 -4.117870000000e+00 8.029590000000e+00  1 1 1   0.00   0.00   0.00  
C  -3.450410000000e+00 -3.334600000000e+00 8.235220000000e+00  1 1 1   0.00   0.00   0.00  
C  -3.354900000000e+00 -2.008840000000e+00 8.753040000000e+00  1 1 1   0.00   0.00   0.00  
C  -4.485000000000e+00 -1.228290000000e+00 9.077760000000e+00  1 1 1   0.00   0.00   0.00  
C  -4.389800000000e+00 1.338700000000e-01 9.372520000000e+00  1 1 1   0.00   0.00   0.00  
C  -5.545010000000e+00 9.763800000000e-01 9.564960000000e+00  1 1 1   0.00   0.00   0.00  
C  -5.437500000000e+00 2.271310000000e+00 9.563720000000e+00  1 1 1   0.00   0.00   0.00  
C  -4.158580000000e+00 2.908600000000e+00 9.370420000000e+00  1 1 1   0.00   0.00   0.00  
C  -4.029290000000e+00 4.268440000000e+00 9.073900000000e+00  1 1 1   0.00   0.00   0.00  
C  -2.784980000000e+00 4.851820000000e+00 8.752460000000e+00  1 1 1   0.00   0.00   0.00  
C  -2.664310000000e+00 6.177480000000e+00 8.241610000000e+00  1 1 1   0.00   0.00   0.00  
C  -1.437090000000e+00 6.762940000000e+00 8.033540000000e+00  1 1 1   0.00   0.00   0.00  
H  -2.502210000000e+00 -5.095310000000e+00 7.567590000000e+00  1 1 1   0.00   0.00   0.00  
H  2.708880000000e+00 -5.528440000000e+00 7.567590000000e+00  1 1 1   0.00   0.00   0.00  
H  5.736000000000e+00 5.922780000000e+00 8.009280000000e+00  1 1 1   0.00   0.00   0.00  
H  6.743410000000e+00 3.925130000000e+00 9.033970000000e+00  1 1 1   0.00   0.00   0.00  
H  7.806590000000e+00 1.708950000000e+00 9.669050000000e+00  1 1 1   0.00   0.00   0.00  
H  7.611920000000e+00 -6.515500000000e-01 9.674200000000e+00  1 1 1   0.00   0.00   0.00  
H  6.196320000000e+00 -2.666440000000e+00 9.039200000000e+00  1 1 1   0.00   0.00   0.00  
H  4.869270000000e+00 -4.466480000000e+00 7.997730000000e+00  1 1 1   0.00   0.00   0.00  
H  3.774570000000e+00 7.321370000000e+00 7.576800000000e+00  1 1 1   0.00   0.00   0.00  
H  -1.431860000000e+00 7.754120000000e+00 7.576800000000e+00  1 1 1   0.00   0.00   0.00  
H  -4.457630000000e+00 -3.691260000000e+00 7.997730000000e+00  1 1 1   0.00   0.00   0.00  
H  -5.469300000000e+00 -1.696830000000e+00 9.039200000000e+00  1 1 1   0.00   0.00   0.00  
H  -6.532830000000e+00 5.241100000000e-01 9.674190000000e+00  1 1 1   0.00   0.00   0.00  
H  -6.335120000000e+00 2.884360000000e+00 9.669050000000e+00  1 1 1   0.00   0.00   0.00  
H  -4.920650000000e+00 4.894610000000e+00 9.033970000000e+00  1 1 1   0.00   0.00   0.00  
H  -3.597270000000e+00 6.698540000000e+00 8.009290000000e+00  1 1 1   0.00   0.00   0.00  
"  
