description="GPH                                     
"  
#******** REAL SPACE GRID ********   
wavefunction_grid="160 160 128"  
potential_grid_refinement="2"  
  
#******* CONTROL OPTIONS *******  
start_mode          ="LCAO Start"  
calculation_mode    ="Quench Electrons  "  
kohn_sham_solver    ="davidson"  
subdiag_driver      ="auto"  
#auto: if cuda available, use cusolver, otherwise use lapack for n<128 and scaplack for large system  
cube_rho = "True"  
  
#********* K POINT SETUP *********  
kpoint_mesh = "1 1 1"  
kpoint_is_shift = "0 0 0"  
  
#******* Pseudopotentials *******   
internal_pseudo_type = "sg15"  
#use Optimized Norm-Conserving Vanderbilt (ONCV) pseudopotenitals  
#those pseudopotentials are built in with RMG  
write_pseudopotential_plots ="False"  
  
#*****Exchange Correlation ******  
exchange_correlation_type="AUTO_XC"  
#AUTO_XC: XC will be determined from pseudopotential  
  
#****  LATTICE and ATOMS  ****   
bravais_lattice_type="None"  
crds_units = "Angstrom"  
lattice_units = "Angstrom"  
lattice_vector="  
 2.135633807294e+01  -1.233008753532e+01  0.000000000000e+00   
 2.135633807294e+01  1.233008753532e+01  0.000000000000e+00   
 0.000000000000e+00  0.000000000000e+00  2.000000000000e+01   
"  
atomic_coordinate_type = "Cell Relative"  
atoms="  
C  9.999759869902e-01 9.999759869902e-01 5.022674715483e-04  1 1 1   0.00   0.00   0.00  
C  3.330706350052e-02 3.330706350052e-02 4.656750463585e-04  1 1 1   0.00   0.00   0.00  
C  9.998976978310e-01 9.998976978310e-01 1.697086130879e-01  1 1 1   0.00   0.00   0.00  
C  6.626904759336e-02 6.626904759336e-02 1.696447773035e-01  1 1 1   0.00   0.00   0.00  
C  9.997761473275e-02 9.999692853961e-01 4.682255051569e-04  1 1 1   0.00   0.00   0.00  
C  1.333083174614e-01 3.330232469311e-02 4.335255395557e-04  1 1 1   0.00   0.00   0.00  
C  1.000476723905e-01 9.993397979295e-01 1.696131624754e-01  1 1 1   0.00   0.00   0.00  
C  1.663689094684e-01 6.602231042806e-02 1.695684925309e-01  1 1 1   0.00   0.00   0.00  
C  1.999754962310e-01 9.999672666215e-01 4.368153802900e-04  1 1 1   0.00   0.00   0.00  
C  2.333058533690e-01 3.330063087465e-02 4.256807151979e-04  1 1 1   0.00   0.00   0.00  
C  1.999960398880e-01 9.992065478566e-01 1.695534171363e-01  1 1 1   0.00   0.00   0.00  
C  2.663624677254e-01 6.601635343451e-02 1.695510921691e-01  1 1 1   0.00   0.00   0.00  
C  2.999710242015e-01 9.999707174133e-01 4.536684782535e-04  1 1 1   0.00   0.00   0.00  
C  3.333022103947e-01 3.330284441796e-02 4.490690836533e-04  1 1 1   0.00   0.00   0.00  
C  2.999114769548e-01 9.993435084489e-01 1.696118858477e-01  1 1 1   0.00   0.00   0.00  
C  3.663488377704e-01 6.617192043163e-02 1.696325983818e-01  1 1 1   0.00   0.00   0.00  
C  3.999707246338e-01 9.999726171169e-01 4.802373725138e-04  1 1 1   0.00   0.00   0.00  
C  4.333012174314e-01 3.330437159875e-02 4.687411195983e-04  1 1 1   0.00   0.00   0.00  
C  3.999149581958e-01 9.996264036755e-01 1.697281073369e-01  1 1 1   0.00   0.00   0.00  
C  4.663582716610e-01 6.668094162242e-02 1.697295735760e-01  1 1 1   0.00   0.00   0.00  
C  4.999698433536e-01 9.999749582976e-01 4.826892879719e-04  1 1 1   0.00   0.00   0.00  
C  5.333028502439e-01 3.330884533303e-02 4.549193874240e-04  1 1 1   0.00   0.00   0.00  
C  4.999383821313e-01 1.818921641285e-04 1.697567049265e-01  1 1 1   0.00   0.00   0.00  
C  5.662270130726e-01 6.743472828004e-02 1.696305482294e-01  1 1 1   0.00   0.00   0.00  
C  5.999680851570e-01 9.999821868182e-01 4.633324084153e-04  1 1 1   0.00   0.00   0.00  
C  6.332974127455e-01 3.332016653874e-02 4.342389575289e-04  1 1 1   0.00   0.00   0.00  
C  5.998519730129e-01 7.497481068970e-04 1.696411569673e-01  1 1 1   0.00   0.00   0.00  
C  6.658540477639e-01 6.811438991290e-02 1.695026395435e-01  1 1 1   0.00   0.00   0.00  
C  6.999670012678e-01 9.999919132249e-01 4.583428817425e-04  1 1 1   0.00   0.00   0.00  
C  7.332936611292e-01 3.332856868627e-02 4.389228310433e-04  1 1 1   0.00   0.00   0.00  
C  6.996493463474e-01 1.150422020044e-03 1.695208608158e-01  1 1 1   0.00   0.00   0.00  
C  7.653914660533e-01 6.835731837006e-02 1.695570817901e-01  1 1 1   0.00   0.00   0.00  
C  7.999655904716e-01 9.999940668825e-01 4.737766963291e-04  1 1 1   0.00   0.00   0.00  
C  8.332980188609e-01 3.333035479416e-02 4.558132172878e-04  1 1 1   0.00   0.00   0.00  
C  7.994465228605e-01 1.242100075384e-03 1.695358708172e-01  1 1 1   0.00   0.00   0.00  
C  8.653068999539e-01 6.796947511802e-02 1.696312229429e-01  1 1 1   0.00   0.00   0.00  
C  8.999678408137e-01 9.999889271341e-01 5.006645880939e-04  1 1 1   0.00   0.00   0.00  
C  9.333025832050e-01 3.331949544748e-02 4.712161150528e-04  1 1 1   0.00   0.00   0.00  
C  8.995110605715e-01 7.801163005854e-04 1.696633387360e-01  1 1 1   0.00   0.00   0.00  
C  9.659095577955e-01 6.692246925206e-02 1.696618629285e-01  1 1 1   0.00   0.00   0.00  
C  9.999692853961e-01 9.997761473275e-02 4.682255051569e-04  1 1 1   0.00   0.00   0.00  
C  3.330232469311e-02 1.333083174614e-01 4.335255395557e-04  1 1 1   0.00   0.00   0.00  
C  9.993397979295e-01 1.000476723905e-01 1.696131624754e-01  1 1 1   0.00   0.00   0.00  
C  6.602231042806e-02 1.663689094684e-01 1.695684925309e-01  1 1 1   0.00   0.00   0.00  
C  9.997162320959e-02 9.997162320959e-02 4.558240326353e-04  1 1 1   0.00   0.00   0.00  
C  1.333025255342e-01 1.333025255342e-01 4.245298646307e-04  1 1 1   0.00   0.00   0.00  
C  9.956835062951e-02 9.956835062951e-02 1.695798662569e-01  1 1 1   0.00   0.00   0.00  
C  1.661147653816e-01 1.661147653816e-01 1.694759347815e-01  1 1 1   0.00   0.00   0.00  
C  1.999705354814e-01 9.996889847293e-02 4.470420551749e-04  1 1 1   0.00   0.00   0.00  
C  2.333013517215e-01 1.332996198185e-01 4.267545645976e-04  1 1 1   0.00   0.00   0.00  
C  1.996203745523e-01 9.937828045055e-02 1.694953224169e-01  1 1 1   0.00   0.00   0.00  
C  2.660822697435e-01 1.659669511165e-01 1.694036345430e-01  1 1 1   0.00   0.00   0.00  
C  2.999678743810e-01 9.996779897730e-02 4.666349715776e-04  1 1 1   0.00   0.00   0.00  
C  3.332986623881e-01 1.332998371977e-01 4.469467133271e-04  1 1 1   0.00   0.00   0.00  
C  2.996263379933e-01 9.935678723280e-02 1.694948688831e-01  1 1 1   0.00   0.00   0.00  
C  3.660225516021e-01 1.659192039299e-01 1.694515031397e-01  1 1 1   0.00   0.00   0.00  
C  3.999634089536e-01 9.997044696600e-02 4.872606055483e-04  1 1 1   0.00   0.00   0.00  
C  4.332939200272e-01 1.333035480490e-01 4.644065321535e-04  1 1 1   0.00   0.00   0.00  
C  3.996336208936e-01 9.947451075589e-02 1.695833428279e-01  1 1 1   0.00   0.00   0.00  
C  4.659214828465e-01 1.666888647865e-01 1.695317719036e-01  1 1 1   0.00   0.00   0.00  
C  4.999623290207e-01 9.997500589340e-02 4.830374566160e-04  1 1 1   0.00   0.00   0.00  
C  5.332877912729e-01 1.333101608914e-01 4.421485801784e-04  1 1 1   0.00   0.00   0.00  
C  4.995609555714e-01 1.001664377338e-01 1.696375998403e-01  1 1 1   0.00   0.00   0.00  
C  5.654414608967e-01 1.681373174516e-01 1.694859687631e-01  1 1 1   0.00   0.00   0.00  
C  5.999552119385e-01 9.998322231291e-02 4.533986754662e-04  1 1 1   0.00   0.00   0.00  
C  6.332798067051e-01 1.333241164669e-01 4.146796699118e-04  1 1 1   0.00   0.00   0.00  
C  5.991770736567e-01 1.012822290534e-01 1.694882633254e-01  1 1 1   0.00   0.00   0.00  
C  6.643478662353e-01 1.693380527176e-01 1.695849752916e-01  1 1 1   0.00   0.00   0.00  
C  6.999437038187e-01 1.000005722250e-01 4.509089744025e-04  1 1 1   0.00   0.00   0.00  
C  7.332807669123e-01 1.333338241339e-01 4.135593260005e-04  1 1 1   0.00   0.00   0.00  
C  6.985602969644e-01 1.020610274326e-01 1.695053262604e-01  1 1 1   0.00   0.00   0.00  
C  7.637294861565e-01 1.695575535551e-01 1.696514445858e-01  1 1 1   0.00   0.00   0.00  
C  7.999537336560e-01 9.999868424805e-02 4.552850801579e-04  1 1 1   0.00   0.00   0.00  
C  8.332894660305e-01 1.333263276011e-01 4.153656852371e-04  1 1 1   0.00   0.00   0.00  
C  7.981212956614e-01 1.021893424346e-01 1.695991608322e-01  1 1 1   0.00   0.00   0.00  
C  8.648639921505e-01 1.679832525859e-01 1.695602562143e-01  1 1 1   0.00   0.00   0.00  
C  8.999622908119e-01 9.998853028181e-02 4.622427319012e-04  1 1 1   0.00   0.00   0.00  
C  9.333007719732e-01 1.333159751602e-01 4.284845137730e-04  1 1 1   0.00   0.00   0.00  
C  8.987889617901e-01 1.010225130844e-01 1.695844147217e-01  1 1 1   0.00   0.00   0.00  
C  9.656749018589e-01 1.669041252528e-01 1.695751297349e-01  1 1 1   0.00   0.00   0.00  
C  9.999672666215e-01 1.999754962310e-01 4.368153802900e-04  1 1 1   0.00   0.00   0.00  
C  3.330063087465e-02 2.333058533690e-01 4.256807151979e-04  1 1 1   0.00   0.00   0.00  
C  9.992065478566e-01 1.999960398880e-01 1.695534171363e-01  1 1 1   0.00   0.00   0.00  
C  6.601635343451e-02 2.663624677254e-01 1.695510921691e-01  1 1 1   0.00   0.00   0.00  
C  9.996889847293e-02 1.999705354814e-01 4.470420551749e-04  1 1 1   0.00   0.00   0.00  
C  1.332996198185e-01 2.333013517215e-01 4.267545645976e-04  1 1 1   0.00   0.00   0.00  
C  9.937828045055e-02 1.996203745523e-01 1.694953224169e-01  1 1 1   0.00   0.00   0.00  
C  1.659669511165e-01 2.660822697435e-01 1.694036345430e-01  1 1 1   0.00   0.00   0.00  
C  1.999674202538e-01 1.999674202538e-01 4.507666254211e-04  1 1 1   0.00   0.00   0.00  
C  2.332970751233e-01 2.332970751233e-01 4.332145032891e-04  1 1 1   0.00   0.00   0.00  
C  1.993851197996e-01 1.993851197996e-01 1.693778478960e-01  1 1 1   0.00   0.00   0.00  
C  2.658181522393e-01 2.658181522393e-01 1.693491236937e-01  1 1 1   0.00   0.00   0.00  
C  2.999632432412e-01 1.999656208719e-01 4.693268072402e-04  1 1 1   0.00   0.00   0.00  
C  3.332927852875e-01 2.332951220714e-01 4.561789978890e-04  1 1 1   0.00   0.00   0.00  
C  2.993502860329e-01 1.991900087596e-01 1.693459732420e-01  1 1 1   0.00   0.00   0.00  
C  3.655822840044e-01 2.654384214551e-01 1.694381697600e-01  1 1 1   0.00   0.00   0.00  
C  3.999576995585e-01 1.999649562808e-01 4.849286398796e-04  1 1 1   0.00   0.00   0.00  
C  4.332880854386e-01 2.332985314920e-01 4.548653678945e-04  1 1 1   0.00   0.00   0.00  
C  3.992699151455e-01 1.991534627883e-01 1.694321796373e-01  1 1 1   0.00   0.00   0.00  
C  4.649925442758e-01 2.669705460982e-01 1.695017663873e-01  1 1 1   0.00   0.00   0.00  
C  4.999492129912e-01 1.999744706487e-01 4.615083502899e-04  1 1 1   0.00   0.00   0.00  
C  5.332737253737e-01 2.333156853028e-01 4.026897597325e-04  1 1 1   0.00   0.00   0.00  
C  4.988575134647e-01 2.004842428721e-01 1.694538128788e-01  1 1 1   0.00   0.00   0.00  
C  5.634307611189e-01 2.700484981121e-01 1.696392835521e-01  1 1 1   0.00   0.00   0.00  
C  5.999369468375e-01 1.999910039645e-01 4.234450891196e-04  1 1 1   0.00   0.00   0.00  
C  6.332676067351e-01 2.333276264708e-01 3.736726719007e-04  1 1 1   0.00   0.00   0.00  
C  5.978381717886e-01 2.025906636456e-01 1.695311077270e-01  1 1 1   0.00   0.00   0.00  
C  6.612152964462e-01 2.720003286517e-01 1.697190990453e-01  1 1 1   0.00   0.00   0.00  
C  6.999386683887e-01 1.999957403219e-01 3.945488021641e-04  1 1 1   0.00   0.00   0.00  
C  7.332807067821e-01 2.333235614406e-01 3.355985077648e-04  1 1 1   0.00   0.00   0.00  
C  6.962274722343e-01 2.041150056545e-01 1.696156911055e-01  1 1 1   0.00   0.00   0.00  
C  7.637536605629e-01 2.691325739415e-01 1.696181546012e-01  1 1 1   0.00   0.00   0.00  
C  7.999470731350e-01 1.999926652273e-01 3.816193701713e-04  1 1 1   0.00   0.00   0.00  
C  8.332900039722e-01 2.333158548181e-01 3.353528718890e-04  1 1 1   0.00   0.00   0.00  
C  7.975957644970e-01 2.022196915795e-01 1.696016329266e-01  1 1 1   0.00   0.00   0.00  
C  8.652685258265e-01 2.674999793349e-01 1.694979671707e-01  1 1 1   0.00   0.00   0.00  
C  8.999604050609e-01 1.999821007791e-01 4.027687150677e-04  1 1 1   0.00   0.00   0.00  
C  9.332975978326e-01 2.333067616196e-01 3.882221469720e-04  1 1 1   0.00   0.00   0.00  
C  8.987068657712e-01 2.007566769726e-01 1.695013142027e-01  1 1 1   0.00   0.00   0.00  
C  9.658587735083e-01 2.667368626351e-01 1.695914542063e-01  1 1 1   0.00   0.00   0.00  
C  9.999707174133e-01 2.999710242015e-01 4.536684782535e-04  1 1 1   0.00   0.00   0.00  
C  3.330284441796e-02 3.333022103947e-01 4.490690836533e-04  1 1 1   0.00   0.00   0.00  
C  9.993435084489e-01 2.999114769548e-01 1.696118858477e-01  1 1 1   0.00   0.00   0.00  
C  6.617192043163e-02 3.663488377704e-01 1.696325983818e-01  1 1 1   0.00   0.00   0.00  
C  9.996779897730e-02 2.999678743810e-01 4.666349715776e-04  1 1 1   0.00   0.00   0.00  
C  1.332998371977e-01 3.332986623881e-01 4.469467133271e-04  1 1 1   0.00   0.00   0.00  
C  9.935678723280e-02 2.996263379933e-01 1.694948688831e-01  1 1 1   0.00   0.00   0.00  
C  1.659192039299e-01 3.660225516021e-01 1.694515031397e-01  1 1 1   0.00   0.00   0.00  
C  1.999656208719e-01 2.999632432412e-01 4.693268072402e-04  1 1 1   0.00   0.00   0.00  
C  2.332951220714e-01 3.332927852875e-01 4.561789978890e-04  1 1 1   0.00   0.00   0.00  
C  1.991900087596e-01 2.993502860329e-01 1.693459732420e-01  1 1 1   0.00   0.00   0.00  
C  2.654384214551e-01 3.655822840044e-01 1.694381697600e-01  1 1 1   0.00   0.00   0.00  
C  2.999610164848e-01 2.999610164848e-01 4.931309119892e-04  1 1 1   0.00   0.00   0.00  
C  3.332911832892e-01 3.332911832892e-01 4.710672681302e-04  1 1 1   0.00   0.00   0.00  
C  2.989554058130e-01 2.989554058130e-01 1.693727819488e-01  1 1 1   0.00   0.00   0.00  
C  3.646622593624e-01 3.646622593624e-01 1.695844561762e-01  1 1 1   0.00   0.00   0.00  
C  3.999566854364e-01 2.999640886234e-01 4.852065183324e-04  1 1 1   0.00   0.00   0.00  
C  4.332857776553e-01 3.332986437593e-01 4.223885057413e-04  1 1 1   0.00   0.00   0.00  
C  3.986412015773e-01 2.984961838928e-01 1.694939279871e-01  1 1 1   0.00   0.00   0.00  
C  4.626607334227e-01 3.680409524933e-01 1.696587550492e-01  1 1 1   0.00   0.00   0.00  
C  4.999452684208e-01 2.999748741577e-01 4.029098733835e-04  1 1 1   0.00   0.00   0.00  
C  5.332742612925e-01 3.333124816109e-01 3.500364593230e-04  1 1 1   0.00   0.00   0.00  
C  4.973623347211e-01 3.015498149436e-01 1.695767864571e-01  1 1 1   0.00   0.00   0.00  
C  5.552254171318e-01 3.774323556675e-01 1.697577430999e-01  1 1 1   0.00   0.00   0.00  
C  5.999317280482e-01 2.999907660291e-01 3.847971863810e-04  1 1 1   0.00   0.00   0.00  
C  6.332793914097e-01 3.333117482324e-01 3.535263845474e-04  1 1 1   0.00   0.00   0.00  
C  5.928622997848e-01 3.072892959406e-01 1.696775815137e-01  1 1 1   0.00   0.00   0.00  
C  6.628409077474e-01 3.703130304466e-01 1.696586317892e-01  1 1 1   0.00   0.00   0.00  
C  6.999504818822e-01 2.999861138433e-01 3.314398786755e-04  1 1 1   0.00   0.00   0.00  
C  7.332976762765e-01 3.333067277209e-01 2.875565216858e-04  1 1 1   0.00   0.00   0.00  
C  6.963199432801e-01 3.035843208877e-01 1.696778728674e-01  1 1 1   0.00   0.00   0.00  
C  7.653437819184e-01 3.678779532418e-01 1.695185115405e-01  1 1 1   0.00   0.00   0.00  
C  7.999635339838e-01 2.999774132485e-01 3.099445116772e-04  1 1 1   0.00   0.00   0.00  
C  8.333005642454e-01 3.333062885840e-01 3.061606512328e-04  1 1 1   0.00   0.00   0.00  
C  7.982516801374e-01 3.013761670045e-01 1.695034933526e-01  1 1 1   0.00   0.00   0.00  
C  8.660313709513e-01 3.670801528205e-01 1.696335931695e-01  1 1 1   0.00   0.00   0.00  
C  8.999680609476e-01 2.999737799646e-01 3.865854763233e-04  1 1 1   0.00   0.00   0.00  
C  9.333019282712e-01 3.333047851805e-01 4.033885479982e-04  1 1 1   0.00   0.00   0.00  
C  8.990574531290e-01 3.003946984130e-01 1.695460388303e-01  1 1 1   0.00   0.00   0.00  
C  9.662227066956e-01 3.666533901998e-01 1.697314374325e-01  1 1 1   0.00   0.00   0.00  
C  9.999726171169e-01 3.999707246338e-01 4.802373725138e-04  1 1 1   0.00   0.00   0.00  
C  3.330437159875e-02 4.333012174314e-01 4.687411195983e-04  1 1 1   0.00   0.00   0.00  
C  9.996264036755e-01 3.999149581958e-01 1.697281073369e-01  1 1 1   0.00   0.00   0.00  
C  6.668094162242e-02 4.663582716610e-01 1.697295735760e-01  1 1 1   0.00   0.00   0.00  
C  9.997044696600e-02 3.999634089536e-01 4.872606055483e-04  1 1 1   0.00   0.00   0.00  
C  1.333035480490e-01 4.332939200272e-01 4.644065321535e-04  1 1 1   0.00   0.00   0.00  
C  9.947451075589e-02 3.996336208936e-01 1.695833428279e-01  1 1 1   0.00   0.00   0.00  
C  1.666888647865e-01 4.659214828465e-01 1.695317719036e-01  1 1 1   0.00   0.00   0.00  
C  1.999649562808e-01 3.999576995585e-01 4.849286398796e-04  1 1 1   0.00   0.00   0.00  
C  2.332985314920e-01 4.332880854386e-01 4.548653678945e-04  1 1 1   0.00   0.00   0.00  
C  1.991534627883e-01 3.992699151455e-01 1.694321796373e-01  1 1 1   0.00   0.00   0.00  
C  2.669705460982e-01 4.649925442758e-01 1.695017663873e-01  1 1 1   0.00   0.00   0.00  
C  2.999640886234e-01 3.999566854364e-01 4.852065183324e-04  1 1 1   0.00   0.00   0.00  
C  3.332986437593e-01 4.332857776553e-01 4.223885057413e-04  1 1 1   0.00   0.00   0.00  
C  2.984961838928e-01 3.986412015773e-01 1.694939279871e-01  1 1 1   0.00   0.00   0.00  
C  3.680409524933e-01 4.626607334227e-01 1.696587550492e-01  1 1 1   0.00   0.00   0.00  
C  3.999608405493e-01 3.999608405493e-01 4.344734786044e-04  1 1 1   0.00   0.00   0.00  
C  4.332845360407e-01 4.332845360407e-01 3.603816972863e-04  1 1 1   0.00   0.00   0.00  
C  3.971275159701e-01 3.971275159701e-01 1.696244998783e-01  1 1 1   0.00   0.00   0.00  
C  4.999367255127e-01 3.999578342411e-01 4.267279259638e-04  1 1 1   0.00   0.00   0.00  
C  5.332747587568e-01 4.332798214557e-01 5.576471748009e-04  1 1 1   0.00   0.00   0.00  
C  4.854948994388e-01 4.104902144604e-01 1.696902206308e-01  1 1 1   0.00   0.00   0.00  
C  5.675432168379e-01 4.708518545237e-01 1.693601976815e-01  1 1 1   0.00   0.00   0.00  
C  5.999428905588e-01 3.999656825865e-01 4.421986244333e-04  1 1 1   0.00   0.00   0.00  
C  6.332959211669e-01 4.332878271991e-01 4.184749819151e-04  1 1 1   0.00   0.00   0.00  
C  5.948126243009e-01 4.056109391235e-01 1.696469121371e-01  1 1 1   0.00   0.00   0.00  
C  6.673531950810e-01 4.680773060597e-01 1.695199996110e-01  1 1 1   0.00   0.00   0.00  
C  6.999671344040e-01 3.999689282456e-01 3.439791557262e-04  1 1 1   0.00   0.00   0.00  
C  7.333033452952e-01 4.333001978090e-01 3.327846164007e-04  1 1 1   0.00   0.00   0.00  
C  6.983668832427e-01 4.017952238155e-01 1.695238234498e-01  1 1 1   0.00   0.00   0.00  
C  7.670964039586e-01 4.673675181015e-01 1.695065566671e-01  1 1 1   0.00   0.00   0.00  
C  7.999726369934e-01 3.999680685031e-01 3.376099479374e-04  1 1 1   0.00   0.00   0.00  
C  8.333061594890e-01 4.333014306103e-01 3.551288923702e-04  1 1 1   0.00   0.00   0.00  
C  7.993737084961e-01 4.007099980407e-01 1.695274429854e-01  1 1 1   0.00   0.00   0.00  
C  8.669449115790e-01 4.669328030866e-01 1.696865824870e-01  1 1 1   0.00   0.00   0.00  
C  8.999722161978e-01 3.999728736081e-01 4.239294091700e-04  1 1 1   0.00   0.00   0.00  
C  9.333059112651e-01 4.333081815112e-01 4.382363117580e-04  1 1 1   0.00   0.00   0.00  
C  8.996404327349e-01 4.002375085708e-01 1.697026603563e-01  1 1 1   0.00   0.00   0.00  
C  9.667916950965e-01 4.666423669509e-01 1.697832873562e-01  1 1 1   0.00   0.00   0.00  
C  9.999749582976e-01 4.999698433536e-01 4.826892879719e-04  1 1 1   0.00   0.00   0.00  
C  3.330884533303e-02 5.333028502439e-01 4.549193874240e-04  1 1 1   0.00   0.00   0.00  
C  1.818921641285e-04 4.999383821313e-01 1.697567049265e-01  1 1 1   0.00   0.00   0.00  
C  6.743472828004e-02 5.662270130726e-01 1.696305482294e-01  1 1 1   0.00   0.00   0.00  
C  9.997500589340e-02 4.999623290207e-01 4.830374566160e-04  1 1 1   0.00   0.00   0.00  
C  1.333101608914e-01 5.332877912729e-01 4.421485801784e-04  1 1 1   0.00   0.00   0.00  
C  1.001664377338e-01 4.995609555714e-01 1.696375998403e-01  1 1 1   0.00   0.00   0.00  
C  1.681373174516e-01 5.654414608967e-01 1.694859687631e-01  1 1 1   0.00   0.00   0.00  
C  1.999744706487e-01 4.999492129912e-01 4.615083502899e-04  1 1 1   0.00   0.00   0.00  
C  2.333156853028e-01 5.332737253737e-01 4.026897597325e-04  1 1 1   0.00   0.00   0.00  
C  2.004842428721e-01 4.988575134647e-01 1.694538128788e-01  1 1 1   0.00   0.00   0.00  
C  2.700484981121e-01 5.634307611189e-01 1.696392835521e-01  1 1 1   0.00   0.00   0.00  
C  2.999748741577e-01 4.999452684208e-01 4.029098733835e-04  1 1 1   0.00   0.00   0.00  
C  3.333124816109e-01 5.332742612925e-01 3.500364593230e-04  1 1 1   0.00   0.00   0.00  
C  3.015498149436e-01 4.973623347211e-01 1.695767864571e-01  1 1 1   0.00   0.00   0.00  
C  3.774323556675e-01 5.552254171318e-01 1.697577430999e-01  1 1 1   0.00   0.00   0.00  
C  3.999578342411e-01 4.999367255127e-01 4.267279259638e-04  1 1 1   0.00   0.00   0.00  
C  4.332798214557e-01 5.332747587568e-01 5.576471748009e-04  1 1 1   0.00   0.00   0.00  
C  4.104902144604e-01 4.854948994388e-01 1.696902206308e-01  1 1 1   0.00   0.00   0.00  
C  4.708518545237e-01 5.675432168379e-01 1.693601976815e-01  1 1 1   0.00   0.00   0.00  
C  4.999398471974e-01 4.999398471974e-01 7.487739701163e-04  1 1 1   0.00   0.00   0.00  
C  5.332825701580e-01 5.332825701580e-01 7.217246019283e-04  1 1 1   0.00   0.00   0.00  
C  5.686480806525e-01 5.686480806525e-01 1.695080976371e-01  1 1 1   0.00   0.00   0.00  
C  5.999727761267e-01 4.999525195371e-01 5.747156445496e-04  1 1 1   0.00   0.00   0.00  
C  6.333071332370e-01 5.332972513768e-01 4.702485185012e-04  1 1 1   0.00   0.00   0.00  
C  6.013232486255e-01 5.024519395893e-01 1.694488983138e-01  1 1 1   0.00   0.00   0.00  
C  6.679710438732e-01 5.676623507039e-01 1.694894983302e-01  1 1 1   0.00   0.00   0.00  
C  6.999766907223e-01 4.999667346642e-01 4.086163665253e-04  1 1 1   0.00   0.00   0.00  
C  7.333114134641e-01 5.333036036638e-01 3.702506075943e-04  1 1 1   0.00   0.00   0.00  
C  7.007916286559e-01 5.011291574315e-01 1.694674575087e-01  1 1 1   0.00   0.00   0.00  
C  7.675285680247e-01 5.672340043803e-01 1.694578163280e-01  1 1 1   0.00   0.00   0.00  
C  7.999791450578e-01 4.999706168001e-01 3.858053546974e-04  1 1 1   0.00   0.00   0.00  
C  8.333102392502e-01 5.333059346657e-01 3.970859998524e-04  1 1 1   0.00   0.00   0.00  
C  8.004788581746e-01 5.005485193634e-01 1.695115028056e-01  1 1 1   0.00   0.00   0.00  
C  8.672966059421e-01 5.669579161718e-01 1.696100138236e-01  1 1 1   0.00   0.00   0.00  
C  8.999801189551e-01 4.999732703650e-01 4.496202854995e-04  1 1 1   0.00   0.00   0.00  
C  9.333136269467e-01 5.333077167264e-01 4.458370107967e-04  1 1 1   0.00   0.00   0.00  
C  9.003032459146e-01 5.002162340211e-01 1.697013263477e-01  1 1 1   0.00   0.00   0.00  
C  9.672440232863e-01 5.666643207180e-01 1.697218757114e-01  1 1 1   0.00   0.00   0.00  
C  9.999821868182e-01 5.999680851570e-01 4.633324084153e-04  1 1 1   0.00   0.00   0.00  
C  3.332016653874e-02 6.332974127455e-01 4.342389575289e-04  1 1 1   0.00   0.00   0.00  
C  7.497481068970e-04 5.998519730129e-01 1.696411569673e-01  1 1 1   0.00   0.00   0.00  
C  6.811438991290e-02 6.658540477639e-01 1.695026395435e-01  1 1 1   0.00   0.00   0.00  
C  9.998322231291e-02 5.999552119385e-01 4.533986754662e-04  1 1 1   0.00   0.00   0.00  
C  1.333241164669e-01 6.332798067051e-01 4.146796699118e-04  1 1 1   0.00   0.00   0.00  
C  1.012822290534e-01 5.991770736567e-01 1.694882633254e-01  1 1 1   0.00   0.00   0.00  
C  1.693380527176e-01 6.643478662353e-01 1.695849752916e-01  1 1 1   0.00   0.00   0.00  
C  1.999910039645e-01 5.999369468375e-01 4.234450891196e-04  1 1 1   0.00   0.00   0.00  
C  2.333276264708e-01 6.332676067351e-01 3.736726719007e-04  1 1 1   0.00   0.00   0.00  
C  2.025906636456e-01 5.978381717886e-01 1.695311077270e-01  1 1 1   0.00   0.00   0.00  
C  2.720003286517e-01 6.612152964462e-01 1.697190990453e-01  1 1 1   0.00   0.00   0.00  
C  2.999907660291e-01 5.999317280482e-01 3.847971863810e-04  1 1 1   0.00   0.00   0.00  
C  3.333117482324e-01 6.332793914097e-01 3.535263845474e-04  1 1 1   0.00   0.00   0.00  
C  3.072892959406e-01 5.928622997848e-01 1.696775815137e-01  1 1 1   0.00   0.00   0.00  
C  3.703130304466e-01 6.628409077474e-01 1.696586317892e-01  1 1 1   0.00   0.00   0.00  
C  3.999656825865e-01 5.999428905588e-01 4.421986244333e-04  1 1 1   0.00   0.00   0.00  
C  4.332878271991e-01 6.332959211669e-01 4.184749819151e-04  1 1 1   0.00   0.00   0.00  
C  4.056109391235e-01 5.948126243009e-01 1.696469121371e-01  1 1 1   0.00   0.00   0.00  
C  4.680773060597e-01 6.673531950810e-01 1.695199996110e-01  1 1 1   0.00   0.00   0.00  
C  4.999525195371e-01 5.999727761267e-01 5.747156445496e-04  1 1 1   0.00   0.00   0.00  
C  5.332972513768e-01 6.333071332370e-01 4.702485185012e-04  1 1 1   0.00   0.00   0.00  
C  5.024519395893e-01 6.013232486255e-01 1.694488983138e-01  1 1 1   0.00   0.00   0.00  
C  5.676623507039e-01 6.679710438732e-01 1.694894983302e-01  1 1 1   0.00   0.00   0.00  
C  5.999734959029e-01 5.999734959029e-01 4.745615375107e-04  1 1 1   0.00   0.00   0.00  
C  6.333053549830e-01 6.333053549830e-01 4.289941774916e-04  1 1 1   0.00   0.00   0.00  
C  6.015029247621e-01 6.015029247621e-01 1.695032868461e-01  1 1 1   0.00   0.00   0.00  
C  6.675491015212e-01 6.675491015212e-01 1.694085996766e-01  1 1 1   0.00   0.00   0.00  
C  6.999827519755e-01 5.999687503612e-01 4.182531153889e-04  1 1 1   0.00   0.00   0.00  
C  7.333148383496e-01 6.333056844070e-01 4.001425003578e-04  1 1 1   0.00   0.00   0.00  
C  7.010679262985e-01 6.008623972863e-01 1.694132469469e-01  1 1 1   0.00   0.00   0.00  
C  7.674290672446e-01 6.672263698505e-01 1.694310230684e-01  1 1 1   0.00   0.00   0.00  
C  7.999815981361e-01 5.999765528297e-01 4.231617834391e-04  1 1 1   0.00   0.00   0.00  
C  8.333150051304e-01 6.333139921085e-01 4.228568087361e-04  1 1 1   0.00   0.00   0.00  
C  8.007571337972e-01 6.005336766532e-01 1.694568822405e-01  1 1 1   0.00   0.00   0.00  
C  8.673816233723e-01 6.669653841769e-01 1.695463508033e-01  1 1 1   0.00   0.00   0.00  
C  8.999824882781e-01 5.999787504038e-01 4.565914589174e-04  1 1 1   0.00   0.00   0.00  
C  9.333156697353e-01 6.333086966048e-01 4.360838421912e-04  1 1 1   0.00   0.00   0.00  
C  9.006267699811e-01 6.002366671298e-01 1.696077471867e-01  1 1 1   0.00   0.00   0.00  
C  9.675499555954e-01 6.665934732356e-01 1.696009074377e-01  1 1 1   0.00   0.00   0.00  
C  9.999919132249e-01 6.999670012678e-01 4.583428817425e-04  1 1 1   0.00   0.00   0.00  
C  3.332856868627e-02 7.332936611292e-01 4.389228310433e-04  1 1 1   0.00   0.00   0.00  
C  1.150422020044e-03 6.996493463474e-01 1.695208608158e-01  1 1 1   0.00   0.00   0.00  
C  6.835731837006e-02 7.653914660533e-01 1.695570817901e-01  1 1 1   0.00   0.00   0.00  
C  1.000005722250e-01 6.999437038187e-01 4.509089744025e-04  1 1 1   0.00   0.00   0.00  
C  1.333338241339e-01 7.332807669123e-01 4.135593260005e-04  1 1 1   0.00   0.00   0.00  
C  1.020610274326e-01 6.985602969644e-01 1.695053262604e-01  1 1 1   0.00   0.00   0.00  
C  1.695575535551e-01 7.637294861565e-01 1.696514445858e-01  1 1 1   0.00   0.00   0.00  
C  1.999957403219e-01 6.999386683887e-01 3.945488021641e-04  1 1 1   0.00   0.00   0.00  
C  2.333235614406e-01 7.332807067821e-01 3.355985077648e-04  1 1 1   0.00   0.00   0.00  
C  2.041150056545e-01 6.962274722343e-01 1.696156911055e-01  1 1 1   0.00   0.00   0.00  
C  2.691325739415e-01 7.637536605629e-01 1.696181546012e-01  1 1 1   0.00   0.00   0.00  
C  2.999861138433e-01 6.999504818822e-01 3.314398786755e-04  1 1 1   0.00   0.00   0.00  
C  3.333067277209e-01 7.332976762765e-01 2.875565216858e-04  1 1 1   0.00   0.00   0.00  
C  3.035843208877e-01 6.963199432801e-01 1.696778728674e-01  1 1 1   0.00   0.00   0.00  
C  3.678779532418e-01 7.653437819184e-01 1.695185115405e-01  1 1 1   0.00   0.00   0.00  
C  3.999689282456e-01 6.999671344040e-01 3.439791557262e-04  1 1 1   0.00   0.00   0.00  
C  4.333001978090e-01 7.333033452952e-01 3.327846164007e-04  1 1 1   0.00   0.00   0.00  
C  4.017952238155e-01 6.983668832427e-01 1.695238234498e-01  1 1 1   0.00   0.00   0.00  
C  4.673675181015e-01 7.670964039586e-01 1.695065566671e-01  1 1 1   0.00   0.00   0.00  
C  4.999667346642e-01 6.999766907223e-01 4.086163665253e-04  1 1 1   0.00   0.00   0.00  
C  5.333036036638e-01 7.333114134641e-01 3.702506075943e-04  1 1 1   0.00   0.00   0.00  
C  5.011291574315e-01 7.007916286559e-01 1.694674575087e-01  1 1 1   0.00   0.00   0.00  
C  5.672340043803e-01 7.675285680247e-01 1.694578163280e-01  1 1 1   0.00   0.00   0.00  
C  5.999687503612e-01 6.999827519755e-01 4.182531153889e-04  1 1 1   0.00   0.00   0.00  
C  6.333056844070e-01 7.333148383496e-01 4.001425003578e-04  1 1 1   0.00   0.00   0.00  
C  6.008623972863e-01 7.010679262985e-01 1.694132469469e-01  1 1 1   0.00   0.00   0.00  
C  6.672263698505e-01 7.674290672446e-01 1.694310230684e-01  1 1 1   0.00   0.00   0.00  
C  6.999802364301e-01 6.999802364301e-01 4.267781981835e-04  1 1 1   0.00   0.00   0.00  
C  7.333117445231e-01 7.333117445231e-01 4.265493894757e-04  1 1 1   0.00   0.00   0.00  
C  7.007558093207e-01 7.007558093207e-01 1.693758406825e-01  1 1 1   0.00   0.00   0.00  
C  7.672451993213e-01 7.672451993213e-01 1.694791352269e-01  1 1 1   0.00   0.00   0.00  
C  7.999857899697e-01 6.999787842091e-01 4.512303235088e-04  1 1 1   0.00   0.00   0.00  
C  8.333196009698e-01 7.333129976465e-01 4.358840946107e-04  1 1 1   0.00   0.00   0.00  
C  8.007018106330e-01 7.005045786658e-01 1.694456765055e-01  1 1 1   0.00   0.00   0.00  
C  8.673392623278e-01 7.669610540659e-01 1.695665835984e-01  1 1 1   0.00   0.00   0.00  
C  8.999847959677e-01 6.999791380128e-01 4.557933470314e-04  1 1 1   0.00   0.00   0.00  
C  9.333207514947e-01 7.333109401271e-01 4.377599639728e-04  1 1 1   0.00   0.00   0.00  
C  9.007862843709e-01 7.001944388101e-01 1.695542441210e-01  1 1 1   0.00   0.00   0.00  
C  9.676535993004e-01 7.664223128041e-01 1.695666134697e-01  1 1 1   0.00   0.00   0.00  
C  9.999940668825e-01 7.999655904716e-01 4.737766963291e-04  1 1 1   0.00   0.00   0.00  
C  3.333035479416e-02 8.332980188609e-01 4.558132172878e-04  1 1 1   0.00   0.00   0.00  
C  1.242100075384e-03 7.994465228605e-01 1.695358708172e-01  1 1 1   0.00   0.00   0.00  
C  6.796947511802e-02 8.653068999539e-01 1.696312229429e-01  1 1 1   0.00   0.00   0.00  
C  9.999868424805e-02 7.999537336560e-01 4.552850801579e-04  1 1 1   0.00   0.00   0.00  
C  1.333263276011e-01 8.332894660305e-01 4.153656852371e-04  1 1 1   0.00   0.00   0.00  
C  1.021893424346e-01 7.981212956614e-01 1.695991608322e-01  1 1 1   0.00   0.00   0.00  
C  1.679832525859e-01 8.648639921505e-01 1.695602562143e-01  1 1 1   0.00   0.00   0.00  
C  1.999926652273e-01 7.999470731350e-01 3.816193701713e-04  1 1 1   0.00   0.00   0.00  
C  2.333158548181e-01 8.332900039722e-01 3.353528718890e-04  1 1 1   0.00   0.00   0.00  
C  2.022196915795e-01 7.975957644970e-01 1.696016329266e-01  1 1 1   0.00   0.00   0.00  
C  2.674999793349e-01 8.652685258265e-01 1.694979671707e-01  1 1 1   0.00   0.00   0.00  
C  2.999774132485e-01 7.999635339838e-01 3.099445116772e-04  1 1 1   0.00   0.00   0.00  
C  3.333062885840e-01 8.333005642454e-01 3.061606512328e-04  1 1 1   0.00   0.00   0.00  
C  3.013761670045e-01 7.982516801374e-01 1.695034933526e-01  1 1 1   0.00   0.00   0.00  
C  3.670801528205e-01 8.660313709513e-01 1.696335931695e-01  1 1 1   0.00   0.00   0.00  
C  3.999680685031e-01 7.999726369934e-01 3.376099479374e-04  1 1 1   0.00   0.00   0.00  
C  4.333014306103e-01 8.333061594890e-01 3.551288923702e-04  1 1 1   0.00   0.00   0.00  
C  4.007099980407e-01 7.993737084961e-01 1.695274429854e-01  1 1 1   0.00   0.00   0.00  
C  4.669328030866e-01 8.669449115790e-01 1.696865824870e-01  1 1 1   0.00   0.00   0.00  
C  4.999706168001e-01 7.999791450578e-01 3.858053546974e-04  1 1 1   0.00   0.00   0.00  
C  5.333059346657e-01 8.333102392502e-01 3.970859998524e-04  1 1 1   0.00   0.00   0.00  
C  5.005485193634e-01 8.004788581746e-01 1.695115028056e-01  1 1 1   0.00   0.00   0.00  
C  5.669579161718e-01 8.672966059421e-01 1.696100138236e-01  1 1 1   0.00   0.00   0.00  
C  5.999765528297e-01 7.999815981361e-01 4.231617834391e-04  1 1 1   0.00   0.00   0.00  
C  6.333139921085e-01 8.333150051304e-01 4.228568087361e-04  1 1 1   0.00   0.00   0.00  
C  6.005336766532e-01 8.007571337972e-01 1.694568822405e-01  1 1 1   0.00   0.00   0.00  
C  6.669653841769e-01 8.673816233723e-01 1.695463508033e-01  1 1 1   0.00   0.00   0.00  
C  6.999787842091e-01 7.999857899697e-01 4.512303235088e-04  1 1 1   0.00   0.00   0.00  
C  7.333129976465e-01 8.333196009698e-01 4.358840946107e-04  1 1 1   0.00   0.00   0.00  
C  7.005045786658e-01 8.007018106330e-01 1.694456765055e-01  1 1 1   0.00   0.00   0.00  
C  7.669610540659e-01 8.673392623278e-01 1.695665835984e-01  1 1 1   0.00   0.00   0.00  
C  7.999852734193e-01 7.999852734193e-01 4.612224713408e-04  1 1 1   0.00   0.00   0.00  
C  8.333158802195e-01 8.333158802195e-01 4.461965398662e-04  1 1 1   0.00   0.00   0.00  
C  8.005370909685e-01 8.005370909685e-01 1.695107231278e-01  1 1 1   0.00   0.00   0.00  
C  8.670583660998e-01 8.670583660998e-01 1.696465756262e-01  1 1 1   0.00   0.00   0.00  
C  8.999899265777e-01 7.999745497372e-01 4.677927528326e-04  1 1 1   0.00   0.00   0.00  
C  9.333254353043e-01 8.333082199387e-01 4.570769717639e-04  1 1 1   0.00   0.00   0.00  
C  9.007253162474e-01 8.001872327456e-01 1.695787357502e-01  1 1 1   0.00   0.00   0.00  
C  9.673717589122e-01 8.663951077623e-01 1.696574355189e-01  1 1 1   0.00   0.00   0.00  
C  9.999889271341e-01 8.999678408137e-01 5.006645880939e-04  1 1 1   0.00   0.00   0.00  
C  3.331949544748e-02 9.333025832050e-01 4.712161150528e-04  1 1 1   0.00   0.00   0.00  
C  7.801163005854e-04 8.995110605715e-01 1.696633387360e-01  1 1 1   0.00   0.00   0.00  
C  6.692246925206e-02 9.659095577955e-01 1.696618629285e-01  1 1 1   0.00   0.00   0.00  
C  9.998853028181e-02 8.999622908119e-01 4.622427319012e-04  1 1 1   0.00   0.00   0.00  
C  1.333159751602e-01 9.333007719732e-01 4.284845137730e-04  1 1 1   0.00   0.00   0.00  
C  1.010225130844e-01 8.987889617901e-01 1.695844147217e-01  1 1 1   0.00   0.00   0.00  
C  1.669041252528e-01 9.656749018589e-01 1.695751297349e-01  1 1 1   0.00   0.00   0.00  
C  1.999821007791e-01 8.999604050609e-01 4.027687150677e-04  1 1 1   0.00   0.00   0.00  
C  2.333067616196e-01 9.332975978326e-01 3.882221469720e-04  1 1 1   0.00   0.00   0.00  
C  2.007566769726e-01 8.987068657712e-01 1.695013142027e-01  1 1 1   0.00   0.00   0.00  
C  2.667368626351e-01 9.658587735083e-01 1.695914542063e-01  1 1 1   0.00   0.00   0.00  
C  2.999737799646e-01 8.999680609476e-01 3.865854763233e-04  1 1 1   0.00   0.00   0.00  
C  3.333047851805e-01 9.333019282712e-01 4.033885479982e-04  1 1 1   0.00   0.00   0.00  
C  3.003946984130e-01 8.990574531290e-01 1.695460388303e-01  1 1 1   0.00   0.00   0.00  
C  3.666533901998e-01 9.662227066956e-01 1.697314374325e-01  1 1 1   0.00   0.00   0.00  
C  3.999728736081e-01 8.999722161978e-01 4.239294091700e-04  1 1 1   0.00   0.00   0.00  
C  4.333081815112e-01 9.333059112651e-01 4.382363117580e-04  1 1 1   0.00   0.00   0.00  
C  4.002375085708e-01 8.996404327349e-01 1.697026603563e-01  1 1 1   0.00   0.00   0.00  
C  4.666423669509e-01 9.667916950965e-01 1.697832873562e-01  1 1 1   0.00   0.00   0.00  
C  4.999732703650e-01 8.999801189551e-01 4.496202854995e-04  1 1 1   0.00   0.00   0.00  
C  5.333077167264e-01 9.333136269467e-01 4.458370107967e-04  1 1 1   0.00   0.00   0.00  
C  5.002162340211e-01 9.003032459146e-01 1.697013263477e-01  1 1 1   0.00   0.00   0.00  
C  5.666643207180e-01 9.672440232863e-01 1.697218757114e-01  1 1 1   0.00   0.00   0.00  
C  5.999787504038e-01 8.999824882781e-01 4.565914589174e-04  1 1 1   0.00   0.00   0.00  
C  6.333086966048e-01 9.333156697353e-01 4.360838421912e-04  1 1 1   0.00   0.00   0.00  
C  6.002366671298e-01 9.006267699811e-01 1.696077471867e-01  1 1 1   0.00   0.00   0.00  
C  6.665934732356e-01 9.675499555954e-01 1.696009074377e-01  1 1 1   0.00   0.00   0.00  
C  6.999791380128e-01 8.999847959677e-01 4.557933470314e-04  1 1 1   0.00   0.00   0.00  
C  7.333109401271e-01 9.333207514947e-01 4.377599639728e-04  1 1 1   0.00   0.00   0.00  
C  7.001944388101e-01 9.007862843709e-01 1.695542441210e-01  1 1 1   0.00   0.00   0.00  
C  7.664223128041e-01 9.676535993004e-01 1.695666134697e-01  1 1 1   0.00   0.00   0.00  
C  7.999745497372e-01 8.999899265777e-01 4.677927528326e-04  1 1 1   0.00   0.00   0.00  
C  8.333082199387e-01 9.333254353043e-01 4.570769717639e-04  1 1 1   0.00   0.00   0.00  
C  8.001872327456e-01 9.007253162474e-01 1.695787357502e-01  1 1 1   0.00   0.00   0.00  
C  8.663951077623e-01 9.673717589122e-01 1.696574355189e-01  1 1 1   0.00   0.00   0.00  
C  8.999824221623e-01 8.999824221623e-01 4.958244506456e-04  1 1 1   0.00   0.00   0.00  
C  9.333134542651e-01 9.333134542651e-01 4.819577098954e-04  1 1 1   0.00   0.00   0.00  
C  9.003507581988e-01 9.003507581988e-01 1.696576770883e-01  1 1 1   0.00   0.00   0.00  
C  9.666408970733e-01 9.666408970733e-01 1.697487738911e-01  1 1 1   0.00   0.00   0.00  
O  5.039693429710e-01 5.039693429710e-01 1.691112237266e-01  1 1 1   0.00   0.00   0.00  
"  
