     -4.210  0.3633E-03  0.1258E-03  0.4750E-01  0.1258E-03  0.0000E+00  0.0000E+00  0.0000E+00  0.0000E+00  0.0000E+00
     -4.200  0.3617E-03  0.9668E-04  0.4758E-01  0.9668E-04  0.0000E+00  0.0000E+00  0.0000E+00  0.0000E+00  0.0000E+00
     -4.190  0.3594E-03  0.8288E-04  0.4753E-01  0.8288E-04  0.0000E+00  0.0000E+00  0.0000E+00  0.0000E+00  0.0000E+00
     -4.180  0.3548E-03  0.7652E-04  0.4709E-01  0.7652E-04  0.0000E+00  0.0000E+00  0.0000E+00  0.0000E+00  0.0000E+00
     -4.170  0.3463E-03  0.7327E-04  0.4606E-01  0.7327E-04  0.0000E+00  0.0000E+00  0.0000E+00  0.0000E+00  0.0000E+00
     -4.160  0.3335E-03  0.7100E-04  0.4437E-01  0.7100E-04  0.0000E+00  0.0000E+00  0.0000E+00  0.0000E+00  0.0000E+00
     -4.150  0.3173E-03  0.6886E-04  0.4215E-01  0.6886E-04  0.0000E+00  0.0000E+00  0.0000E+00  0.0000E+00  0.0000E+00
     -4.140  0.2997E-03  0.6664E-04  0.3966E-01  0.6664E-04  0.0000E+00  0.0000E+00  0.0000E+00  0.0000E+00  0.0000E+00
     -4.130  0.2831E-03  0.6442E-04  0.3720E-01  0.6442E-04  0.0000E+00  0.0000E+00  0.0000E+00  0.0000E+00  0.0000E+00
     -4.120  0.2696E-03  0.6239E-04  0.3505E-01  0.6239E-04  0.0000E+00  0.0000E+00  0.0000E+00  0.0000E+00  0.0000E+00
     -4.110  0.2608E-03  0.6066E-04  0.3339E-01  0.6066E-04  0.0000E+00  0.0000E+00  0.0000E+00  0.0000E+00  0.0000E+00
     -4.100  0.2568E-03  0.5924E-04  0.3227E-01  0.5924E-04  0.0000E+00  0.0000E+00  0.0000E+00  0.0000E+00  0.0000E+00
     -4.090  0.2571E-03  0.5808E-04  0.3164E-01  0.5808E-04  0.0000E+00  0.0000E+00  0.0000E+00  0.0000E+00  0.0000E+00
     -4.080  0.2603E-03  0.5703E-04  0.3140E-01  0.5703E-04  0.0000E+00  0.0000E+00  0.0000E+00  0.0000E+00  0.0000E+00
     -4.069  0.2652E-03  0.5596E-04  0.3144E-01  0.5596E-04  0.0000E+00  0.0000E+00  0.0000E+00  0.0000E+00  0.0000E+00
     -4.059  0.2705E-03  0.5480E-04  0.3170E-01  0.5480E-04  0.0000E+00  0.0000E+00  0.0000E+00  0.0000E+00  0.0000E+00
     -4.049  0.2760E-03  0.5349E-04  0.3216E-01  0.5349E-04  0.0000E+00  0.0000E+00  0.0000E+00  0.0000E+00  0.0000E+00
     -4.039  0.2815E-03  0.5203E-04  0.3281E-01  0.5203E-04  0.0000E+00  0.0000E+00  0.0000E+00  0.0000E+00  0.0000E+00
     -4.029  0.2873E-03  0.5042E-04  0.3367E-01  0.5042E-04  0.0000E+00  0.0000E+00  0.0000E+00  0.0000E+00  0.0000E+00
     -4.019  0.2934E-03  0.4869E-04  0.3469E-01  0.4869E-04  0.0000E+00  0.0000E+00  0.0000E+00  0.0000E+00  0.0000E+00
     -4.009  0.2995E-03  0.4685E-04  0.3578E-01  0.4685E-04  0.0000E+00  0.0000E+00  0.0000E+00  0.0000E+00  0.0000E+00
     -3.999  0.3049E-03  0.4494E-04  0.3676E-01  0.4494E-04  0.0000E+00  0.0000E+00  0.0000E+00  0.0000E+00  0.0000E+00
     -3.989  0.3089E-03  0.4302E-04  0.3745E-01  0.4302E-04  0.0000E+00  0.0000E+00  0.0000E+00  0.0000E+00  0.0000E+00
     -3.979  0.3107E-03  0.4116E-04  0.3772E-01  0.4116E-04  0.0000E+00  0.0000E+00  0.0000E+00  0.0000E+00  0.0000E+00
     -3.969  0.3105E-03  0.3942E-04  0.3755E-01  0.3942E-04  0.0000E+00  0.0000E+00  0.0000E+00  0.0000E+00  0.0000E+00
     -3.959  0.3090E-03  0.3782E-04  0.3703E-01  0.3782E-04  0.0000E+00  0.0000E+00  0.0000E+00  0.0000E+00  0.0000E+00
     -3.949  0.3077E-03  0.3638E-04  0.3634E-01  0.3638E-04  0.0000E+00  0.0000E+00  0.0000E+00  0.0000E+00  0.0000E+00
     -3.939  0.3082E-03  0.3514E-04  0.3571E-01  0.3514E-04  0.0000E+00  0.0000E+00  0.0000E+00  0.0000E+00  0.0000E+00
     -3.929  0.3120E-03  0.3415E-04  0.3535E-01  0.3415E-04  0.0000E+00  0.0000E+00  0.0000E+00  0.0000E+00  0.0000E+00
     -3.919  0.3195E-03  0.3348E-04  0.3537E-01  0.3348E-04  0.0000E+00  0.0000E+00  0.0000E+00  0.0000E+00  0.0000E+00
     -3.909  0.3301E-03  0.3322E-04  0.3575E-01  0.3322E-04  0.0000E+00  0.0000E+00  0.0000E+00  0.0000E+00  0.0000E+00
     -3.899  0.3418E-03  0.3338E-04  0.3639E-01  0.3338E-04  0.0000E+00  0.0000E+00  0.0000E+00  0.0000E+00  0.0000E+00
     -3.889  0.3523E-03  0.3391E-04  0.3709E-01  0.3391E-04  0.0000E+00  0.0000E+00  0.0000E+00  0.0000E+00  0.0000E+00
     -3.879  0.3591E-03  0.3468E-04  0.3760E-01  0.3468E-04  0.0000E+00  0.0000E+00  0.0000E+00  0.0000E+00  0.0000E+00
     -3.869  0.3608E-03  0.3548E-04  0.3772E-01  0.3548E-04  0.0000E+00  0.0000E+00  0.0000E+00  0.0000E+00  0.0000E+00
     -3.859  0.3570E-03  0.3611E-04  0.3731E-01  0.3611E-04  0.0000E+00  0.0000E+00  0.0000E+00  0.0000E+00  0.0000E+00
     -3.849  0.3489E-03  0.3640E-04  0.3637E-01  0.3640E-04  0.0000E+00  0.0000E+00  0.0000E+00  0.0000E+00  0.0000E+00
     -3.839  0.3384E-03  0.3625E-04  0.3499E-01  0.3625E-04  0.0000E+00  0.0000E+00  0.0000E+00  0.0000E+00  0.0000E+00
     -3.829  0.3278E-03  0.3564E-04  0.3334E-01  0.3564E-04  0.0000E+00  0.0000E+00  0.0000E+00  0.0000E+00  0.0000E+00
     -3.819  0.3189E-03  0.3462E-04  0.3162E-01  0.3462E-04  0.0000E+00  0.0000E+00  0.0000E+00  0.0000E+00  0.0000E+00
     -3.809  0.3131E-03  0.3329E-04  0.3003E-01  0.3329E-04  0.0000E+00  0.0000E+00  0.0000E+00  0.0000E+00  0.0000E+00
     -3.799  0.3107E-03  0.3176E-04  0.2870E-01  0.3176E-04  0.0000E+00  0.0000E+00  0.0000E+00  0.0000E+00  0.0000E+00
     -3.789  0.3114E-03  0.3014E-04  0.2770E-01  0.3014E-04  0.0000E+00  0.0000E+00  0.0000E+00  0.0000E+00  0.0000E+00
     -3.779  0.3144E-03  0.2854E-04  0.2707E-01  0.2854E-04  0.0000E+00  0.0000E+00  0.0000E+00  0.0000E+00  0.0000E+00
     -3.768  0.3186E-03  0.2705E-04  0.2675E-01  0.2705E-04  0.0000E+00  0.0000E+00  0.0000E+00  0.0000E+00  0.0000E+00
     -3.758  0.3228E-03  0.2574E-04  0.2668E-01  0.2574E-04  0.0000E+00  0.0000E+00  0.0000E+00  0.0000E+00  0.0000E+00
     -3.748  0.3262E-03  0.2465E-04  0.2675E-01  0.2465E-04  0.0000E+00  0.0000E+00  0.0000E+00  0.0000E+00  0.0000E+00
     -3.738  0.3284E-03  0.2381E-04  0.2688E-01  0.2381E-04  0.0000E+00  0.0000E+00  0.0000E+00  0.0000E+00  0.0000E+00
     -3.728  0.3296E-03  0.2323E-04  0.2701E-01  0.2323E-04  0.0000E+00  0.0000E+00  0.0000E+00  0.0000E+00  0.0000E+00
     -3.718  0.3304E-03  0.2290E-04  0.2711E-01  0.2290E-04  0.0000E+00  0.0000E+00  0.0000E+00  0.0000E+00  0.0000E+00
     -3.708  0.3314E-03  0.2278E-04  0.2722E-01  0.2278E-04  0.0000E+00  0.0000E+00  0.0000E+00  0.0000E+00  0.0000E+00
     -3.698  0.3334E-03  0.2284E-04  0.2741E-01  0.2284E-04  0.0000E+00  0.0000E+00  0.0000E+00  0.0000E+00  0.0000E+00
     -3.688  0.3368E-03  0.2306E-04  0.2776E-01  0.2306E-04  0.0000E+00  0.0000E+00  0.0000E+00  0.0000E+00  0.0000E+00
     -3.678  0.3416E-03  0.2340E-04  0.2829E-01  0.2340E-04  0.0000E+00  0.0000E+00  0.0000E+00  0.0000E+00  0.0000E+00
     -3.668  0.3474E-03  0.2384E-04  0.2896E-01  0.2384E-04  0.0000E+00  0.0000E+00  0.0000E+00  0.0000E+00  0.0000E+00
     -3.658  0.3534E-03  0.2436E-04  0.2969E-01  0.2436E-04  0.0000E+00  0.0000E+00  0.0000E+00  0.0000E+00  0.0000E+00
     -3.648  0.3586E-03  0.2491E-04  0.3034E-01  0.2491E-04  0.0000E+00  0.0000E+00  0.0000E+00  0.0000E+00  0.0000E+00
     -3.638  0.3624E-03  0.2544E-04  0.3078E-01  0.2544E-04  0.0000E+00  0.0000E+00  0.0000E+00  0.0000E+00  0.0000E+00
     -3.628  0.3645E-03  0.2591E-04  0.3092E-01  0.2591E-04  0.0000E+00  0.0000E+00  0.0000E+00  0.0000E+00  0.0000E+00
     -3.618  0.3651E-03  0.2630E-04  0.3075E-01  0.2630E-04  0.0000E+00  0.0000E+00  0.0000E+00  0.0000E+00  0.0000E+00
     -3.608  0.3650E-03  0.2660E-04  0.3035E-01  0.2660E-04  0.0000E+00  0.0000E+00  0.0000E+00  0.0000E+00  0.0000E+00
     -3.598  0.3648E-03  0.2688E-04  0.2984E-01  0.2688E-04  0.0000E+00  0.0000E+00  0.0000E+00  0.0000E+00  0.0000E+00
     -3.588  0.3645E-03  0.2723E-04  0.2933E-01  0.2723E-04  0.0000E+00  0.0000E+00  0.0000E+00  0.0000E+00  0.0000E+00
     -3.578  0.3639E-03  0.2771E-04  0.2892E-01  0.2771E-04  0.0000E+00  0.0000E+00  0.0000E+00  0.0000E+00  0.0000E+00
     -3.568  0.3619E-03  0.2838E-04  0.2862E-01  0.2838E-04  0.0000E+00  0.0000E+00  0.0000E+00  0.0000E+00  0.0000E+00
     -3.558  0.3578E-03  0.2922E-04  0.2844E-01  0.2922E-04  0.0000E+00  0.0000E+00  0.0000E+00  0.0000E+00  0.0000E+00
     -3.548  0.3513E-03  0.3014E-04  0.2833E-01  0.3014E-04  0.0000E+00  0.0000E+00  0.0000E+00  0.0000E+00  0.0000E+00
     -3.538  0.3427E-03  0.3100E-04  0.2828E-01  0.3100E-04  0.0000E+00  0.0000E+00  0.0000E+00  0.0000E+00  0.0000E+00
     -3.528  0.3329E-03  0.3167E-04  0.2824E-01  0.3167E-04  0.0000E+00  0.0000E+00  0.0000E+00  0.0000E+00  0.0000E+00
     -3.518  0.3233E-03  0.3202E-04  0.2819E-01  0.3202E-04  0.0000E+00  0.0000E+00  0.0000E+00  0.0000E+00  0.0000E+00
     -3.508  0.3146E-03  0.3197E-04  0.2809E-01  0.3197E-04  0.0000E+00  0.0000E+00  0.0000E+00  0.0000E+00  0.0000E+00
     -3.498  0.3073E-03  0.3153E-04  0.2790E-01  0.3153E-04  0.0000E+00  0.0000E+00  0.0000E+00  0.0000E+00  0.0000E+00
     -3.488  0.3012E-03  0.3078E-04  0.2760E-01  0.3078E-04  0.0000E+00  0.0000E+00  0.0000E+00  0.0000E+00  0.0000E+00
     -3.478  0.2959E-03  0.2985E-04  0.2721E-01  0.2985E-04  0.0000E+00  0.0000E+00  0.0000E+00  0.0000E+00  0.0000E+00
     -3.467  0.2913E-03  0.2887E-04  0.2680E-01  0.2887E-04  0.0000E+00  0.0000E+00  0.0000E+00  0.0000E+00  0.0000E+00
     -3.457  0.2876E-03  0.2796E-04  0.2649E-01  0.2796E-04  0.0000E+00  0.0000E+00  0.0000E+00  0.0000E+00  0.0000E+00
     -3.447  0.2850E-03  0.2717E-04  0.2641E-01  0.2717E-04  0.0000E+00  0.0000E+00  0.0000E+00  0.0000E+00  0.0000E+00
     -3.437  0.2841E-03  0.2654E-04  0.2664E-01  0.2654E-04  0.0000E+00  0.0000E+00  0.0000E+00  0.0000E+00  0.0000E+00
     -3.427  0.2848E-03  0.2602E-04  0.2721E-01  0.2602E-04  0.0000E+00  0.0000E+00  0.0000E+00  0.0000E+00  0.0000E+00
     -3.417  0.2866E-03  0.2553E-04  0.2803E-01  0.2553E-04  0.0000E+00  0.0000E+00  0.0000E+00  0.0000E+00  0.0000E+00
     -3.407  0.2883E-03  0.2497E-04  0.2889E-01  0.2497E-04  0.0000E+00  0.0000E+00  0.0000E+00  0.0000E+00  0.0000E+00
     -3.397  0.2884E-03  0.2421E-04  0.2957E-01  0.2421E-04  0.0000E+00  0.0000E+00  0.0000E+00  0.0000E+00  0.0000E+00
     -3.387  0.2855E-03  0.2319E-04  0.2981E-01  0.2319E-04  0.0000E+00  0.0000E+00  0.0000E+00  0.0000E+00  0.0000E+00
     -3.377  0.2788E-03  0.2186E-04  0.2950E-01  0.2186E-04  0.0000E+00  0.0000E+00  0.0000E+00  0.0000E+00  0.0000E+00
     -3.367  0.2687E-03  0.2028E-04  0.2863E-01  0.2028E-04  0.0000E+00  0.0000E+00  0.0000E+00  0.0000E+00  0.0000E+00
     -3.357  0.2564E-03  0.1857E-04  0.2738E-01  0.1857E-04  0.0000E+00  0.0000E+00  0.0000E+00  0.0000E+00  0.0000E+00
     -3.347  0.2438E-03  0.1687E-04  0.2597E-01  0.1687E-04  0.0000E+00  0.0000E+00  0.0000E+00  0.0000E+00  0.0000E+00
     -3.337  0.2327E-03  0.1533E-04  0.2464E-01  0.1533E-04  0.0000E+00  0.0000E+00  0.0000E+00  0.0000E+00  0.0000E+00
     -3.327  0.2241E-03  0.1406E-04  0.2356E-01  0.1406E-04  0.0000E+00  0.0000E+00  0.0000E+00  0.0000E+00  0.0000E+00
     -3.317  0.2183E-03  0.1307E-04  0.2275E-01  0.1307E-04  0.0000E+00  0.0000E+00  0.0000E+00  0.0000E+00  0.0000E+00
     -3.307  0.2148E-03  0.1235E-04  0.2216E-01  0.1235E-04  0.0000E+00  0.0000E+00  0.0000E+00  0.0000E+00  0.0000E+00
     -3.297  0.2129E-03  0.1185E-04  0.2171E-01  0.1185E-04  0.0000E+00  0.0000E+00  0.0000E+00  0.0000E+00  0.0000E+00
     -3.287  0.2119E-03  0.1148E-04  0.2133E-01  0.1148E-04  0.0000E+00  0.0000E+00  0.0000E+00  0.0000E+00  0.0000E+00
     -3.277  0.2116E-03  0.1120E-04  0.2103E-01  0.1120E-04  0.0000E+00  0.0000E+00  0.0000E+00  0.0000E+00  0.0000E+00
     -3.267  0.2119E-03  0.1094E-04  0.2085E-01  0.1094E-04  0.0000E+00  0.0000E+00  0.0000E+00  0.0000E+00  0.0000E+00
     -3.257  0.2128E-03  0.1069E-04  0.2084E-01  0.1069E-04  0.0000E+00  0.0000E+00  0.0000E+00  0.0000E+00  0.0000E+00
     -3.247  0.2143E-03  0.1043E-04  0.2107E-01  0.1043E-04  0.0000E+00  0.0000E+00  0.0000E+00  0.0000E+00  0.0000E+00
     -3.237  0.2164E-03  0.1014E-04  0.2153E-01  0.1014E-04  0.0000E+00  0.0000E+00  0.0000E+00  0.0000E+00  0.0000E+00
     -3.227  0.2192E-03  0.9830E-05  0.2222E-01  0.9830E-05  0.0000E+00  0.0000E+00  0.0000E+00  0.0000E+00  0.0000E+00
     -3.217  0.2229E-03  0.9504E-05  0.2313E-01  0.9504E-05  0.0000E+00  0.0000E+00  0.0000E+00  0.0000E+00  0.0000E+00
     -3.207  0.2278E-03  0.9181E-05  0.2424E-01  0.9181E-05  0.0000E+00  0.0000E+00  0.0000E+00  0.0000E+00  0.0000E+00
     -3.197  0.2342E-03  0.8888E-05  0.2556E-01  0.8888E-05  0.0000E+00  0.0000E+00  0.0000E+00  0.0000E+00  0.0000E+00
     -3.187  0.2422E-03  0.8657E-05  0.2708E-01  0.8657E-05  0.0000E+00  0.0000E+00  0.0000E+00  0.0000E+00  0.0000E+00
     -3.177  0.2513E-03  0.8507E-05  0.2875E-01  0.8507E-05  0.0000E+00  0.0000E+00  0.0000E+00  0.0000E+00  0.0000E+00
     -3.166  0.2609E-03  0.8443E-05  0.3050E-01  0.8443E-05  0.0000E+00  0.0000E+00  0.0000E+00  0.0000E+00  0.0000E+00
     -3.156  0.2697E-03  0.8449E-05  0.3220E-01  0.8449E-05  0.0000E+00  0.0000E+00  0.0000E+00  0.0000E+00  0.0000E+00
     -3.146  0.2763E-03  0.8497E-05  0.3370E-01  0.8497E-05  0.0000E+00  0.0000E+00  0.0000E+00  0.0000E+00  0.0000E+00
     -3.136  0.2797E-03  0.8554E-05  0.3483E-01  0.8554E-05  0.0000E+00  0.0000E+00  0.0000E+00  0.0000E+00  0.0000E+00
     -3.126  0.2791E-03  0.8593E-05  0.3548E-01  0.8593E-05  0.0000E+00  0.0000E+00  0.0000E+00  0.0000E+00  0.0000E+00
     -3.116  0.2744E-03  0.8607E-05  0.3557E-01  0.8607E-05  0.0000E+00  0.0000E+00  0.0000E+00  0.0000E+00  0.0000E+00
     -3.106  0.2665E-03  0.8600E-05  0.3508E-01  0.8600E-05  0.0000E+00  0.0000E+00  0.0000E+00  0.0000E+00  0.0000E+00
     -3.096  0.2567E-03  0.8586E-05  0.3409E-01  0.8586E-05  0.0000E+00  0.0000E+00  0.0000E+00  0.0000E+00  0.0000E+00
     -3.086  0.2469E-03  0.8583E-05  0.3276E-01  0.8583E-05  0.0000E+00  0.0000E+00  0.0000E+00  0.0000E+00  0.0000E+00
     -3.076  0.2384E-03  0.8602E-05  0.3127E-01  0.8602E-05  0.0000E+00  0.0000E+00  0.0000E+00  0.0000E+00  0.0000E+00
     -3.066  0.2323E-03  0.8644E-05  0.2985E-01  0.8644E-05  0.0000E+00  0.0000E+00  0.0000E+00  0.0000E+00  0.0000E+00
     -3.056  0.2287E-03  0.8699E-05  0.2863E-01  0.8699E-05  0.0000E+00  0.0000E+00  0.0000E+00  0.0000E+00  0.0000E+00
     -3.046  0.2270E-03  0.8752E-05  0.2773E-01  0.8752E-05  0.0000E+00  0.0000E+00  0.0000E+00  0.0000E+00  0.0000E+00
     -3.036  0.2263E-03  0.8786E-05  0.2714E-01  0.8786E-05  0.0000E+00  0.0000E+00  0.0000E+00  0.0000E+00  0.0000E+00
     -3.026  0.2256E-03  0.8789E-05  0.2680E-01  0.8789E-05  0.0000E+00  0.0000E+00  0.0000E+00  0.0000E+00  0.0000E+00
     -3.016  0.2244E-03  0.8762E-05  0.2663E-01  0.8762E-05  0.0000E+00  0.0000E+00  0.0000E+00  0.0000E+00  0.0000E+00
     -3.006  0.2229E-03  0.8716E-05  0.2656E-01  0.8716E-05  0.0000E+00  0.0000E+00  0.0000E+00  0.0000E+00  0.0000E+00
     -2.996  0.2213E-03  0.8664E-05  0.2655E-01  0.8664E-05  0.0000E+00  0.0000E+00  0.0000E+00  0.0000E+00  0.0000E+00
     -2.986  0.2204E-03  0.8625E-05  0.2661E-01  0.8625E-05  0.0000E+00  0.0000E+00  0.0000E+00  0.0000E+00  0.0000E+00
     -2.976  0.2205E-03  0.8609E-05  0.2677E-01  0.8609E-05  0.0000E+00  0.0000E+00  0.0000E+00  0.0000E+00  0.0000E+00
     -2.966  0.2219E-03  0.8621E-05  0.2707E-01  0.8621E-05  0.0000E+00  0.0000E+00  0.0000E+00  0.0000E+00  0.0000E+00
     -2.956  0.2246E-03  0.8656E-05  0.2749E-01  0.8656E-05  0.0000E+00  0.0000E+00  0.0000E+00  0.0000E+00  0.0000E+00
     -2.946  0.2280E-03  0.8702E-05  0.2798E-01  0.8702E-05  0.0000E+00  0.0000E+00  0.0000E+00  0.0000E+00  0.0000E+00
     -2.936  0.2316E-03  0.8741E-05  0.2845E-01  0.8741E-05  0.0000E+00  0.0000E+00  0.0000E+00  0.0000E+00  0.0000E+00
     -2.926  0.2346E-03  0.8753E-05  0.2880E-01  0.8753E-05  0.0000E+00  0.0000E+00  0.0000E+00  0.0000E+00  0.0000E+00
     -2.916  0.2364E-03  0.8727E-05  0.2895E-01  0.8727E-05  0.0000E+00  0.0000E+00  0.0000E+00  0.0000E+00  0.0000E+00
     -2.906  0.2368E-03  0.8660E-05  0.2887E-01  0.8660E-05  0.0000E+00  0.0000E+00  0.0000E+00  0.0000E+00  0.0000E+00
     -2.896  0.2358E-03  0.8562E-05  0.2858E-01  0.8562E-05  0.0000E+00  0.0000E+00  0.0000E+00  0.0000E+00  0.0000E+00
     -2.886  0.2339E-03  0.8444E-05  0.2814E-01  0.8444E-05  0.0000E+00  0.0000E+00  0.0000E+00  0.0000E+00  0.0000E+00
     -2.876  0.2315E-03  0.8319E-05  0.2765E-01  0.8319E-05  0.0000E+00  0.0000E+00  0.0000E+00  0.0000E+00  0.0000E+00
     -2.865  0.2292E-03  0.8192E-05  0.2722E-01  0.8192E-05  0.0000E+00  0.0000E+00  0.0000E+00  0.0000E+00  0.0000E+00
     -2.855  0.2277E-03  0.8057E-05  0.2694E-01  0.8057E-05  0.0000E+00  0.0000E+00  0.0000E+00  0.0000E+00  0.0000E+00
     -2.845  0.2272E-03  0.7908E-05  0.2685E-01  0.7908E-05  0.0000E+00  0.0000E+00  0.0000E+00  0.0000E+00  0.0000E+00
     -2.835  0.2278E-03  0.7737E-05  0.2695E-01  0.7737E-05  0.0000E+00  0.0000E+00  0.0000E+00  0.0000E+00  0.0000E+00
     -2.825  0.2294E-03  0.7542E-05  0.2720E-01  0.7542E-05  0.0000E+00  0.0000E+00  0.0000E+00  0.0000E+00  0.0000E+00
     -2.815  0.2315E-03  0.7325E-05  0.2750E-01  0.7325E-05  0.0000E+00  0.0000E+00  0.0000E+00  0.0000E+00  0.0000E+00
     -2.805  0.2338E-03  0.7089E-05  0.2778E-01  0.7089E-05  0.0000E+00  0.0000E+00  0.0000E+00  0.0000E+00  0.0000E+00
     -2.795  0.2358E-03  0.6840E-05  0.2794E-01  0.6840E-05  0.0000E+00  0.0000E+00  0.0000E+00  0.0000E+00  0.0000E+00
     -2.785  0.2369E-03  0.6586E-05  0.2794E-01  0.6586E-05  0.0000E+00  0.0000E+00  0.0000E+00  0.0000E+00  0.0000E+00
     -2.775  0.2368E-03  0.6339E-05  0.2778E-01  0.6339E-05  0.0000E+00  0.0000E+00  0.0000E+00  0.0000E+00  0.0000E+00
     -2.765  0.2355E-03  0.6118E-05  0.2747E-01  0.6118E-05  0.0000E+00  0.0000E+00  0.0000E+00  0.0000E+00  0.0000E+00
     -2.755  0.2330E-03  0.5941E-05  0.2705E-01  0.5941E-05  0.0000E+00  0.0000E+00  0.0000E+00  0.0000E+00  0.0000E+00
     -2.745  0.2294E-03  0.5823E-05  0.2658E-01  0.5823E-05  0.0000E+00  0.0000E+00  0.0000E+00  0.0000E+00  0.0000E+00
     -2.735  0.2252E-03  0.5767E-05  0.2609E-01  0.5767E-05  0.0000E+00  0.0000E+00  0.0000E+00  0.0000E+00  0.0000E+00
     -2.725  0.2210E-03  0.5764E-05  0.2565E-01  0.5764E-05  0.0000E+00  0.0000E+00  0.0000E+00  0.0000E+00  0.0000E+00
     -2.715  0.2175E-03  0.5793E-05  0.2533E-01  0.5793E-05  0.0000E+00  0.0000E+00  0.0000E+00  0.0000E+00  0.0000E+00
     -2.705  0.2152E-03  0.5830E-05  0.2517E-01  0.5830E-05  0.0000E+00  0.0000E+00  0.0000E+00  0.0000E+00  0.0000E+00
     -2.695  0.2144E-03  0.5853E-05  0.2523E-01  0.5853E-05  0.0000E+00  0.0000E+00  0.0000E+00  0.0000E+00  0.0000E+00
     -2.685  0.2150E-03  0.5852E-05  0.2549E-01  0.5852E-05  0.0000E+00  0.0000E+00  0.0000E+00  0.0000E+00  0.0000E+00
     -2.675  0.2167E-03  0.5823E-05  0.2592E-01  0.5823E-05  0.0000E+00  0.0000E+00  0.0000E+00  0.0000E+00  0.0000E+00
     -2.665  0.2189E-03  0.5774E-05  0.2647E-01  0.5774E-05  0.0000E+00  0.0000E+00  0.0000E+00  0.0000E+00  0.0000E+00
     -2.655  0.2213E-03  0.5720E-05  0.2708E-01  0.5720E-05  0.0000E+00  0.0000E+00  0.0000E+00  0.0000E+00  0.0000E+00
     -2.645  0.2236E-03  0.5678E-05  0.2771E-01  0.5678E-05  0.0000E+00  0.0000E+00  0.0000E+00  0.0000E+00  0.0000E+00
     -2.635  0.2257E-03  0.5665E-05  0.2834E-01  0.5665E-05  0.0000E+00  0.0000E+00  0.0000E+00  0.0000E+00  0.0000E+00
     -2.625  0.2277E-03  0.5689E-05  0.2895E-01  0.5689E-05  0.0000E+00  0.0000E+00  0.0000E+00  0.0000E+00  0.0000E+00
     -2.615  0.2294E-03  0.5752E-05  0.2949E-01  0.5752E-05  0.0000E+00  0.0000E+00  0.0000E+00  0.0000E+00  0.0000E+00
     -2.605  0.2307E-03  0.5845E-05  0.2996E-01  0.5845E-05  0.0000E+00  0.0000E+00  0.0000E+00  0.0000E+00  0.0000E+00
     -2.595  0.2317E-03  0.5951E-05  0.3033E-01  0.5951E-05  0.0000E+00  0.0000E+00  0.0000E+00  0.0000E+00  0.0000E+00
     -2.585  0.2326E-03  0.6051E-05  0.3064E-01  0.6051E-05  0.0000E+00  0.0000E+00  0.0000E+00  0.0000E+00  0.0000E+00
     -2.575  0.2335E-03  0.6129E-05  0.3093E-01  0.6129E-05  0.0000E+00  0.0000E+00  0.0000E+00  0.0000E+00  0.0000E+00
     -2.564  0.2347E-03  0.6171E-05  0.3122E-01  0.6171E-05  0.0000E+00  0.0000E+00  0.0000E+00  0.0000E+00  0.0000E+00
     -2.554  0.2361E-03  0.6172E-05  0.3149E-01  0.6172E-05  0.0000E+00  0.0000E+00  0.0000E+00  0.0000E+00  0.0000E+00
     -2.544  0.2371E-03  0.6130E-05  0.3166E-01  0.6130E-05  0.0000E+00  0.0000E+00  0.0000E+00  0.0000E+00  0.0000E+00
     -2.534  0.2369E-03  0.6049E-05  0.3161E-01  0.6049E-05  0.0000E+00  0.0000E+00  0.0000E+00  0.0000E+00  0.0000E+00
     -2.524  0.2347E-03  0.5940E-05  0.3126E-01  0.5940E-05  0.0000E+00  0.0000E+00  0.0000E+00  0.0000E+00  0.0000E+00
     -2.514  0.2303E-03  0.5819E-05  0.3059E-01  0.5819E-05  0.0000E+00  0.0000E+00  0.0000E+00  0.0000E+00  0.0000E+00
     -2.504  0.2241E-03  0.5708E-05  0.2966E-01  0.5708E-05  0.0000E+00  0.0000E+00  0.0000E+00  0.0000E+00  0.0000E+00
     -2.494  0.2170E-03  0.5625E-05  0.2863E-01  0.5625E-05  0.0000E+00  0.0000E+00  0.0000E+00  0.0000E+00  0.0000E+00
     -2.484  0.2100E-03  0.5579E-05  0.2766E-01  0.5579E-05  0.0000E+00  0.0000E+00  0.0000E+00  0.0000E+00  0.0000E+00
     -2.474  0.2042E-03  0.5571E-05  0.2691E-01  0.5571E-05  0.0000E+00  0.0000E+00  0.0000E+00  0.0000E+00  0.0000E+00
     -2.464  0.2002E-03  0.5589E-05  0.2648E-01  0.5589E-05  0.0000E+00  0.0000E+00  0.0000E+00  0.0000E+00  0.0000E+00
     -2.454  0.1985E-03  0.5617E-05  0.2640E-01  0.5617E-05  0.0000E+00  0.0000E+00  0.0000E+00  0.0000E+00  0.0000E+00
     -2.444  0.1993E-03  0.5640E-05  0.2666E-01  0.5640E-05  0.0000E+00  0.0000E+00  0.0000E+00  0.0000E+00  0.0000E+00
     -2.434  0.2022E-03  0.5649E-05  0.2715E-01  0.5649E-05  0.0000E+00  0.0000E+00  0.0000E+00  0.0000E+00  0.0000E+00
     -2.424  0.2066E-03  0.5638E-05  0.2775E-01  0.5638E-05  0.0000E+00  0.0000E+00  0.0000E+00  0.0000E+00  0.0000E+00
     -2.414  0.2117E-03  0.5609E-05  0.2832E-01  0.5609E-05  0.0000E+00  0.0000E+00  0.0000E+00  0.0000E+00  0.0000E+00
     -2.404  0.2167E-03  0.5563E-05  0.2876E-01  0.5563E-05  0.0000E+00  0.0000E+00  0.0000E+00  0.0000E+00  0.0000E+00
     -2.394  0.2210E-03  0.5503E-05  0.2902E-01  0.5503E-05  0.0000E+00  0.0000E+00  0.0000E+00  0.0000E+00  0.0000E+00
     -2.384  0.2242E-03  0.5433E-05  0.2911E-01  0.5433E-05  0.0000E+00  0.0000E+00  0.0000E+00  0.0000E+00  0.0000E+00
     -2.374  0.2266E-03  0.5355E-05  0.2910E-01  0.5355E-05  0.0000E+00  0.0000E+00  0.0000E+00  0.0000E+00  0.0000E+00
     -2.364  0.2282E-03  0.5268E-05  0.2904E-01  0.5268E-05  0.0000E+00  0.0000E+00  0.0000E+00  0.0000E+00  0.0000E+00
     -2.354  0.2289E-03  0.5175E-05  0.2895E-01  0.5175E-05  0.0000E+00  0.0000E+00  0.0000E+00  0.0000E+00  0.0000E+00
     -2.344  0.2287E-03  0.5081E-05  0.2878E-01  0.5081E-05  0.0000E+00  0.0000E+00  0.0000E+00  0.0000E+00  0.0000E+00
     -2.334  0.2269E-03  0.4995E-05  0.2849E-01  0.4995E-05  0.0000E+00  0.0000E+00  0.0000E+00  0.0000E+00  0.0000E+00
     -2.324  0.2232E-03  0.4934E-05  0.2799E-01  0.4934E-05  0.0000E+00  0.0000E+00  0.0000E+00  0.0000E+00  0.0000E+00
     -2.314  0.2176E-03  0.4918E-05  0.2729E-01  0.4918E-05  0.0000E+00  0.0000E+00  0.0000E+00  0.0000E+00  0.0000E+00
     -2.304  0.2107E-03  0.4967E-05  0.2646E-01  0.4967E-05  0.0000E+00  0.0000E+00  0.0000E+00  0.0000E+00  0.0000E+00
     -2.294  0.2035E-03  0.5088E-05  0.2564E-01  0.5088E-05  0.0000E+00  0.0000E+00  0.0000E+00  0.0000E+00  0.0000E+00
     -2.284  0.1976E-03  0.5275E-05  0.2504E-01  0.5275E-05  0.0000E+00  0.0000E+00  0.0000E+00  0.0000E+00  0.0000E+00
     -2.274  0.1942E-03  0.5506E-05  0.2485E-01  0.5506E-05  0.0000E+00  0.0000E+00  0.0000E+00  0.0000E+00  0.0000E+00
     -2.263  0.1944E-03  0.5744E-05  0.2522E-01  0.5744E-05  0.0000E+00  0.0000E+00  0.0000E+00  0.0000E+00  0.0000E+00
     -2.253  0.1985E-03  0.5951E-05  0.2618E-01  0.5951E-05  0.0000E+00  0.0000E+00  0.0000E+00  0.0000E+00  0.0000E+00
     -2.243  0.2062E-03  0.6094E-05  0.2765E-01  0.6094E-05  0.0000E+00  0.0000E+00  0.0000E+00  0.0000E+00  0.0000E+00
     -2.233  0.2165E-03  0.6152E-05  0.2945E-01  0.6152E-05  0.0000E+00  0.0000E+00  0.0000E+00  0.0000E+00  0.0000E+00
     -2.223  0.2276E-03  0.6120E-05  0.3133E-01  0.6120E-05  0.0000E+00  0.0000E+00  0.0000E+00  0.0000E+00  0.0000E+00
     -2.213  0.2377E-03  0.6008E-05  0.3304E-01  0.6008E-05  0.0000E+00  0.0000E+00  0.0000E+00  0.0000E+00  0.0000E+00
     -2.203  0.2451E-03  0.5838E-05  0.3434E-01  0.5838E-05  0.0000E+00  0.0000E+00  0.0000E+00  0.0000E+00  0.0000E+00
     -2.193  0.2487E-03  0.5637E-05  0.3510E-01  0.5637E-05  0.0000E+00  0.0000E+00  0.0000E+00  0.0000E+00  0.0000E+00
     -2.183  0.2480E-03  0.5433E-05  0.3525E-01  0.5433E-05  0.0000E+00  0.0000E+00  0.0000E+00  0.0000E+00  0.0000E+00
     -2.173  0.2435E-03  0.5246E-05  0.3485E-01  0.5246E-05  0.0000E+00  0.0000E+00  0.0000E+00  0.0000E+00  0.0000E+00
     -2.163  0.2360E-03  0.5089E-05  0.3402E-01  0.5089E-05  0.0000E+00  0.0000E+00  0.0000E+00  0.0000E+00  0.0000E+00
     -2.153  0.2268E-03  0.4963E-05  0.3291E-01  0.4963E-05  0.0000E+00  0.0000E+00  0.0000E+00  0.0000E+00  0.0000E+00
     -2.143  0.2171E-03  0.4862E-05  0.3165E-01  0.4862E-05  0.0000E+00  0.0000E+00  0.0000E+00  0.0000E+00  0.0000E+00
     -2.133  0.2077E-03  0.4778E-05  0.3035E-01  0.4778E-05  0.0000E+00  0.0000E+00  0.0000E+00  0.0000E+00  0.0000E+00
     -2.123  0.1994E-03  0.4709E-05  0.2912E-01  0.4709E-05  0.0000E+00  0.0000E+00  0.0000E+00  0.0000E+00  0.0000E+00
     -2.113  0.1926E-03  0.4662E-05  0.2802E-01  0.4662E-05  0.0000E+00  0.0000E+00  0.0000E+00  0.0000E+00  0.0000E+00
     -2.103  0.1877E-03  0.4646E-05  0.2718E-01  0.4646E-05  0.0000E+00  0.0000E+00  0.0000E+00  0.0000E+00  0.0000E+00
     -2.093  0.1852E-03  0.4674E-05  0.2673E-01  0.4674E-05  0.0000E+00  0.0000E+00  0.0000E+00  0.0000E+00  0.0000E+00
     -2.083  0.1855E-03  0.4751E-05  0.2678E-01  0.4751E-05  0.0000E+00  0.0000E+00  0.0000E+00  0.0000E+00  0.0000E+00
     -2.073  0.1891E-03  0.4867E-05  0.2744E-01  0.4867E-05  0.0000E+00  0.0000E+00  0.0000E+00  0.0000E+00  0.0000E+00
     -2.063  0.1960E-03  0.5006E-05  0.2869E-01  0.5006E-05  0.0000E+00  0.0000E+00  0.0000E+00  0.0000E+00  0.0000E+00
     -2.053  0.2057E-03  0.5144E-05  0.3042E-01  0.5144E-05  0.0000E+00  0.0000E+00  0.0000E+00  0.0000E+00  0.0000E+00
     -2.043  0.2173E-03  0.5258E-05  0.3242E-01  0.5258E-05  0.0000E+00  0.0000E+00  0.0000E+00  0.0000E+00  0.0000E+00
     -2.033  0.2295E-03  0.5333E-05  0.3443E-01  0.5333E-05  0.0000E+00  0.0000E+00  0.0000E+00  0.0000E+00  0.0000E+00
     -2.023  0.2409E-03  0.5363E-05  0.3618E-01  0.5363E-05  0.0000E+00  0.0000E+00  0.0000E+00  0.0000E+00  0.0000E+00
     -2.013  0.2503E-03  0.5351E-05  0.3748E-01  0.5351E-05  0.0000E+00  0.0000E+00  0.0000E+00  0.0000E+00  0.0000E+00
     -2.003  0.2568E-03  0.5306E-05  0.3818E-01  0.5306E-05  0.0000E+00  0.0000E+00  0.0000E+00  0.0000E+00  0.0000E+00
     -1.993  0.2601E-03  0.5245E-05  0.3828E-01  0.5245E-05  0.0000E+00  0.0000E+00  0.0000E+00  0.0000E+00  0.0000E+00
     -1.983  0.2598E-03  0.5187E-05  0.3781E-01  0.5187E-05  0.0000E+00  0.0000E+00  0.0000E+00  0.0000E+00  0.0000E+00
     -1.973  0.2564E-03  0.5149E-05  0.3689E-01  0.5149E-05  0.0000E+00  0.0000E+00  0.0000E+00  0.0000E+00  0.0000E+00
     -1.962  0.2503E-03  0.5148E-05  0.3572E-01  0.5148E-05  0.0000E+00  0.0000E+00  0.0000E+00  0.0000E+00  0.0000E+00
     -1.952  0.2429E-03  0.5194E-05  0.3453E-01  0.5194E-05  0.0000E+00  0.0000E+00  0.0000E+00  0.0000E+00  0.0000E+00
     -1.942  0.2358E-03  0.5289E-05  0.3358E-01  0.5289E-05  0.0000E+00  0.0000E+00  0.0000E+00  0.0000E+00  0.0000E+00
     -1.932  0.2306E-03  0.5425E-05  0.3310E-01  0.5425E-05  0.0000E+00  0.0000E+00  0.0000E+00  0.0000E+00  0.0000E+00
     -1.922  0.2290E-03  0.5585E-05  0.3327E-01  0.5585E-05  0.0000E+00  0.0000E+00  0.0000E+00  0.0000E+00  0.0000E+00
     -1.912  0.2315E-03  0.5741E-05  0.3411E-01  0.5741E-05  0.0000E+00  0.0000E+00  0.0000E+00  0.0000E+00  0.0000E+00
     -1.902  0.2382E-03  0.5863E-05  0.3554E-01  0.5863E-05  0.0000E+00  0.0000E+00  0.0000E+00  0.0000E+00  0.0000E+00
     -1.892  0.2479E-03  0.5927E-05  0.3735E-01  0.5927E-05  0.0000E+00  0.0000E+00  0.0000E+00  0.0000E+00  0.0000E+00
     -1.882  0.2590E-03  0.5917E-05  0.3923E-01  0.5917E-05  0.0000E+00  0.0000E+00  0.0000E+00  0.0000E+00  0.0000E+00
     -1.872  0.2693E-03  0.5836E-05  0.4087E-01  0.5836E-05  0.0000E+00  0.0000E+00  0.0000E+00  0.0000E+00  0.0000E+00
     -1.862  0.2766E-03  0.5695E-05  0.4194E-01  0.5695E-05  0.0000E+00  0.0000E+00  0.0000E+00  0.0000E+00  0.0000E+00
     -1.852  0.2794E-03  0.5516E-05  0.4221E-01  0.5516E-05  0.0000E+00  0.0000E+00  0.0000E+00  0.0000E+00  0.0000E+00
     -1.842  0.2770E-03  0.5322E-05  0.4162E-01  0.5322E-05  0.0000E+00  0.0000E+00  0.0000E+00  0.0000E+00  0.0000E+00
     -1.832  0.2698E-03  0.5133E-05  0.4026E-01  0.5133E-05  0.0000E+00  0.0000E+00  0.0000E+00  0.0000E+00  0.0000E+00
     -1.822  0.2591E-03  0.4967E-05  0.3839E-01  0.4967E-05  0.0000E+00  0.0000E+00  0.0000E+00  0.0000E+00  0.0000E+00
     -1.812  0.2473E-03  0.4836E-05  0.3641E-01  0.4836E-05  0.0000E+00  0.0000E+00  0.0000E+00  0.0000E+00  0.0000E+00
     -1.802  0.2369E-03  0.4745E-05  0.3474E-01  0.4745E-05  0.0000E+00  0.0000E+00  0.0000E+00  0.0000E+00  0.0000E+00
     -1.792  0.2300E-03  0.4691E-05  0.3375E-01  0.4691E-05  0.0000E+00  0.0000E+00  0.0000E+00  0.0000E+00  0.0000E+00
     -1.782  0.2280E-03  0.4665E-05  0.3364E-01  0.4665E-05  0.0000E+00  0.0000E+00  0.0000E+00  0.0000E+00  0.0000E+00
     -1.772  0.2313E-03  0.4652E-05  0.3442E-01  0.4652E-05  0.0000E+00  0.0000E+00  0.0000E+00  0.0000E+00  0.0000E+00
     -1.762  0.2391E-03  0.4633E-05  0.3595E-01  0.4633E-05  0.0000E+00  0.0000E+00  0.0000E+00  0.0000E+00  0.0000E+00
     -1.752  0.2499E-03  0.4595E-05  0.3791E-01  0.4595E-05  0.0000E+00  0.0000E+00  0.0000E+00  0.0000E+00  0.0000E+00
     -1.742  0.2617E-03  0.4530E-05  0.3995E-01  0.4530E-05  0.0000E+00  0.0000E+00  0.0000E+00  0.0000E+00  0.0000E+00
     -1.732  0.2726E-03  0.4436E-05  0.4169E-01  0.4436E-05  0.0000E+00  0.0000E+00  0.0000E+00  0.0000E+00  0.0000E+00
     -1.722  0.2806E-03  0.4317E-05  0.4280E-01  0.4317E-05  0.0000E+00  0.0000E+00  0.0000E+00  0.0000E+00  0.0000E+00
     -1.712  0.2843E-03  0.4180E-05  0.4304E-01  0.4180E-05  0.0000E+00  0.0000E+00  0.0000E+00  0.0000E+00  0.0000E+00
     -1.702  0.2828E-03  0.4039E-05  0.4229E-01  0.4039E-05  0.0000E+00  0.0000E+00  0.0000E+00  0.0000E+00  0.0000E+00
     -1.692  0.2760E-03  0.3906E-05  0.4057E-01  0.3906E-05  0.0000E+00  0.0000E+00  0.0000E+00  0.0000E+00  0.0000E+00
     -1.682  0.2644E-03  0.3796E-05  0.3804E-01  0.3796E-05  0.0000E+00  0.0000E+00  0.0000E+00  0.0000E+00  0.0000E+00
     -1.672  0.2489E-03  0.3721E-05  0.3496E-01  0.3721E-05  0.0000E+00  0.0000E+00  0.0000E+00  0.0000E+00  0.0000E+00
     -1.661  0.2312E-03  0.3694E-05  0.3165E-01  0.3694E-05  0.0000E+00  0.0000E+00  0.0000E+00  0.0000E+00  0.0000E+00
     -1.651  0.2131E-03  0.3722E-05  0.2845E-01  0.3722E-05  0.0000E+00  0.0000E+00  0.0000E+00  0.0000E+00  0.0000E+00
     -1.641  0.1964E-03  0.3807E-05  0.2566E-01  0.3807E-05  0.0000E+00  0.0000E+00  0.0000E+00  0.0000E+00  0.0000E+00
     -1.631  0.1827E-03  0.3940E-05  0.2350E-01  0.3940E-05  0.0000E+00  0.0000E+00  0.0000E+00  0.0000E+00  0.0000E+00
     -1.621  0.1732E-03  0.4102E-05  0.2207E-01  0.4102E-05  0.0000E+00  0.0000E+00  0.0000E+00  0.0000E+00  0.0000E+00
     -1.611  0.1683E-03  0.4267E-05  0.2139E-01  0.4267E-05  0.0000E+00  0.0000E+00  0.0000E+00  0.0000E+00  0.0000E+00
     -1.601  0.1679E-03  0.4405E-05  0.2139E-01  0.4405E-05  0.0000E+00  0.0000E+00  0.0000E+00  0.0000E+00  0.0000E+00
     -1.591  0.1713E-03  0.4494E-05  0.2194E-01  0.4494E-05  0.0000E+00  0.0000E+00  0.0000E+00  0.0000E+00  0.0000E+00
     -1.581  0.1776E-03  0.4520E-05  0.2288E-01  0.4520E-05  0.0000E+00  0.0000E+00  0.0000E+00  0.0000E+00  0.0000E+00
     -1.571  0.1855E-03  0.4483E-05  0.2405E-01  0.4483E-05  0.0000E+00  0.0000E+00  0.0000E+00  0.0000E+00  0.0000E+00
     -1.561  0.1940E-03  0.4393E-05  0.2532E-01  0.4393E-05  0.0000E+00  0.0000E+00  0.0000E+00  0.0000E+00  0.0000E+00
     -1.551  0.2025E-03  0.4265E-05  0.2659E-01  0.4265E-05  0.0000E+00  0.0000E+00  0.0000E+00  0.0000E+00  0.0000E+00
     -1.541  0.2105E-03  0.4117E-05  0.2780E-01  0.4117E-05  0.0000E+00  0.0000E+00  0.0000E+00  0.0000E+00  0.0000E+00
     -1.531  0.2177E-03  0.3962E-05  0.2892E-01  0.3962E-05  0.0000E+00  0.0000E+00  0.0000E+00  0.0000E+00  0.0000E+00
     -1.521  0.2241E-03  0.3808E-05  0.2996E-01  0.3808E-05  0.0000E+00  0.0000E+00  0.0000E+00  0.0000E+00  0.0000E+00
     -1.511  0.2298E-03  0.3659E-05  0.3091E-01  0.3659E-05  0.0000E+00  0.0000E+00  0.0000E+00  0.0000E+00  0.0000E+00
     -1.501  0.2348E-03  0.3515E-05  0.3177E-01  0.3515E-05  0.0000E+00  0.0000E+00  0.0000E+00  0.0000E+00  0.0000E+00
     -1.491  0.2391E-03  0.3376E-05  0.3257E-01  0.3376E-05  0.0000E+00  0.0000E+00  0.0000E+00  0.0000E+00  0.0000E+00
     -1.481  0.2429E-03  0.3240E-05  0.3328E-01  0.3240E-05  0.0000E+00  0.0000E+00  0.0000E+00  0.0000E+00  0.0000E+00
     -1.471  0.2460E-03  0.3104E-05  0.3393E-01  0.3104E-05  0.0000E+00  0.0000E+00  0.0000E+00  0.0000E+00  0.0000E+00
     -1.461  0.2485E-03  0.2966E-05  0.3448E-01  0.2966E-05  0.0000E+00  0.0000E+00  0.0000E+00  0.0000E+00  0.0000E+00
     -1.451  0.2503E-03  0.2826E-05  0.3494E-01  0.2826E-05  0.0000E+00  0.0000E+00  0.0000E+00  0.0000E+00  0.0000E+00
     -1.441  0.2514E-03  0.2683E-05  0.3530E-01  0.2683E-05  0.0000E+00  0.0000E+00  0.0000E+00  0.0000E+00  0.0000E+00
     -1.431  0.2518E-03  0.2537E-05  0.3558E-01  0.2537E-05  0.0000E+00  0.0000E+00  0.0000E+00  0.0000E+00  0.0000E+00
     -1.421  0.2518E-03  0.2390E-05  0.3583E-01  0.2390E-05  0.0000E+00  0.0000E+00  0.0000E+00  0.0000E+00  0.0000E+00
     -1.411  0.2528E-03  0.2250E-05  0.3629E-01  0.2250E-05  0.0000E+00  0.0000E+00  0.0000E+00  0.0000E+00  0.0000E+00
     -1.401  0.2577E-03  0.2132E-05  0.3751E-01  0.2132E-05  0.0000E+00  0.0000E+00  0.0000E+00  0.0000E+00  0.0000E+00
     -1.391  0.2733E-03  0.2066E-05  0.4070E-01  0.2066E-05  0.0000E+00  0.0000E+00  0.0000E+00  0.0000E+00  0.0000E+00
     -1.381  0.3126E-03  0.2105E-05  0.4824E-01  0.2105E-05  0.0000E+00  0.0000E+00  0.0000E+00  0.0000E+00  0.0000E+00
     -1.371  0.3979E-03  0.2335E-05  0.6412E-01  0.2335E-05  0.0000E+00  0.0000E+00  0.0000E+00  0.0000E+00  0.0000E+00
     -1.360  0.5615E-03  0.2872E-05  0.9420E-01  0.2872E-05  0.0000E+00  0.0000E+00  0.0000E+00  0.0000E+00  0.0000E+00
     -1.350  0.8432E-03  0.3844E-05  0.1456E+00  0.3844E-05  0.0000E+00  0.0000E+00  0.0000E+00  0.0000E+00  0.0000E+00
     -1.340  0.1280E-02  0.5353E-05  0.2251E+00  0.5353E-05  0.0000E+00  0.0000E+00  0.0000E+00  0.0000E+00  0.0000E+00
     -1.330  0.1888E-02  0.7411E-05  0.3356E+00  0.7411E-05  0.0000E+00  0.0000E+00  0.0000E+00  0.0000E+00  0.0000E+00
     -1.320  0.2643E-02  0.9882E-05  0.4727E+00  0.9882E-05  0.0000E+00  0.0000E+00  0.0000E+00  0.0000E+00  0.0000E+00
     -1.310  0.3468E-02  0.1245E-04  0.6226E+00  0.1245E-04  0.0000E+00  0.0000E+00  0.0000E+00  0.0000E+00  0.0000E+00
     -1.300  0.4237E-02  0.1469E-04  0.7622E+00  0.1469E-04  0.0000E+00  0.0000E+00  0.0000E+00  0.0000E+00  0.0000E+00
     -1.290  0.4804E-02  0.1613E-04  0.8651E+00  0.1613E-04  0.0000E+00  0.0000E+00  0.0000E+00  0.0000E+00  0.0000E+00
     -1.280  0.5044E-02  0.1645E-04  0.9091E+00  0.1645E-04  0.0000E+00  0.0000E+00  0.0000E+00  0.0000E+00  0.0000E+00
     -1.270  0.4904E-02  0.1556E-04  0.8840E+00  0.1556E-04  0.0000E+00  0.0000E+00  0.0000E+00  0.0000E+00  0.0000E+00
     -1.260  0.4413E-02  0.1366E-04  0.7954E+00  0.1366E-04  0.0000E+00  0.0000E+00  0.0000E+00  0.0000E+00  0.0000E+00
     -1.250  0.3680E-02  0.1114E-04  0.6628E+00  0.1114E-04  0.0000E+00  0.0000E+00  0.0000E+00  0.0000E+00  0.0000E+00
     -1.240  0.2849E-02  0.8479E-05  0.5123E+00  0.8479E-05  0.0000E+00  0.0000E+00  0.0000E+00  0.0000E+00  0.0000E+00
     -1.230  0.2058E-02  0.6080E-05  0.3688E+00  0.6080E-05  0.0000E+00  0.0000E+00  0.0000E+00  0.0000E+00  0.0000E+00
     -1.220  0.1398E-02  0.4183E-05  0.2490E+00  0.4183E-05  0.0000E+00  0.0000E+00  0.0000E+00  0.0000E+00  0.0000E+00
     -1.210  0.9091E-03  0.2862E-05  0.1601E+00  0.2862E-05  0.0000E+00  0.0000E+00  0.0000E+00  0.0000E+00  0.0000E+00
     -1.200  0.5840E-03  0.2060E-05  0.1008E+00  0.2060E-05  0.0000E+00  0.0000E+00  0.0000E+00  0.0000E+00  0.0000E+00
     -1.190  0.3894E-03  0.1658E-05  0.6517E-01  0.1658E-05  0.0000E+00  0.0000E+00  0.0000E+00  0.0000E+00  0.0000E+00
     -1.180  0.2847E-03  0.1527E-05  0.4584E-01  0.1527E-05  0.0000E+00  0.0000E+00  0.0000E+00  0.0000E+00  0.0000E+00
     -1.170  0.2345E-03  0.1561E-05  0.3641E-01  0.1561E-05  0.0000E+00  0.0000E+00  0.0000E+00  0.0000E+00  0.0000E+00
     -1.160  0.2134E-03  0.1689E-05  0.3232E-01  0.1689E-05  0.0000E+00  0.0000E+00  0.0000E+00  0.0000E+00  0.0000E+00
     -1.150  0.2059E-03  0.1867E-05  0.3074E-01  0.1867E-05  0.0000E+00  0.0000E+00  0.0000E+00  0.0000E+00  0.0000E+00
     -1.140  0.2038E-03  0.2072E-05  0.3017E-01  0.2072E-05  0.0000E+00  0.0000E+00  0.0000E+00  0.0000E+00  0.0000E+00
     -1.130  0.2031E-03  0.2293E-05  0.2991E-01  0.2293E-05  0.0000E+00  0.0000E+00  0.0000E+00  0.0000E+00  0.0000E+00
     -1.120  0.2023E-03  0.2526E-05  0.2965E-01  0.2526E-05  0.0000E+00  0.0000E+00  0.0000E+00  0.0000E+00  0.0000E+00
     -1.110  0.2008E-03  0.2768E-05  0.2930E-01  0.2768E-05  0.0000E+00  0.0000E+00  0.0000E+00  0.0000E+00  0.0000E+00
     -1.100  0.1986E-03  0.3019E-05  0.2885E-01  0.3019E-05  0.0000E+00  0.0000E+00  0.0000E+00  0.0000E+00  0.0000E+00
     -1.090  0.1958E-03  0.3279E-05  0.2831E-01  0.3279E-05  0.0000E+00  0.0000E+00  0.0000E+00  0.0000E+00  0.0000E+00
     -1.080  0.1924E-03  0.3546E-05  0.2768E-01  0.3546E-05  0.0000E+00  0.0000E+00  0.0000E+00  0.0000E+00  0.0000E+00
     -1.070  0.1886E-03  0.3822E-05  0.2700E-01  0.3822E-05  0.0000E+00  0.0000E+00  0.0000E+00  0.0000E+00  0.0000E+00
     -1.059  0.1844E-03  0.4105E-05  0.2627E-01  0.4105E-05  0.0000E+00  0.0000E+00  0.0000E+00  0.0000E+00  0.0000E+00
     -1.049  0.1800E-03  0.4397E-05  0.2549E-01  0.4397E-05  0.0000E+00  0.0000E+00  0.0000E+00  0.0000E+00  0.0000E+00
     -1.039  0.1752E-03  0.4695E-05  0.2469E-01  0.4695E-05  0.0000E+00  0.0000E+00  0.0000E+00  0.0000E+00  0.0000E+00
     -1.029  0.1703E-03  0.5000E-05  0.2386E-01  0.5000E-05  0.0000E+00  0.0000E+00  0.0000E+00  0.0000E+00  0.0000E+00
     -1.019  0.1651E-03  0.5310E-05  0.2300E-01  0.5310E-05  0.0000E+00  0.0000E+00  0.0000E+00  0.0000E+00  0.0000E+00
     -1.009  0.1597E-03  0.5622E-05  0.2211E-01  0.5622E-05  0.0000E+00  0.0000E+00  0.0000E+00  0.0000E+00  0.0000E+00
     -0.999  0.1540E-03  0.5933E-05  0.2120E-01  0.5933E-05  0.0000E+00  0.0000E+00  0.0000E+00  0.0000E+00  0.0000E+00
     -0.989  0.1480E-03  0.6237E-05  0.2026E-01  0.6237E-05  0.0000E+00  0.0000E+00  0.0000E+00  0.0000E+00  0.0000E+00
     -0.979  0.1416E-03  0.6529E-05  0.1930E-01  0.6529E-05  0.0000E+00  0.0000E+00  0.0000E+00  0.0000E+00  0.0000E+00
     -0.969  0.1351E-03  0.6803E-05  0.1833E-01  0.6803E-05  0.0000E+00  0.0000E+00  0.0000E+00  0.0000E+00  0.0000E+00
     -0.959  0.1284E-03  0.7060E-05  0.1741E-01  0.7060E-05  0.0000E+00  0.0000E+00  0.0000E+00  0.0000E+00  0.0000E+00
     -0.949  0.1220E-03  0.7307E-05  0.1659E-01  0.7307E-05  0.0000E+00  0.0000E+00  0.0000E+00  0.0000E+00  0.0000E+00
     -0.939  0.1165E-03  0.7568E-05  0.1600E-01  0.7568E-05  0.0000E+00  0.0000E+00  0.0000E+00  0.0000E+00  0.0000E+00
     -0.929  0.1125E-03  0.7885E-05  0.1578E-01  0.7885E-05  0.0000E+00  0.0000E+00  0.0000E+00  0.0000E+00  0.0000E+00
     -0.919  0.1110E-03  0.8313E-05  0.1608E-01  0.8313E-05  0.0000E+00  0.0000E+00  0.0000E+00  0.0000E+00  0.0000E+00
     -0.909  0.1125E-03  0.8909E-05  0.1699E-01  0.8909E-05  0.0000E+00  0.0000E+00  0.0000E+00  0.0000E+00  0.0000E+00
     -0.899  0.1173E-03  0.9722E-05  0.1853E-01  0.9722E-05  0.0000E+00  0.0000E+00  0.0000E+00  0.0000E+00  0.0000E+00
     -0.889  0.1248E-03  0.1077E-04  0.2059E-01  0.1077E-04  0.0000E+00  0.0000E+00  0.0000E+00  0.0000E+00  0.0000E+00
     -0.879  0.1341E-03  0.1205E-04  0.2293E-01  0.1205E-04  0.0000E+00  0.0000E+00  0.0000E+00  0.0000E+00  0.0000E+00
     -0.869  0.1437E-03  0.1350E-04  0.2525E-01  0.1350E-04  0.0000E+00  0.0000E+00  0.0000E+00  0.0000E+00  0.0000E+00
     -0.859  0.1519E-03  0.1506E-04  0.2721E-01  0.1506E-04  0.0000E+00  0.0000E+00  0.0000E+00  0.0000E+00  0.0000E+00
     -0.849  0.1574E-03  0.1663E-04  0.2854E-01  0.1663E-04  0.0000E+00  0.0000E+00  0.0000E+00  0.0000E+00  0.0000E+00
     -0.839  0.1594E-03  0.1812E-04  0.2908E-01  0.1812E-04  0.0000E+00  0.0000E+00  0.0000E+00  0.0000E+00  0.0000E+00
     -0.829  0.1577E-03  0.1947E-04  0.2879E-01  0.1947E-04  0.0000E+00  0.0000E+00  0.0000E+00  0.0000E+00  0.0000E+00
     -0.819  0.1528E-03  0.2062E-04  0.2780E-01  0.2062E-04  0.0000E+00  0.0000E+00  0.0000E+00  0.0000E+00  0.0000E+00
     -0.809  0.1457E-03  0.2156E-04  0.2630E-01  0.2156E-04  0.0000E+00  0.0000E+00  0.0000E+00  0.0000E+00  0.0000E+00
     -0.799  0.1376E-03  0.2230E-04  0.2453E-01  0.2230E-04  0.0000E+00  0.0000E+00  0.0000E+00  0.0000E+00  0.0000E+00
     -0.789  0.1298E-03  0.2290E-04  0.2276E-01  0.2290E-04  0.0000E+00  0.0000E+00  0.0000E+00  0.0000E+00  0.0000E+00
     -0.779  0.1232E-03  0.2348E-04  0.2124E-01  0.2348E-04  0.0000E+00  0.0000E+00  0.0000E+00  0.0000E+00  0.0000E+00
     -0.769  0.1188E-03  0.2417E-04  0.2014E-01  0.2417E-04  0.0000E+00  0.0000E+00  0.0000E+00  0.0000E+00  0.0000E+00
     -0.758  0.1170E-03  0.2513E-04  0.1958E-01  0.2513E-04  0.0000E+00  0.0000E+00  0.0000E+00  0.0000E+00  0.0000E+00
     -0.748  0.1176E-03  0.2643E-04  0.1953E-01  0.2643E-04  0.0000E+00  0.0000E+00  0.0000E+00  0.0000E+00  0.0000E+00
     -0.738  0.1202E-03  0.2812E-04  0.1990E-01  0.2812E-04  0.0000E+00  0.0000E+00  0.0000E+00  0.0000E+00  0.0000E+00
     -0.728  0.1238E-03  0.3014E-04  0.2049E-01  0.3014E-04  0.0000E+00  0.0000E+00  0.0000E+00  0.0000E+00  0.0000E+00
     -0.718  0.1272E-03  0.3242E-04  0.2109E-01  0.3242E-04  0.0000E+00  0.0000E+00  0.0000E+00  0.0000E+00  0.0000E+00
     -0.708  0.1297E-03  0.3487E-04  0.2150E-01  0.3487E-04  0.0000E+00  0.0000E+00  0.0000E+00  0.0000E+00  0.0000E+00
     -0.698  0.1304E-03  0.3746E-04  0.2163E-01  0.3746E-04  0.0000E+00  0.0000E+00  0.0000E+00  0.0000E+00  0.0000E+00
     -0.688  0.1294E-03  0.4018E-04  0.2147E-01  0.4018E-04  0.0000E+00  0.0000E+00  0.0000E+00  0.0000E+00  0.0000E+00
     -0.678  0.1266E-03  0.4307E-04  0.2108E-01  0.4307E-04  0.0000E+00  0.0000E+00  0.0000E+00  0.0000E+00  0.0000E+00
     -0.668  0.1225E-03  0.4616E-04  0.2059E-01  0.4616E-04  0.0000E+00  0.0000E+00  0.0000E+00  0.0000E+00  0.0000E+00
     -0.658  0.1175E-03  0.4944E-04  0.2015E-01  0.4944E-04  0.0000E+00  0.0000E+00  0.0000E+00  0.0000E+00  0.0000E+00
     -0.648  0.1120E-03  0.5281E-04  0.1986E-01  0.5281E-04  0.0000E+00  0.0000E+00  0.0000E+00  0.0000E+00  0.0000E+00
     -0.638  0.1065E-03  0.5609E-04  0.1978E-01  0.5609E-04  0.0000E+00  0.0000E+00  0.0000E+00  0.0000E+00  0.0000E+00
     -0.628  0.1013E-03  0.5903E-04  0.1992E-01  0.5903E-04  0.0000E+00  0.0000E+00  0.0000E+00  0.0000E+00  0.0000E+00
     -0.618  0.9702E-04  0.6142E-04  0.2025E-01  0.6142E-04  0.0000E+00  0.0000E+00  0.0000E+00  0.0000E+00  0.0000E+00
     -0.608  0.9397E-04  0.6315E-04  0.2069E-01  0.6315E-04  0.0000E+00  0.0000E+00  0.0000E+00  0.0000E+00  0.0000E+00
     -0.598  0.9264E-04  0.6427E-04  0.2117E-01  0.6427E-04  0.0000E+00  0.0000E+00  0.0000E+00  0.0000E+00  0.0000E+00
     -0.588  0.9333E-04  0.6501E-04  0.2163E-01  0.6501E-04  0.0000E+00  0.0000E+00  0.0000E+00  0.0000E+00  0.0000E+00
     -0.578  0.9608E-04  0.6569E-04  0.2200E-01  0.6569E-04  0.0000E+00  0.0000E+00  0.0000E+00  0.0000E+00  0.0000E+00
     -0.568  0.1005E-03  0.6666E-04  0.2223E-01  0.6666E-04  0.0000E+00  0.0000E+00  0.0000E+00  0.0000E+00  0.0000E+00
     -0.558  0.1059E-03  0.6815E-04  0.2224E-01  0.6815E-04  0.0000E+00  0.0000E+00  0.0000E+00  0.0000E+00  0.0000E+00
     -0.548  0.1111E-03  0.7017E-04  0.2199E-01  0.7017E-04  0.0000E+00  0.0000E+00  0.0000E+00  0.0000E+00  0.0000E+00
     -0.538  0.1151E-03  0.7248E-04  0.2142E-01  0.7248E-04  0.0000E+00  0.0000E+00  0.0000E+00  0.0000E+00  0.0000E+00
     -0.528  0.1169E-03  0.7468E-04  0.2055E-01  0.7468E-04  0.0000E+00  0.0000E+00  0.0000E+00  0.0000E+00  0.0000E+00
     -0.518  0.1164E-03  0.7628E-04  0.1945E-01  0.7628E-04  0.0000E+00  0.0000E+00  0.0000E+00  0.0000E+00  0.0000E+00
     -0.508  0.1138E-03  0.7692E-04  0.1831E-01  0.7692E-04  0.0000E+00  0.0000E+00  0.0000E+00  0.0000E+00  0.0000E+00
     -0.498  0.1101E-03  0.7649E-04  0.1732E-01  0.7649E-04  0.0000E+00  0.0000E+00  0.0000E+00  0.0000E+00  0.0000E+00
     -0.488  0.1063E-03  0.7522E-04  0.1668E-01  0.7522E-04  0.0000E+00  0.0000E+00  0.0000E+00  0.0000E+00  0.0000E+00
     -0.478  0.1035E-03  0.7359E-04  0.1650E-01  0.7359E-04  0.0000E+00  0.0000E+00  0.0000E+00  0.0000E+00  0.0000E+00
     -0.468  0.1020E-03  0.7219E-04  0.1679E-01  0.7219E-04  0.0000E+00  0.0000E+00  0.0000E+00  0.0000E+00  0.0000E+00
     -0.457  0.1018E-03  0.7152E-04  0.1740E-01  0.7152E-04  0.0000E+00  0.0000E+00  0.0000E+00  0.0000E+00  0.0000E+00
     -0.447  0.1025E-03  0.7189E-04  0.1815E-01  0.7189E-04  0.0000E+00  0.0000E+00  0.0000E+00  0.0000E+00  0.0000E+00
     -0.437  0.1034E-03  0.7331E-04  0.1882E-01  0.7331E-04  0.0000E+00  0.0000E+00  0.0000E+00  0.0000E+00  0.0000E+00
     -0.427  0.1040E-03  0.7558E-04  0.1925E-01  0.7558E-04  0.0000E+00  0.0000E+00  0.0000E+00  0.0000E+00  0.0000E+00
     -0.417  0.1038E-03  0.7839E-04  0.1940E-01  0.7839E-04  0.0000E+00  0.0000E+00  0.0000E+00  0.0000E+00  0.0000E+00
     -0.407  0.1030E-03  0.8141E-04  0.1930E-01  0.8141E-04  0.0000E+00  0.0000E+00  0.0000E+00  0.0000E+00  0.0000E+00
     -0.397  0.1016E-03  0.8438E-04  0.1910E-01  0.8438E-04  0.0000E+00  0.0000E+00  0.0000E+00  0.0000E+00  0.0000E+00
     -0.387  0.1001E-03  0.8713E-04  0.1894E-01  0.8713E-04  0.0000E+00  0.0000E+00  0.0000E+00  0.0000E+00  0.0000E+00
     -0.377  0.9905E-04  0.8961E-04  0.1896E-01  0.8961E-04  0.0000E+00  0.0000E+00  0.0000E+00  0.0000E+00  0.0000E+00
     -0.367  0.9883E-04  0.9183E-04  0.1925E-01  0.9183E-04  0.0000E+00  0.0000E+00  0.0000E+00  0.0000E+00  0.0000E+00
     -0.357  0.9973E-04  0.9392E-04  0.1979E-01  0.9392E-04  0.0000E+00  0.0000E+00  0.0000E+00  0.0000E+00  0.0000E+00
     -0.347  0.1017E-03  0.9607E-04  0.2049E-01  0.9607E-04  0.0000E+00  0.0000E+00  0.0000E+00  0.0000E+00  0.0000E+00
     -0.337  0.1044E-03  0.9854E-04  0.2116E-01  0.9854E-04  0.0000E+00  0.0000E+00  0.0000E+00  0.0000E+00  0.0000E+00
     -0.327  0.1071E-03  0.1016E-03  0.2163E-01  0.1016E-03  0.0000E+00  0.0000E+00  0.0000E+00  0.0000E+00  0.0000E+00
     -0.317  0.1091E-03  0.1054E-03  0.2172E-01  0.1054E-03  0.0000E+00  0.0000E+00  0.0000E+00  0.0000E+00  0.0000E+00
     -0.307  0.1099E-03  0.1099E-03  0.2132E-01  0.1099E-03  0.0000E+00  0.0000E+00  0.0000E+00  0.0000E+00  0.0000E+00
     -0.297  0.1090E-03  0.1151E-03  0.2041E-01  0.1151E-03  0.0000E+00  0.0000E+00  0.0000E+00  0.0000E+00  0.0000E+00
     -0.287  0.1065E-03  0.1205E-03  0.1906E-01  0.1205E-03  0.0000E+00  0.0000E+00  0.0000E+00  0.0000E+00  0.0000E+00
     -0.277  0.1029E-03  0.1258E-03  0.1744E-01  0.1258E-03  0.0000E+00  0.0000E+00  0.0000E+00  0.0000E+00  0.0000E+00
     -0.267  0.9856E-04  0.1305E-03  0.1574E-01  0.1305E-03  0.0000E+00  0.0000E+00  0.0000E+00  0.0000E+00  0.0000E+00
     -0.257  0.9430E-04  0.1346E-03  0.1415E-01  0.1346E-03  0.0000E+00  0.0000E+00  0.0000E+00  0.0000E+00  0.0000E+00
     -0.247  0.9064E-04  0.1379E-03  0.1282E-01  0.1379E-03  0.0000E+00  0.0000E+00  0.0000E+00  0.0000E+00  0.0000E+00
     -0.237  0.8789E-04  0.1406E-03  0.1185E-01  0.1406E-03  0.0000E+00  0.0000E+00  0.0000E+00  0.0000E+00  0.0000E+00
     -0.227  0.8611E-04  0.1429E-03  0.1127E-01  0.1429E-03  0.0000E+00  0.0000E+00  0.0000E+00  0.0000E+00  0.0000E+00
     -0.217  0.8517E-04  0.1455E-03  0.1101E-01  0.1455E-03  0.0000E+00  0.0000E+00  0.0000E+00  0.0000E+00  0.0000E+00
     -0.207  0.8484E-04  0.1491E-03  0.1101E-01  0.1491E-03  0.0000E+00  0.0000E+00  0.0000E+00  0.0000E+00  0.0000E+00
     -0.197  0.8493E-04  0.1547E-03  0.1118E-01  0.1547E-03  0.0000E+00  0.0000E+00  0.0000E+00  0.0000E+00  0.0000E+00
     -0.187  0.8539E-04  0.1631E-03  0.1145E-01  0.1631E-03  0.0000E+00  0.0000E+00  0.0000E+00  0.0000E+00  0.0000E+00
     -0.177  0.8625E-04  0.1748E-03  0.1179E-01  0.1748E-03  0.0000E+00  0.0000E+00  0.0000E+00  0.0000E+00  0.0000E+00
     -0.167  0.8757E-04  0.1899E-03  0.1218E-01  0.1899E-03  0.0000E+00  0.0000E+00  0.0000E+00  0.0000E+00  0.0000E+00
     -0.156  0.8937E-04  0.2079E-03  0.1261E-01  0.2079E-03  0.0000E+00  0.0000E+00  0.0000E+00  0.0000E+00  0.0000E+00
     -0.146  0.9151E-04  0.2277E-03  0.1305E-01  0.2277E-03  0.0000E+00  0.0000E+00  0.0000E+00  0.0000E+00  0.0000E+00
     -0.136  0.9368E-04  0.2479E-03  0.1343E-01  0.2479E-03  0.0000E+00  0.0000E+00  0.0000E+00  0.0000E+00  0.0000E+00
     -0.126  0.9551E-04  0.2671E-03  0.1370E-01  0.2671E-03  0.0000E+00  0.0000E+00  0.0000E+00  0.0000E+00  0.0000E+00
     -0.116  0.9666E-04  0.2840E-03  0.1378E-01  0.2840E-03  0.0000E+00  0.0000E+00  0.0000E+00  0.0000E+00  0.0000E+00
     -0.106  0.9693E-04  0.2983E-03  0.1365E-01  0.2983E-03  0.0000E+00  0.0000E+00  0.0000E+00  0.0000E+00  0.0000E+00
     -0.096  0.9637E-04  0.3104E-03  0.1334E-01  0.3104E-03  0.0000E+00  0.0000E+00  0.0000E+00  0.0000E+00  0.0000E+00
     -0.086  0.9519E-04  0.3213E-03  0.1291E-01  0.3213E-03  0.0000E+00  0.0000E+00  0.0000E+00  0.0000E+00  0.0000E+00
     -0.076  0.9374E-04  0.3322E-03  0.1245E-01  0.3322E-03  0.0000E+00  0.0000E+00  0.0000E+00  0.0000E+00  0.0000E+00
     -0.066  0.9234E-04  0.3439E-03  0.1204E-01  0.3439E-03  0.0000E+00  0.0000E+00  0.0000E+00  0.0000E+00  0.0000E+00
     -0.056  0.9124E-04  0.3564E-03  0.1169E-01  0.3564E-03  0.0000E+00  0.0000E+00  0.0000E+00  0.0000E+00  0.0000E+00
     -0.046  0.9060E-04  0.3693E-03  0.1142E-01  0.3693E-03  0.0000E+00  0.0000E+00  0.0000E+00  0.0000E+00  0.0000E+00
     -0.036  0.9056E-04  0.3815E-03  0.1116E-01  0.3815E-03  0.0000E+00  0.0000E+00  0.0000E+00  0.0000E+00  0.0000E+00
     -0.026  0.9122E-04  0.3922E-03  0.1088E-01  0.3922E-03  0.0000E+00  0.0000E+00  0.0000E+00  0.0000E+00  0.0000E+00
     -0.016  0.9268E-04  0.4010E-03  0.1054E-01  0.4010E-03  0.0000E+00  0.0000E+00  0.0000E+00  0.0000E+00  0.0000E+00
     -0.006  0.9495E-04  0.4078E-03  0.1011E-01  0.4078E-03  0.0000E+00  0.0000E+00  0.0000E+00  0.0000E+00  0.0000E+00
      0.004  0.9801E-04  0.4129E-03  0.9625E-02  0.4129E-03  0.0000E+00  0.0000E+00  0.0000E+00  0.0000E+00  0.0000E+00
      0.014  0.1017E-03  0.4171E-03  0.9102E-02  0.4171E-03  0.0000E+00  0.0000E+00  0.0000E+00  0.0000E+00  0.0000E+00
      0.024  0.1058E-03  0.4213E-03  0.8577E-02  0.4213E-03  0.0000E+00  0.0000E+00  0.0000E+00  0.0000E+00  0.0000E+00
      0.034  0.1100E-03  0.4267E-03  0.8086E-02  0.4267E-03  0.0000E+00  0.0000E+00  0.0000E+00  0.0000E+00  0.0000E+00
      0.044  0.1141E-03  0.4343E-03  0.7655E-02  0.4343E-03  0.0000E+00  0.0000E+00  0.0000E+00  0.0000E+00  0.0000E+00
      0.054  0.1177E-03  0.4450E-03  0.7307E-02  0.4450E-03  0.0000E+00  0.0000E+00  0.0000E+00  0.0000E+00  0.0000E+00
      0.064  0.1207E-03  0.4596E-03  0.7056E-02  0.4596E-03  0.0000E+00  0.0000E+00  0.0000E+00  0.0000E+00  0.0000E+00
      0.074  0.1227E-03  0.4784E-03  0.6912E-02  0.4784E-03  0.0000E+00  0.0000E+00  0.0000E+00  0.0000E+00  0.0000E+00
      0.084  0.1238E-03  0.5016E-03  0.6879E-02  0.5016E-03  0.0000E+00  0.0000E+00  0.0000E+00  0.0000E+00  0.0000E+00
      0.094  0.1240E-03  0.5290E-03  0.6959E-02  0.5290E-03  0.0000E+00  0.0000E+00  0.0000E+00  0.0000E+00  0.0000E+00
      0.104  0.1234E-03  0.5608E-03  0.7150E-02  0.5608E-03  0.0000E+00  0.0000E+00  0.0000E+00  0.0000E+00  0.0000E+00
      0.114  0.1223E-03  0.5967E-03  0.7442E-02  0.5967E-03  0.0000E+00  0.0000E+00  0.0000E+00  0.0000E+00  0.0000E+00
      0.124  0.1210E-03  0.6366E-03  0.7818E-02  0.6366E-03  0.0000E+00  0.0000E+00  0.0000E+00  0.0000E+00  0.0000E+00
      0.134  0.1198E-03  0.6798E-03  0.8255E-02  0.6798E-03  0.0000E+00  0.0000E+00  0.0000E+00  0.0000E+00  0.0000E+00
      0.145  0.1193E-03  0.7247E-03  0.8722E-02  0.7247E-03  0.0000E+00  0.0000E+00  0.0000E+00  0.0000E+00  0.0000E+00
      0.155  0.1201E-03  0.7691E-03  0.9184E-02  0.7691E-03  0.0000E+00  0.0000E+00  0.0000E+00  0.0000E+00  0.0000E+00
      0.165  0.1230E-03  0.8100E-03  0.9601E-02  0.8100E-03  0.0000E+00  0.0000E+00  0.0000E+00  0.0000E+00  0.0000E+00
      0.175  0.1287E-03  0.8452E-03  0.9933E-02  0.8452E-03  0.0000E+00  0.0000E+00  0.0000E+00  0.0000E+00  0.0000E+00
      0.185  0.1378E-03  0.8739E-03  0.1013E-01  0.8739E-03  0.0000E+00  0.0000E+00  0.0000E+00  0.0000E+00  0.0000E+00
      0.195  0.1507E-03  0.8972E-03  0.1017E-01  0.8972E-03  0.0000E+00  0.0000E+00  0.0000E+00  0.0000E+00  0.0000E+00
      0.205  0.1670E-03  0.9171E-03  0.9999E-02  0.9171E-03  0.0000E+00  0.0000E+00  0.0000E+00  0.0000E+00  0.0000E+00
      0.215  0.1857E-03  0.9352E-03  0.9623E-02  0.9352E-03  0.0000E+00  0.0000E+00  0.0000E+00  0.0000E+00  0.0000E+00
      0.225  0.2051E-03  0.9501E-03  0.9058E-02  0.9501E-03  0.0000E+00  0.0000E+00  0.0000E+00  0.0000E+00  0.0000E+00
      0.235  0.2232E-03  0.9576E-03  0.8361E-02  0.9576E-03  0.0000E+00  0.0000E+00  0.0000E+00  0.0000E+00  0.0000E+00
      0.245  0.2385E-03  0.9511E-03  0.7617E-02  0.9511E-03  0.0000E+00  0.0000E+00  0.0000E+00  0.0000E+00  0.0000E+00
      0.255  0.2502E-03  0.9252E-03  0.6931E-02  0.9252E-03  0.0000E+00  0.0000E+00  0.0000E+00  0.0000E+00  0.0000E+00
      0.265  0.2586E-03  0.8783E-03  0.6410E-02  0.8783E-03  0.0000E+00  0.0000E+00  0.0000E+00  0.0000E+00  0.0000E+00
      0.275  0.2649E-03  0.8141E-03  0.6141E-02  0.8141E-03  0.0000E+00  0.0000E+00  0.0000E+00  0.0000E+00  0.0000E+00
      0.285  0.2707E-03  0.7417E-03  0.6183E-02  0.7417E-03  0.0000E+00  0.0000E+00  0.0000E+00  0.0000E+00  0.0000E+00
      0.295  0.2773E-03  0.6723E-03  0.6565E-02  0.6723E-03  0.0000E+00  0.0000E+00  0.0000E+00  0.0000E+00  0.0000E+00
      0.305  0.2857E-03  0.6167E-03  0.7286E-02  0.6167E-03  0.0000E+00  0.0000E+00  0.0000E+00  0.0000E+00  0.0000E+00
      0.315  0.2960E-03  0.5822E-03  0.8322E-02  0.5822E-03  0.0000E+00  0.0000E+00  0.0000E+00  0.0000E+00  0.0000E+00
      0.325  0.3076E-03  0.5718E-03  0.9624E-02  0.5718E-03  0.0000E+00  0.0000E+00  0.0000E+00  0.0000E+00  0.0000E+00
      0.335  0.3195E-03  0.5841E-03  0.1110E-01  0.5841E-03  0.0000E+00  0.0000E+00  0.0000E+00  0.0000E+00  0.0000E+00
      0.345  0.3301E-03  0.6147E-03  0.1262E-01  0.6147E-03  0.0000E+00  0.0000E+00  0.0000E+00  0.0000E+00  0.0000E+00
      0.355  0.3380E-03  0.6577E-03  0.1402E-01  0.6577E-03  0.0000E+00  0.0000E+00  0.0000E+00  0.0000E+00  0.0000E+00
      0.365  0.3419E-03  0.7075E-03  0.1511E-01  0.7075E-03  0.0000E+00  0.0000E+00  0.0000E+00  0.0000E+00  0.0000E+00
      0.375  0.3412E-03  0.7591E-03  0.1578E-01  0.7591E-03  0.0000E+00  0.0000E+00  0.0000E+00  0.0000E+00  0.0000E+00
      0.385  0.3362E-03  0.8092E-03  0.1598E-01  0.8092E-03  0.0000E+00  0.0000E+00  0.0000E+00  0.0000E+00  0.0000E+00
      0.395  0.3277E-03  0.8558E-03  0.1577E-01  0.8558E-03  0.0000E+00  0.0000E+00  0.0000E+00  0.0000E+00  0.0000E+00
      0.405  0.3174E-03  0.8976E-03  0.1529E-01  0.8976E-03  0.0000E+00  0.0000E+00  0.0000E+00  0.0000E+00  0.0000E+00
      0.415  0.3071E-03  0.9340E-03  0.1470E-01  0.9340E-03  0.0000E+00  0.0000E+00  0.0000E+00  0.0000E+00  0.0000E+00
      0.425  0.2987E-03  0.9639E-03  0.1414E-01  0.9639E-03  0.0000E+00  0.0000E+00  0.0000E+00  0.0000E+00  0.0000E+00
      0.435  0.2937E-03  0.9861E-03  0.1368E-01  0.9861E-03  0.0000E+00  0.0000E+00  0.0000E+00  0.0000E+00  0.0000E+00
      0.446  0.2935E-03  0.9998E-03  0.1331E-01  0.9998E-03  0.0000E+00  0.0000E+00  0.0000E+00  0.0000E+00  0.0000E+00
      0.456  0.2992E-03  0.1005E-02  0.1303E-01  0.1005E-02  0.0000E+00  0.0000E+00  0.0000E+00  0.0000E+00  0.0000E+00
      0.466  0.3115E-03  0.1004E-02  0.1281E-01  0.1004E-02  0.0000E+00  0.0000E+00  0.0000E+00  0.0000E+00  0.0000E+00
      0.476  0.3307E-03  0.9998E-03  0.1265E-01  0.9998E-03  0.0000E+00  0.0000E+00  0.0000E+00  0.0000E+00  0.0000E+00
      0.486  0.3568E-03  0.9974E-03  0.1257E-01  0.9974E-03  0.0000E+00  0.0000E+00  0.0000E+00  0.0000E+00  0.0000E+00
      0.496  0.3892E-03  0.1001E-02  0.1258E-01  0.1001E-02  0.0000E+00  0.0000E+00  0.0000E+00  0.0000E+00  0.0000E+00
      0.506  0.4268E-03  0.1016E-02  0.1271E-01  0.1016E-02  0.0000E+00  0.0000E+00  0.0000E+00  0.0000E+00  0.0000E+00
      0.516  0.4684E-03  0.1042E-02  0.1292E-01  0.1042E-02  0.0000E+00  0.0000E+00  0.0000E+00  0.0000E+00  0.0000E+00
      0.526  0.5121E-03  0.1082E-02  0.1317E-01  0.1082E-02  0.0000E+00  0.0000E+00  0.0000E+00  0.0000E+00  0.0000E+00
      0.536  0.5559E-03  0.1134E-02  0.1339E-01  0.1134E-02  0.0000E+00  0.0000E+00  0.0000E+00  0.0000E+00  0.0000E+00
      0.546  0.5969E-03  0.1196E-02  0.1350E-01  0.1196E-02  0.0000E+00  0.0000E+00  0.0000E+00  0.0000E+00  0.0000E+00
      0.556  0.6319E-03  0.1266E-02  0.1344E-01  0.1266E-02  0.0000E+00  0.0000E+00  0.0000E+00  0.0000E+00  0.0000E+00
      0.566  0.6571E-03  0.1337E-02  0.1316E-01  0.1337E-02  0.0000E+00  0.0000E+00  0.0000E+00  0.0000E+00  0.0000E+00
      0.576  0.6695E-03  0.1401E-02  0.1268E-01  0.1401E-02  0.0000E+00  0.0000E+00  0.0000E+00  0.0000E+00  0.0000E+00
      0.586  0.6678E-03  0.1447E-02  0.1205E-01  0.1447E-02  0.0000E+00  0.0000E+00  0.0000E+00  0.0000E+00  0.0000E+00
      0.596  0.6534E-03  0.1464E-02  0.1137E-01  0.1464E-02  0.0000E+00  0.0000E+00  0.0000E+00  0.0000E+00  0.0000E+00
      0.606  0.6299E-03  0.1446E-02  0.1073E-01  0.1446E-02  0.0000E+00  0.0000E+00  0.0000E+00  0.0000E+00  0.0000E+00
      0.616  0.6027E-03  0.1389E-02  0.1026E-01  0.1389E-02  0.0000E+00  0.0000E+00  0.0000E+00  0.0000E+00  0.0000E+00
      0.626  0.5774E-03  0.1298E-02  0.1001E-01  0.1298E-02  0.0000E+00  0.0000E+00  0.0000E+00  0.0000E+00  0.0000E+00
      0.636  0.5578E-03  0.1183E-02  0.1002E-01  0.1183E-02  0.0000E+00  0.0000E+00  0.0000E+00  0.0000E+00  0.0000E+00
      0.646  0.5459E-03  0.1056E-02  0.1026E-01  0.1056E-02  0.0000E+00  0.0000E+00  0.0000E+00  0.0000E+00  0.0000E+00
      0.656  0.5412E-03  0.9311E-03  0.1070E-01  0.9311E-03  0.0000E+00  0.0000E+00  0.0000E+00  0.0000E+00  0.0000E+00
      0.666  0.5419E-03  0.8179E-03  0.1127E-01  0.8179E-03  0.0000E+00  0.0000E+00  0.0000E+00  0.0000E+00  0.0000E+00
      0.676  0.5465E-03  0.7228E-03  0.1191E-01  0.7228E-03  0.0000E+00  0.0000E+00  0.0000E+00  0.0000E+00  0.0000E+00
      0.686  0.5541E-03  0.6484E-03  0.1256E-01  0.6484E-03  0.0000E+00  0.0000E+00  0.0000E+00  0.0000E+00  0.0000E+00
      0.696  0.5653E-03  0.5948E-03  0.1316E-01  0.5948E-03  0.0000E+00  0.0000E+00  0.0000E+00  0.0000E+00  0.0000E+00
      0.706  0.5815E-03  0.5602E-03  0.1369E-01  0.5602E-03  0.0000E+00  0.0000E+00  0.0000E+00  0.0000E+00  0.0000E+00
      0.716  0.6041E-03  0.5421E-03  0.1413E-01  0.5421E-03  0.0000E+00  0.0000E+00  0.0000E+00  0.0000E+00  0.0000E+00
      0.726  0.6341E-03  0.5379E-03  0.1448E-01  0.5379E-03  0.0000E+00  0.0000E+00  0.0000E+00  0.0000E+00  0.0000E+00
      0.736  0.6717E-03  0.5448E-03  0.1478E-01  0.5448E-03  0.0000E+00  0.0000E+00  0.0000E+00  0.0000E+00  0.0000E+00
      0.747  0.7170E-03  0.5601E-03  0.1505E-01  0.5601E-03  0.0000E+00  0.0000E+00  0.0000E+00  0.0000E+00  0.0000E+00
      0.757  0.7698E-03  0.5811E-03  0.1535E-01  0.5811E-03  0.0000E+00  0.0000E+00  0.0000E+00  0.0000E+00  0.0000E+00
      0.767  0.8307E-03  0.6054E-03  0.1568E-01  0.6054E-03  0.0000E+00  0.0000E+00  0.0000E+00  0.0000E+00  0.0000E+00
      0.777  0.8999E-03  0.6307E-03  0.1603E-01  0.6307E-03  0.0000E+00  0.0000E+00  0.0000E+00  0.0000E+00  0.0000E+00
      0.787  0.9772E-03  0.6544E-03  0.1638E-01  0.6544E-03  0.0000E+00  0.0000E+00  0.0000E+00  0.0000E+00  0.0000E+00
      0.797  0.1062E-02  0.6743E-03  0.1666E-01  0.6743E-03  0.0000E+00  0.0000E+00  0.0000E+00  0.0000E+00  0.0000E+00
      0.807  0.1153E-02  0.6881E-03  0.1682E-01  0.6881E-03  0.0000E+00  0.0000E+00  0.0000E+00  0.0000E+00  0.0000E+00
      0.817  0.1250E-02  0.6951E-03  0.1684E-01  0.6951E-03  0.0000E+00  0.0000E+00  0.0000E+00  0.0000E+00  0.0000E+00
      0.827  0.1358E-02  0.6954E-03  0.1673E-01  0.6954E-03  0.0000E+00  0.0000E+00  0.0000E+00  0.0000E+00  0.0000E+00
      0.837  0.1485E-02  0.6911E-03  0.1655E-01  0.6911E-03  0.0000E+00  0.0000E+00  0.0000E+00  0.0000E+00  0.0000E+00
      0.847  0.1646E-02  0.6852E-03  0.1637E-01  0.6852E-03  0.0000E+00  0.0000E+00  0.0000E+00  0.0000E+00  0.0000E+00
      0.857  0.1862E-02  0.6810E-03  0.1628E-01  0.6810E-03  0.0000E+00  0.0000E+00  0.0000E+00  0.0000E+00  0.0000E+00
      0.867  0.2159E-02  0.6807E-03  0.1632E-01  0.6807E-03  0.0000E+00  0.0000E+00  0.0000E+00  0.0000E+00  0.0000E+00
      0.877  0.2581E-02  0.6851E-03  0.1651E-01  0.6851E-03  0.0000E+00  0.0000E+00  0.0000E+00  0.0000E+00  0.0000E+00
      0.887  0.3213E-02  0.6936E-03  0.1685E-01  0.6936E-03  0.0000E+00  0.0000E+00  0.0000E+00  0.0000E+00  0.0000E+00
      0.897  0.4257E-02  0.7041E-03  0.1735E-01  0.7041E-03  0.0000E+00  0.0000E+00  0.0000E+00  0.0000E+00  0.0000E+00
      0.907  0.6205E-02  0.7143E-03  0.1801E-01  0.7143E-03  0.0000E+00  0.0000E+00  0.0000E+00  0.0000E+00  0.0000E+00
      0.917  0.1022E-01  0.7227E-03  0.1890E-01  0.7227E-03  0.0000E+00  0.0000E+00  0.0000E+00  0.0000E+00  0.0000E+00
      0.927  0.1886E-01  0.7287E-03  0.2013E-01  0.7287E-03  0.0000E+00  0.0000E+00  0.0000E+00  0.0000E+00  0.0000E+00
      0.937  0.3724E-01  0.7327E-03  0.2195E-01  0.7327E-03  0.0000E+00  0.0000E+00  0.0000E+00  0.0000E+00  0.0000E+00
      0.947  0.7457E-01  0.7358E-03  0.2475E-01  0.7358E-03  0.0000E+00  0.0000E+00  0.0000E+00  0.0000E+00  0.0000E+00
      0.957  0.1455E+00  0.7393E-03  0.2916E-01  0.7393E-03  0.0000E+00  0.0000E+00  0.0000E+00  0.0000E+00  0.0000E+00
      0.967  0.2703E+00  0.7439E-03  0.3604E-01  0.7439E-03  0.0000E+00  0.0000E+00  0.0000E+00  0.0000E+00  0.0000E+00
      0.977  0.4713E+00  0.7496E-03  0.4632E-01  0.7496E-03  0.0000E+00  0.0000E+00  0.0000E+00  0.0000E+00  0.0000E+00
      0.987  0.7666E+00  0.7557E-03  0.6069E-01  0.7557E-03  0.0000E+00  0.0000E+00  0.0000E+00  0.0000E+00  0.0000E+00
      0.997  0.1158E+01  0.7610E-03  0.7908E-01  0.7610E-03  0.0000E+00  0.0000E+00  0.0000E+00  0.0000E+00  0.0000E+00
      1.007  0.1623E+01  0.7639E-03  0.1002E+00  0.7639E-03  0.0000E+00  0.0000E+00  0.0000E+00  0.0000E+00  0.0000E+00
      1.017  0.2104E+01  0.7633E-03  0.1213E+00  0.7633E-03  0.0000E+00  0.0000E+00  0.0000E+00  0.0000E+00  0.0000E+00
      1.027  0.2526E+01  0.7584E-03  0.1388E+00  0.7584E-03  0.0000E+00  0.0000E+00  0.0000E+00  0.0000E+00  0.0000E+00
      1.037  0.2804E+01  0.7495E-03  0.1489E+00  0.7495E-03  0.0000E+00  0.0000E+00  0.0000E+00  0.0000E+00  0.0000E+00
      1.048  0.2878E+01  0.7379E-03  0.1493E+00  0.7379E-03  0.0000E+00  0.0000E+00  0.0000E+00  0.0000E+00  0.0000E+00
      1.058  0.2733E+01  0.7259E-03  0.1395E+00  0.7259E-03  0.0000E+00  0.0000E+00  0.0000E+00  0.0000E+00  0.0000E+00
      1.068  0.2400E+01  0.7160E-03  0.1215E+00  0.7160E-03  0.0000E+00  0.0000E+00  0.0000E+00  0.0000E+00  0.0000E+00
      1.078  0.1950E+01  0.7102E-03  0.9896E-01  0.7102E-03  0.0000E+00  0.0000E+00  0.0000E+00  0.0000E+00  0.0000E+00
      1.088  0.1467E+01  0.7098E-03  0.7581E-01  0.7098E-03  0.0000E+00  0.0000E+00  0.0000E+00  0.0000E+00  0.0000E+00
      1.098  0.1023E+01  0.7148E-03  0.5530E-01  0.7148E-03  0.0000E+00  0.0000E+00  0.0000E+00  0.0000E+00  0.0000E+00
      1.108  0.6622E+00  0.7243E-03  0.3926E-01  0.7243E-03  0.0000E+00  0.0000E+00  0.0000E+00  0.0000E+00  0.0000E+00
      1.118  0.3997E+00  0.7366E-03  0.2810E-01  0.7366E-03  0.0000E+00  0.0000E+00  0.0000E+00  0.0000E+00  0.0000E+00
      1.128  0.2265E+00  0.7505E-03  0.2115E-01  0.7505E-03  0.0000E+00  0.0000E+00  0.0000E+00  0.0000E+00  0.0000E+00
      1.138  0.1221E+00  0.7647E-03  0.1730E-01  0.7647E-03  0.0000E+00  0.0000E+00  0.0000E+00  0.0000E+00  0.0000E+00
      1.148  0.6413E-01  0.7785E-03  0.1541E-01  0.7785E-03  0.0000E+00  0.0000E+00  0.0000E+00  0.0000E+00  0.0000E+00
      1.158  0.3419E-01  0.7919E-03  0.1456E-01  0.7919E-03  0.0000E+00  0.0000E+00  0.0000E+00  0.0000E+00  0.0000E+00
      1.168  0.1952E-01  0.8046E-03  0.1417E-01  0.8046E-03  0.0000E+00  0.0000E+00  0.0000E+00  0.0000E+00  0.0000E+00
      1.178  0.1246E-01  0.8164E-03  0.1391E-01  0.8164E-03  0.0000E+00  0.0000E+00  0.0000E+00  0.0000E+00  0.0000E+00
      1.188  0.8932E-02  0.8272E-03  0.1365E-01  0.8272E-03  0.0000E+00  0.0000E+00  0.0000E+00  0.0000E+00  0.0000E+00
      1.198  0.6978E-02  0.8362E-03  0.1337E-01  0.8362E-03  0.0000E+00  0.0000E+00  0.0000E+00  0.0000E+00  0.0000E+00
      1.208  0.5739E-02  0.8433E-03  0.1310E-01  0.8433E-03  0.0000E+00  0.0000E+00  0.0000E+00  0.0000E+00  0.0000E+00
      1.218  0.4860E-02  0.8481E-03  0.1286E-01  0.8481E-03  0.0000E+00  0.0000E+00  0.0000E+00  0.0000E+00  0.0000E+00
      1.228  0.4196E-02  0.8509E-03  0.1270E-01  0.8509E-03  0.0000E+00  0.0000E+00  0.0000E+00  0.0000E+00  0.0000E+00
      1.238  0.3683E-02  0.8526E-03  0.1262E-01  0.8526E-03  0.0000E+00  0.0000E+00  0.0000E+00  0.0000E+00  0.0000E+00
      1.248  0.3284E-02  0.8539E-03  0.1265E-01  0.8539E-03  0.0000E+00  0.0000E+00  0.0000E+00  0.0000E+00  0.0000E+00
      1.258  0.2978E-02  0.8556E-03  0.1280E-01  0.8556E-03  0.0000E+00  0.0000E+00  0.0000E+00  0.0000E+00  0.0000E+00
      1.268  0.2752E-02  0.8579E-03  0.1311E-01  0.8579E-03  0.0000E+00  0.0000E+00  0.0000E+00  0.0000E+00  0.0000E+00
      1.278  0.2595E-02  0.8606E-03  0.1359E-01  0.8606E-03  0.0000E+00  0.0000E+00  0.0000E+00  0.0000E+00  0.0000E+00
      1.288  0.2498E-02  0.8634E-03  0.1426E-01  0.8634E-03  0.0000E+00  0.0000E+00  0.0000E+00  0.0000E+00  0.0000E+00
      1.298  0.2449E-02  0.8659E-03  0.1509E-01  0.8659E-03  0.0000E+00  0.0000E+00  0.0000E+00  0.0000E+00  0.0000E+00
      1.308  0.2432E-02  0.8680E-03  0.1600E-01  0.8680E-03  0.0000E+00  0.0000E+00  0.0000E+00  0.0000E+00  0.0000E+00
      1.318  0.2428E-02  0.8699E-03  0.1689E-01  0.8699E-03  0.0000E+00  0.0000E+00  0.0000E+00  0.0000E+00  0.0000E+00
      1.328  0.2420E-02  0.8722E-03  0.1767E-01  0.8722E-03  0.0000E+00  0.0000E+00  0.0000E+00  0.0000E+00  0.0000E+00
      1.338  0.2391E-02  0.8755E-03  0.1821E-01  0.8755E-03  0.0000E+00  0.0000E+00  0.0000E+00  0.0000E+00  0.0000E+00
      1.349  0.2333E-02  0.8805E-03  0.1848E-01  0.8805E-03  0.0000E+00  0.0000E+00  0.0000E+00  0.0000E+00  0.0000E+00
      1.359  0.2244E-02  0.8874E-03  0.1845E-01  0.8874E-03  0.0000E+00  0.0000E+00  0.0000E+00  0.0000E+00  0.0000E+00
      1.369  0.2130E-02  0.8967E-03  0.1817E-01  0.8967E-03  0.0000E+00  0.0000E+00  0.0000E+00  0.0000E+00  0.0000E+00
      1.379  0.2000E-02  0.9085E-03  0.1772E-01  0.9085E-03  0.0000E+00  0.0000E+00  0.0000E+00  0.0000E+00  0.0000E+00
      1.389  0.1867E-02  0.9227E-03  0.1721E-01  0.9227E-03  0.0000E+00  0.0000E+00  0.0000E+00  0.0000E+00  0.0000E+00
      1.399  0.1742E-02  0.9385E-03  0.1673E-01  0.9385E-03  0.0000E+00  0.0000E+00  0.0000E+00  0.0000E+00  0.0000E+00
      1.409  0.1632E-02  0.9549E-03  0.1633E-01  0.9549E-03  0.0000E+00  0.0000E+00  0.0000E+00  0.0000E+00  0.0000E+00
      1.419  0.1540E-02  0.9705E-03  0.1604E-01  0.9705E-03  0.0000E+00  0.0000E+00  0.0000E+00  0.0000E+00  0.0000E+00
      1.429  0.1464E-02  0.9837E-03  0.1584E-01  0.9837E-03  0.0000E+00  0.0000E+00  0.0000E+00  0.0000E+00  0.0000E+00
      1.439  0.1401E-02  0.9935E-03  0.1571E-01  0.9935E-03  0.0000E+00  0.0000E+00  0.0000E+00  0.0000E+00  0.0000E+00
      1.449  0.1345E-02  0.9998E-03  0.1558E-01  0.9998E-03  0.0000E+00  0.0000E+00  0.0000E+00  0.0000E+00  0.0000E+00
      1.459  0.1294E-02  0.1003E-02  0.1544E-01  0.1003E-02  0.0000E+00  0.0000E+00  0.0000E+00  0.0000E+00  0.0000E+00
      1.469  0.1243E-02  0.1005E-02  0.1528E-01  0.1005E-02  0.0000E+00  0.0000E+00  0.0000E+00  0.0000E+00  0.0000E+00
      1.479  0.1195E-02  0.1005E-02  0.1510E-01  0.1005E-02  0.0000E+00  0.0000E+00  0.0000E+00  0.0000E+00  0.0000E+00
      1.489  0.1150E-02  0.1007E-02  0.1493E-01  0.1007E-02  0.0000E+00  0.0000E+00  0.0000E+00  0.0000E+00  0.0000E+00
      1.499  0.1112E-02  0.1009E-02  0.1482E-01  0.1009E-02  0.0000E+00  0.0000E+00  0.0000E+00  0.0000E+00  0.0000E+00
      1.509  0.1083E-02  0.1013E-02  0.1483E-01  0.1013E-02  0.0000E+00  0.0000E+00  0.0000E+00  0.0000E+00  0.0000E+00
      1.519  0.1067E-02  0.1017E-02  0.1500E-01  0.1017E-02  0.0000E+00  0.0000E+00  0.0000E+00  0.0000E+00  0.0000E+00
      1.529  0.1065E-02  0.1021E-02  0.1534E-01  0.1021E-02  0.0000E+00  0.0000E+00  0.0000E+00  0.0000E+00  0.0000E+00
      1.539  0.1074E-02  0.1024E-02  0.1583E-01  0.1024E-02  0.0000E+00  0.0000E+00  0.0000E+00  0.0000E+00  0.0000E+00
      1.549  0.1090E-02  0.1024E-02  0.1640E-01  0.1024E-02  0.0000E+00  0.0000E+00  0.0000E+00  0.0000E+00  0.0000E+00
      1.559  0.1105E-02  0.1022E-02  0.1693E-01  0.1022E-02  0.0000E+00  0.0000E+00  0.0000E+00  0.0000E+00  0.0000E+00
      1.569  0.1113E-02  0.1019E-02  0.1733E-01  0.1019E-02  0.0000E+00  0.0000E+00  0.0000E+00  0.0000E+00  0.0000E+00
      1.579  0.1109E-02  0.1017E-02  0.1753E-01  0.1017E-02  0.0000E+00  0.0000E+00  0.0000E+00  0.0000E+00  0.0000E+00
      1.589  0.1091E-02  0.1016E-02  0.1749E-01  0.1016E-02  0.0000E+00  0.0000E+00  0.0000E+00  0.0000E+00  0.0000E+00
      1.599  0.1062E-02  0.1018E-02  0.1727E-01  0.1018E-02  0.0000E+00  0.0000E+00  0.0000E+00  0.0000E+00  0.0000E+00
      1.609  0.1027E-02  0.1025E-02  0.1694E-01  0.1025E-02  0.0000E+00  0.0000E+00  0.0000E+00  0.0000E+00  0.0000E+00
      1.619  0.9909E-03  0.1036E-02  0.1660E-01  0.1036E-02  0.0000E+00  0.0000E+00  0.0000E+00  0.0000E+00  0.0000E+00
      1.629  0.9602E-03  0.1052E-02  0.1633E-01  0.1052E-02  0.0000E+00  0.0000E+00  0.0000E+00  0.0000E+00  0.0000E+00
      1.639  0.9369E-03  0.1070E-02  0.1618E-01  0.1070E-02  0.0000E+00  0.0000E+00  0.0000E+00  0.0000E+00  0.0000E+00
      1.650  0.9208E-03  0.1089E-02  0.1613E-01  0.1089E-02  0.0000E+00  0.0000E+00  0.0000E+00  0.0000E+00  0.0000E+00
      1.660  0.9086E-03  0.1107E-02  0.1612E-01  0.1107E-02  0.0000E+00  0.0000E+00  0.0000E+00  0.0000E+00  0.0000E+00
      1.670  0.8956E-03  0.1121E-02  0.1607E-01  0.1121E-02  0.0000E+00  0.0000E+00  0.0000E+00  0.0000E+00  0.0000E+00
      1.680  0.8778E-03  0.1129E-02  0.1592E-01  0.1129E-02  0.0000E+00  0.0000E+00  0.0000E+00  0.0000E+00  0.0000E+00
      1.690  0.8531E-03  0.1133E-02  0.1562E-01  0.1133E-02  0.0000E+00  0.0000E+00  0.0000E+00  0.0000E+00  0.0000E+00
      1.700  0.8229E-03  0.1134E-02  0.1522E-01  0.1134E-02  0.0000E+00  0.0000E+00  0.0000E+00  0.0000E+00  0.0000E+00
      1.710  0.7908E-03  0.1135E-02  0.1477E-01  0.1135E-02  0.0000E+00  0.0000E+00  0.0000E+00  0.0000E+00  0.0000E+00
      1.720  0.7617E-03  0.1137E-02  0.1437E-01  0.1137E-02  0.0000E+00  0.0000E+00  0.0000E+00  0.0000E+00  0.0000E+00
      1.730  0.7401E-03  0.1142E-02  0.1411E-01  0.1142E-02  0.0000E+00  0.0000E+00  0.0000E+00  0.0000E+00  0.0000E+00
      1.740  0.7289E-03  0.1151E-02  0.1404E-01  0.1151E-02  0.0000E+00  0.0000E+00  0.0000E+00  0.0000E+00  0.0000E+00
      1.750  0.7292E-03  0.1163E-02  0.1418E-01  0.1163E-02  0.0000E+00  0.0000E+00  0.0000E+00  0.0000E+00  0.0000E+00
      1.760  0.7399E-03  0.1179E-02  0.1452E-01  0.1179E-02  0.0000E+00  0.0000E+00  0.0000E+00  0.0000E+00  0.0000E+00
      1.770  0.7584E-03  0.1198E-02  0.1501E-01  0.1198E-02  0.0000E+00  0.0000E+00  0.0000E+00  0.0000E+00  0.0000E+00
      1.780  0.7808E-03  0.1220E-02  0.1555E-01  0.1220E-02  0.0000E+00  0.0000E+00  0.0000E+00  0.0000E+00  0.0000E+00
      1.790  0.8027E-03  0.1241E-02  0.1608E-01  0.1241E-02  0.0000E+00  0.0000E+00  0.0000E+00  0.0000E+00  0.0000E+00
