     -4.080  0.7621E+02  0.1476E+04
     -4.070  0.7639E+02  0.1477E+04
     -4.060  0.7646E+02  0.1478E+04
     -4.050  0.7645E+02  0.1478E+04
     -4.040  0.7644E+02  0.1479E+04
     -4.030  0.7654E+02  0.1480E+04
     -4.020  0.7687E+02  0.1481E+04
     -4.010  0.7748E+02  0.1481E+04
     -4.000  0.7837E+02  0.1482E+04
     -3.990  0.7944E+02  0.1483E+04
     -3.980  0.8058E+02  0.1484E+04
     -3.970  0.8163E+02  0.1485E+04
     -3.960  0.8251E+02  0.1485E+04
     -3.949  0.8317E+02  0.1486E+04
     -3.939  0.8365E+02  0.1487E+04
     -3.929  0.8407E+02  0.1488E+04
     -3.919  0.8456E+02  0.1489E+04
     -3.909  0.8527E+02  0.1490E+04
     -3.899  0.8630E+02  0.1490E+04
     -3.889  0.8770E+02  0.1491E+04
     -3.879  0.8945E+02  0.1492E+04
     -3.869  0.9143E+02  0.1493E+04
     -3.859  0.9348E+02  0.1494E+04
     -3.849  0.9541E+02  0.1495E+04
     -3.839  0.9701E+02  0.1496E+04
     -3.829  0.9811E+02  0.1497E+04
     -3.819  0.9862E+02  0.1498E+04
     -3.809  0.9851E+02  0.1499E+04
     -3.799  0.9786E+02  0.1500E+04
     -3.789  0.9681E+02  0.1501E+04
     -3.779  0.9552E+02  0.1502E+04
     -3.769  0.9414E+02  0.1503E+04
     -3.759  0.9283E+02  0.1504E+04
     -3.749  0.9167E+02  0.1505E+04
     -3.739  0.9073E+02  0.1506E+04
     -3.729  0.9003E+02  0.1507E+04
     -3.719  0.8954E+02  0.1507E+04
     -3.709  0.8922E+02  0.1508E+04
     -3.699  0.8900E+02  0.1509E+04
     -3.689  0.8881E+02  0.1510E+04
     -3.679  0.8863E+02  0.1511E+04
     -3.669  0.8848E+02  0.1512E+04
     -3.659  0.8838E+02  0.1513E+04
     -3.648  0.8835E+02  0.1514E+04
     -3.638  0.8841E+02  0.1515E+04
     -3.628  0.8852E+02  0.1515E+04
     -3.618  0.8867E+02  0.1516E+04
     -3.608  0.8886E+02  0.1517E+04
     -3.598  0.8915E+02  0.1518E+04
     -3.588  0.8958E+02  0.1519E+04
     -3.578  0.9020E+02  0.1520E+04
     -3.568  0.9101E+02  0.1521E+04
     -3.558  0.9195E+02  0.1522E+04
     -3.548  0.9294E+02  0.1523E+04
     -3.538  0.9392E+02  0.1524E+04
     -3.528  0.9492E+02  0.1525E+04
     -3.518  0.9598E+02  0.1526E+04
     -3.508  0.9713E+02  0.1527E+04
     -3.498  0.9834E+02  0.1528E+04
     -3.488  0.9946E+02  0.1529E+04
     -3.478  0.1003E+03  0.1530E+04
     -3.468  0.1008E+03  0.1531E+04
     -3.458  0.1008E+03  0.1532E+04
     -3.448  0.1001E+03  0.1533E+04
     -3.438  0.9891E+02  0.1534E+04
     -3.428  0.9716E+02  0.1535E+04
     -3.418  0.9496E+02  0.1535E+04
     -3.408  0.9242E+02  0.1536E+04
     -3.398  0.8966E+02  0.1537E+04
     -3.388  0.8683E+02  0.1538E+04
     -3.378  0.8407E+02  0.1539E+04
     -3.368  0.8150E+02  0.1540E+04
     -3.358  0.7919E+02  0.1541E+04
     -3.347  0.7716E+02  0.1541E+04
     -3.337  0.7540E+02  0.1542E+04
     -3.327  0.7389E+02  0.1543E+04
     -3.317  0.7260E+02  0.1544E+04
     -3.307  0.7152E+02  0.1544E+04
     -3.297  0.7060E+02  0.1545E+04
     -3.287  0.6975E+02  0.1546E+04
     -3.277  0.6892E+02  0.1546E+04
     -3.267  0.6808E+02  0.1547E+04
     -3.257  0.6722E+02  0.1548E+04
     -3.247  0.6640E+02  0.1548E+04
     -3.237  0.6565E+02  0.1549E+04
     -3.227  0.6498E+02  0.1550E+04
     -3.217  0.6435E+02  0.1550E+04
     -3.207  0.6371E+02  0.1551E+04
     -3.197  0.6305E+02  0.1552E+04
     -3.187  0.6237E+02  0.1552E+04
     -3.177  0.6169E+02  0.1553E+04
     -3.167  0.6101E+02  0.1554E+04
     -3.157  0.6032E+02  0.1554E+04
     -3.147  0.5958E+02  0.1555E+04
     -3.137  0.5874E+02  0.1555E+04
     -3.127  0.5782E+02  0.1556E+04
     -3.117  0.5687E+02  0.1556E+04
     -3.107  0.5596E+02  0.1557E+04
     -3.097  0.5516E+02  0.1558E+04
     -3.087  0.5452E+02  0.1558E+04
     -3.077  0.5402E+02  0.1559E+04
     -3.067  0.5361E+02  0.1559E+04
     -3.057  0.5320E+02  0.1560E+04
     -3.046  0.5273E+02  0.1560E+04
     -3.036  0.5216E+02  0.1561E+04
     -3.026  0.5153E+02  0.1561E+04
     -3.016  0.5089E+02  0.1562E+04
     -3.006  0.5032E+02  0.1562E+04
     -2.996  0.4982E+02  0.1563E+04
     -2.986  0.4940E+02  0.1563E+04
     -2.976  0.4901E+02  0.1564E+04
     -2.966  0.4864E+02  0.1564E+04
     -2.956  0.4826E+02  0.1565E+04
     -2.946  0.4788E+02  0.1565E+04
     -2.936  0.4747E+02  0.1566E+04
     -2.926  0.4701E+02  0.1566E+04
     -2.916  0.4645E+02  0.1567E+04
     -2.906  0.4580E+02  0.1567E+04
     -2.896  0.4512E+02  0.1568E+04
     -2.886  0.4448E+02  0.1568E+04
     -2.876  0.4393E+02  0.1568E+04
     -2.866  0.4349E+02  0.1569E+04
     -2.856  0.4312E+02  0.1569E+04
     -2.846  0.4278E+02  0.1570E+04
     -2.836  0.4243E+02  0.1570E+04
     -2.826  0.4208E+02  0.1571E+04
     -2.816  0.4174E+02  0.1571E+04
     -2.806  0.4142E+02  0.1571E+04
     -2.796  0.4106E+02  0.1572E+04
     -2.786  0.4065E+02  0.1572E+04
     -2.776  0.4015E+02  0.1573E+04
     -2.766  0.3960E+02  0.1573E+04
     -2.756  0.3906E+02  0.1573E+04
     -2.745  0.3858E+02  0.1574E+04
     -2.735  0.3818E+02  0.1574E+04
     -2.725  0.3787E+02  0.1575E+04
     -2.715  0.3759E+02  0.1575E+04
     -2.705  0.3733E+02  0.1575E+04
     -2.695  0.3708E+02  0.1576E+04
     -2.685  0.3682E+02  0.1576E+04
     -2.675  0.3658E+02  0.1577E+04
     -2.665  0.3633E+02  0.1577E+04
     -2.655  0.3607E+02  0.1577E+04
     -2.645  0.3579E+02  0.1578E+04
     -2.635  0.3546E+02  0.1578E+04
     -2.625  0.3509E+02  0.1578E+04
     -2.615  0.3470E+02  0.1579E+04
     -2.605  0.3430E+02  0.1579E+04
     -2.595  0.3390E+02  0.1579E+04
     -2.585  0.3354E+02  0.1580E+04
     -2.575  0.3321E+02  0.1580E+04
     -2.565  0.3292E+02  0.1580E+04
     -2.555  0.3265E+02  0.1581E+04
     -2.545  0.3234E+02  0.1581E+04
     -2.535  0.3198E+02  0.1581E+04
     -2.525  0.3155E+02  0.1582E+04
     -2.515  0.3106E+02  0.1582E+04
     -2.505  0.3054E+02  0.1582E+04
     -2.495  0.3006E+02  0.1583E+04
     -2.485  0.2964E+02  0.1583E+04
     -2.475  0.2930E+02  0.1583E+04
     -2.465  0.2906E+02  0.1583E+04
     -2.455  0.2890E+02  0.1584E+04
     -2.444  0.2882E+02  0.1584E+04
     -2.434  0.2878E+02  0.1584E+04
     -2.424  0.2872E+02  0.1585E+04
     -2.414  0.2861E+02  0.1585E+04
     -2.404  0.2841E+02  0.1585E+04
     -2.394  0.2811E+02  0.1585E+04
     -2.384  0.2775E+02  0.1586E+04
     -2.374  0.2737E+02  0.1586E+04
     -2.364  0.2698E+02  0.1586E+04
     -2.354  0.2658E+02  0.1587E+04
     -2.344  0.2617E+02  0.1587E+04
     -2.334  0.2572E+02  0.1587E+04
     -2.324  0.2524E+02  0.1587E+04
     -2.314  0.2477E+02  0.1588E+04
     -2.304  0.2437E+02  0.1588E+04
     -2.294  0.2407E+02  0.1588E+04
     -2.284  0.2390E+02  0.1588E+04
     -2.274  0.2384E+02  0.1589E+04
     -2.264  0.2387E+02  0.1589E+04
     -2.254  0.2391E+02  0.1589E+04
     -2.244  0.2391E+02  0.1589E+04
     -2.234  0.2383E+02  0.1589E+04
     -2.224  0.2361E+02  0.1590E+04
     -2.214  0.2325E+02  0.1590E+04
     -2.204  0.2276E+02  0.1590E+04
     -2.194  0.2219E+02  0.1590E+04
     -2.184  0.2160E+02  0.1591E+04
     -2.174  0.2107E+02  0.1591E+04
     -2.164  0.2063E+02  0.1591E+04
     -2.154  0.2031E+02  0.1591E+04
     -2.143  0.2008E+02  0.1591E+04
     -2.133  0.1990E+02  0.1592E+04
     -2.123  0.1972E+02  0.1592E+04
     -2.113  0.1953E+02  0.1592E+04
     -2.103  0.1933E+02  0.1592E+04
     -2.093  0.1915E+02  0.1592E+04
     -2.083  0.1904E+02  0.1593E+04
     -2.073  0.1899E+02  0.1593E+04
     -2.063  0.1899E+02  0.1593E+04
     -2.053  0.1901E+02  0.1593E+04
     -2.043  0.1901E+02  0.1593E+04
     -2.033  0.1895E+02  0.1594E+04
     -2.023  0.1880E+02  0.1594E+04
     -2.013  0.1852E+02  0.1594E+04
     -2.003  0.1810E+02  0.1594E+04
     -1.993  0.1754E+02  0.1594E+04
     -1.983  0.1687E+02  0.1594E+04
     -1.973  0.1613E+02  0.1595E+04
     -1.963  0.1540E+02  0.1595E+04
     -1.953  0.1477E+02  0.1595E+04
     -1.943  0.1432E+02  0.1595E+04
     -1.933  0.1410E+02  0.1595E+04
     -1.923  0.1410E+02  0.1595E+04
     -1.913  0.1429E+02  0.1595E+04
     -1.903  0.1458E+02  0.1596E+04
     -1.893  0.1486E+02  0.1596E+04
     -1.883  0.1505E+02  0.1596E+04
     -1.873  0.1507E+02  0.1596E+04
     -1.863  0.1491E+02  0.1596E+04
     -1.853  0.1458E+02  0.1596E+04
     -1.842  0.1412E+02  0.1597E+04
     -1.832  0.1359E+02  0.1597E+04
     -1.822  0.1304E+02  0.1597E+04
     -1.812  0.1254E+02  0.1597E+04
     -1.802  0.1214E+02  0.1597E+04
     -1.792  0.1187E+02  0.1597E+04
     -1.782  0.1173E+02  0.1597E+04
     -1.772  0.1168E+02  0.1597E+04
     -1.762  0.1167E+02  0.1598E+04
     -1.752  0.1164E+02  0.1598E+04
     -1.742  0.1153E+02  0.1598E+04
     -1.732  0.1128E+02  0.1598E+04
     -1.722  0.1089E+02  0.1598E+04
     -1.712  0.1036E+02  0.1598E+04
     -1.702  0.9742E+01  0.1598E+04
     -1.692  0.9089E+01  0.1598E+04
     -1.682  0.8468E+01  0.1598E+04
     -1.672  0.7947E+01  0.1598E+04
     -1.662  0.7572E+01  0.1598E+04
     -1.652  0.7368E+01  0.1599E+04
     -1.642  0.7329E+01  0.1599E+04
     -1.632  0.7423E+01  0.1599E+04
     -1.622  0.7600E+01  0.1599E+04
     -1.612  0.7807E+01  0.1599E+04
     -1.602  0.7997E+01  0.1599E+04
     -1.592  0.8149E+01  0.1599E+04
     -1.582  0.8260E+01  0.1599E+04
     -1.572  0.8347E+01  0.1599E+04
     -1.562  0.8429E+01  0.1599E+04
     -1.552  0.8508E+01  0.1599E+04
     -1.541  0.8557E+01  0.1599E+04
     -1.531  0.8513E+01  0.1600E+04
     -1.521  0.8299E+01  0.1600E+04
     -1.511  0.7843E+01  0.1600E+04
     -1.501  0.7117E+01  0.1600E+04
     -1.491  0.6150E+01  0.1600E+04
     -1.481  0.5027E+01  0.1600E+04
     -1.471  0.3867E+01  0.1600E+04
     -1.461  0.2788E+01  0.1600E+04
     -1.451  0.1880E+01  0.1600E+04
     -1.441  0.1182E+01  0.1600E+04
     -1.431  0.6916E+00  0.1600E+04
     -1.421  0.3767E+00  0.1600E+04
     -1.411  0.1917E+00  0.1600E+04
     -1.401  0.9412E-01  0.1600E+04
     -1.391  0.5387E-01  0.1600E+04
     -1.381  0.5831E-01  0.1600E+04
     -1.371  0.1174E+00  0.1600E+04
     -1.361  0.2711E+00  0.1600E+04
     -1.351  0.6002E+00  0.1600E+04
     -1.341  0.1233E+01  0.1600E+04
     -1.331  0.2341E+01  0.1600E+04
     -1.321  0.4104E+01  0.1600E+04
     -1.311  0.6641E+01  0.1600E+04
     -1.301  0.9922E+01  0.1600E+04
     -1.291  0.1369E+02  0.1600E+04
     -1.281  0.1743E+02  0.1601E+04
     -1.271  0.2049E+02  0.1601E+04
     -1.261  0.2223E+02  0.1601E+04
     -1.251  0.2228E+02  0.1601E+04
     -1.240  0.2061E+02  0.1601E+04
     -1.230  0.1760E+02  0.1602E+04
     -1.220  0.1387E+02  0.1602E+04
     -1.210  0.1010E+02  0.1602E+04
     -1.200  0.6786E+01  0.1602E+04
     -1.190  0.4210E+01  0.1602E+04
     -1.180  0.2412E+01  0.1602E+04
     -1.170  0.1277E+01  0.1602E+04
     -1.160  0.6298E+00  0.1602E+04
     -1.150  0.2999E+00  0.1602E+04
     -1.140  0.1636E+00  0.1602E+04
     -1.130  0.1496E+00  0.1602E+04
     -1.120  0.2328E+00  0.1602E+04
     -1.110  0.4215E+00  0.1602E+04
     -1.100  0.7438E+00  0.1602E+04
     -1.090  0.1231E+01  0.1602E+04
     -1.080  0.1900E+01  0.1602E+04
     -1.070  0.2737E+01  0.1602E+04
     -1.060  0.3690E+01  0.1602E+04
     -1.050  0.4674E+01  0.1602E+04
     -1.040  0.5588E+01  0.1602E+04
     -1.030  0.6348E+01  0.1602E+04
     -1.020  0.6907E+01  0.1602E+04
     -1.010  0.7271E+01  0.1602E+04
     -1.000  0.7489E+01  0.1602E+04
     -0.990  0.7633E+01  0.1603E+04
     -0.980  0.7768E+01  0.1603E+04
     -0.970  0.7934E+01  0.1603E+04
     -0.960  0.8135E+01  0.1603E+04
     -0.950  0.8345E+01  0.1603E+04
     -0.939  0.8523E+01  0.1603E+04
     -0.929  0.8629E+01  0.1603E+04
     -0.919  0.8637E+01  0.1603E+04
     -0.909  0.8548E+01  0.1603E+04
     -0.899  0.8388E+01  0.1603E+04
     -0.889  0.8203E+01  0.1603E+04
     -0.879  0.8047E+01  0.1603E+04
     -0.869  0.7975E+01  0.1604E+04
     -0.859  0.8031E+01  0.1604E+04
     -0.849  0.8241E+01  0.1604E+04
     -0.839  0.8603E+01  0.1604E+04
     -0.829  0.9087E+01  0.1604E+04
     -0.819  0.9635E+01  0.1604E+04
     -0.809  0.1018E+02  0.1604E+04
     -0.799  0.1065E+02  0.1604E+04
     -0.789  0.1100E+02  0.1604E+04
     -0.779  0.1124E+02  0.1604E+04
     -0.769  0.1140E+02  0.1605E+04
     -0.759  0.1154E+02  0.1605E+04
     -0.749  0.1174E+02  0.1605E+04
     -0.739  0.1202E+02  0.1605E+04
     -0.729  0.1240E+02  0.1605E+04
     -0.719  0.1285E+02  0.1605E+04
     -0.709  0.1333E+02  0.1605E+04
     -0.699  0.1383E+02  0.1605E+04
     -0.689  0.1431E+02  0.1606E+04
     -0.679  0.1479E+02  0.1606E+04
     -0.669  0.1526E+02  0.1606E+04
     -0.659  0.1573E+02  0.1606E+04
     -0.649  0.1617E+02  0.1606E+04
     -0.638  0.1657E+02  0.1606E+04
     -0.628  0.1688E+02  0.1607E+04
     -0.618  0.1709E+02  0.1607E+04
     -0.608  0.1718E+02  0.1607E+04
     -0.598  0.1719E+02  0.1607E+04
     -0.588  0.1718E+02  0.1607E+04
     -0.578  0.1722E+02  0.1607E+04
     -0.568  0.1738E+02  0.1608E+04
     -0.558  0.1768E+02  0.1608E+04
     -0.548  0.1809E+02  0.1608E+04
     -0.538  0.1855E+02  0.1608E+04
     -0.528  0.1894E+02  0.1608E+04
     -0.518  0.1921E+02  0.1608E+04
     -0.508  0.1933E+02  0.1609E+04
     -0.498  0.1934E+02  0.1609E+04
     -0.488  0.1935E+02  0.1609E+04
     -0.478  0.1947E+02  0.1609E+04
     -0.468  0.1977E+02  0.1609E+04
     -0.458  0.2025E+02  0.1610E+04
     -0.448  0.2084E+02  0.1610E+04
     -0.438  0.2147E+02  0.1610E+04
     -0.428  0.2203E+02  0.1610E+04
     -0.418  0.2248E+02  0.1611E+04
     -0.408  0.2282E+02  0.1611E+04
     -0.398  0.2310E+02  0.1611E+04
     -0.388  0.2336E+02  0.1611E+04
     -0.378  0.2366E+02  0.1611E+04
     -0.368  0.2402E+02  0.1612E+04
     -0.358  0.2448E+02  0.1612E+04
     -0.348  0.2505E+02  0.1612E+04
     -0.337  0.2573E+02  0.1612E+04
     -0.327  0.2648E+02  0.1613E+04
     -0.317  0.2727E+02  0.1613E+04
     -0.307  0.2803E+02  0.1613E+04
     -0.297  0.2865E+02  0.1614E+04
     -0.287  0.2906E+02  0.1614E+04
     -0.277  0.2922E+02  0.1614E+04
     -0.267  0.2917E+02  0.1614E+04
     -0.257  0.2899E+02  0.1615E+04
     -0.247  0.2880E+02  0.1615E+04
     -0.237  0.2872E+02  0.1615E+04
     -0.227  0.2884E+02  0.1616E+04
     -0.217  0.2917E+02  0.1616E+04
     -0.207  0.2970E+02  0.1616E+04
     -0.197  0.3035E+02  0.1617E+04
     -0.187  0.3107E+02  0.1617E+04
     -0.177  0.3182E+02  0.1617E+04
     -0.167  0.3259E+02  0.1617E+04
     -0.157  0.3340E+02  0.1618E+04
     -0.147  0.3426E+02  0.1618E+04
     -0.137  0.3515E+02  0.1619E+04
     -0.127  0.3603E+02  0.1619E+04
     -0.117  0.3686E+02  0.1619E+04
     -0.107  0.3758E+02  0.1620E+04
     -0.097  0.3819E+02  0.1620E+04
     -0.087  0.3872E+02  0.1620E+04
     -0.077  0.3922E+02  0.1621E+04
     -0.067  0.3975E+02  0.1621E+04
     -0.057  0.4034E+02  0.1622E+04
     -0.047  0.4099E+02  0.1622E+04
     -0.036  0.4168E+02  0.1622E+04
     -0.026  0.4241E+02  0.1623E+04
     -0.016  0.4317E+02  0.1623E+04
     -0.006  0.4394E+02  0.1624E+04
      0.004  0.4472E+02  0.1624E+04
      0.014  0.4552E+02  0.1625E+04
      0.024  0.4633E+02  0.1625E+04
      0.034  0.4716E+02  0.1626E+04
      0.044  0.4804E+02  0.1626E+04
      0.054  0.4900E+02  0.1627E+04
      0.064  0.5008E+02  0.1627E+04
      0.074  0.5133E+02  0.1628E+04
      0.084  0.5277E+02  0.1628E+04
      0.094  0.5441E+02  0.1629E+04
      0.104  0.5625E+02  0.1629E+04
      0.114  0.5829E+02  0.1630E+04
      0.124  0.6050E+02  0.1630E+04
      0.134  0.6289E+02  0.1631E+04
      0.144  0.6542E+02  0.1632E+04
      0.154  0.6807E+02  0.1632E+04
      0.164  0.7086E+02  0.1633E+04
      0.174  0.7387E+02  0.1634E+04
      0.184  0.7724E+02  0.1635E+04
      0.194  0.8118E+02  0.1635E+04
      0.204  0.8575E+02  0.1636E+04
      0.214  0.9083E+02  0.1637E+04
      0.224  0.9598E+02  0.1638E+04
      0.234  0.1006E+03  0.1639E+04
      0.244  0.1040E+03  0.1640E+04
      0.254  0.1057E+03  0.1641E+04
      0.265  0.1058E+03  0.1642E+04
      0.275  0.1044E+03  0.1643E+04
      0.285  0.1020E+03  0.1644E+04
      0.295  0.9941E+02  0.1645E+04
      0.305  0.9700E+02  0.1646E+04
      0.315  0.9518E+02  0.1647E+04
      0.325  0.9415E+02  0.1648E+04
      0.335  0.9395E+02  0.1649E+04
      0.345  0.9444E+02  0.1650E+04
      0.355  0.9534E+02  0.1651E+04
      0.365  0.9628E+02  0.1652E+04
      0.375  0.9690E+02  0.1653E+04
      0.385  0.9698E+02  0.1654E+04
      0.395  0.9646E+02  0.1655E+04
      0.405  0.9547E+02  0.1656E+04
      0.415  0.9421E+02  0.1657E+04
      0.425  0.9290E+02  0.1658E+04
      0.435  0.9167E+02  0.1659E+04
      0.445  0.9060E+02  0.1660E+04
      0.455  0.8975E+02  0.1661E+04
      0.465  0.8917E+02  0.1661E+04
      0.475  0.8896E+02  0.1662E+04
      0.485  0.8917E+02  0.1663E+04
      0.495  0.8982E+02  0.1664E+04
      0.505  0.9085E+02  0.1665E+04
      0.515  0.9220E+02  0.1666E+04
      0.525  0.9380E+02  0.1667E+04
      0.535  0.9562E+02  0.1668E+04
      0.545  0.9765E+02  0.1669E+04
      0.555  0.9982E+02  0.1670E+04
      0.566  0.1020E+03  0.1671E+04
      0.576  0.1038E+03  0.1672E+04
      0.586  0.1050E+03  0.1673E+04
      0.596  0.1054E+03  0.1674E+04
      0.606  0.1049E+03  0.1675E+04
      0.616  0.1034E+03  0.1676E+04
      0.626  0.1014E+03  0.1677E+04
      0.636  0.9898E+02  0.1678E+04
      0.646  0.9654E+02  0.1679E+04
      0.656  0.9427E+02  0.1680E+04
      0.666  0.9229E+02  0.1681E+04
      0.676  0.9068E+02  0.1682E+04
      0.686  0.8946E+02  0.1683E+04
      0.696  0.8861E+02  0.1684E+04
      0.706  0.8806E+02  0.1685E+04
      0.716  0.8768E+02  0.1685E+04
      0.726  0.8735E+02  0.1686E+04
      0.736  0.8694E+02  0.1687E+04
      0.746  0.8637E+02  0.1688E+04
      0.756  0.8562E+02  0.1689E+04
      0.766  0.8471E+02  0.1690E+04
      0.776  0.8366E+02  0.1691E+04
      0.786  0.8249E+02  0.1691E+04
      0.796  0.8118E+02  0.1692E+04
      0.806  0.7975E+02  0.1693E+04
      0.816  0.7824E+02  0.1694E+04
      0.826  0.7676E+02  0.1695E+04
      0.836  0.7544E+02  0.1695E+04
      0.846  0.7441E+02  0.1696E+04
      0.856  0.7374E+02  0.1697E+04
      0.867  0.7342E+02  0.1698E+04
      0.877  0.7337E+02  0.1698E+04
      0.887  0.7346E+02  0.1699E+04
      0.897  0.7357E+02  0.1700E+04
      0.907  0.7363E+02  0.1700E+04
      0.917  0.7364E+02  0.1701E+04
      0.927  0.7369E+02  0.1702E+04
      0.937  0.7390E+02  0.1703E+04
      0.947  0.7440E+02  0.1703E+04
      0.957  0.7533E+02  0.1704E+04
      0.967  0.7676E+02  0.1705E+04
      0.977  0.7865E+02  0.1706E+04
      0.987  0.8084E+02  0.1707E+04
      0.997  0.8305E+02  0.1707E+04
      1.007  0.8486E+02  0.1708E+04
      1.017  0.8584E+02  0.1709E+04
      1.027  0.8567E+02  0.1710E+04
      1.037  0.8429E+02  0.1711E+04
      1.047  0.8190E+02  0.1712E+04
      1.057  0.7890E+02  0.1712E+04
      1.067  0.7581E+02  0.1713E+04
      1.077  0.7304E+02  0.1714E+04
      1.087  0.7086E+02  0.1715E+04
      1.097  0.6929E+02  0.1715E+04
      1.107  0.6823E+02  0.1716E+04
      1.117  0.6747E+02  0.1717E+04
      1.127  0.6685E+02  0.1717E+04
      1.137  0.6624E+02  0.1718E+04
      1.147  0.6558E+02  0.1719E+04
      1.157  0.6486E+02  0.1719E+04
      1.168  0.6411E+02  0.1720E+04
      1.178  0.6337E+02  0.1721E+04
      1.188  0.6268E+02  0.1721E+04
      1.198  0.6207E+02  0.1722E+04
      1.208  0.6155E+02  0.1723E+04
      1.218  0.6110E+02  0.1723E+04
      1.228  0.6071E+02  0.1724E+04
      1.238  0.6038E+02  0.1724E+04
      1.248  0.6010E+02  0.1725E+04
      1.258  0.5990E+02  0.1726E+04
      1.268  0.5980E+02  0.1726E+04
      1.278  0.5981E+02  0.1727E+04
      1.288  0.5994E+02  0.1727E+04
      1.298  0.6015E+02  0.1728E+04
      1.308  0.6038E+02  0.1729E+04
      1.318  0.6057E+02  0.1729E+04
      1.328  0.6064E+02  0.1730E+04
      1.338  0.6056E+02  0.1730E+04
      1.348  0.6030E+02  0.1731E+04
      1.358  0.5990E+02  0.1732E+04
      1.368  0.5939E+02  0.1732E+04
      1.378  0.5884E+02  0.1733E+04
      1.388  0.5832E+02  0.1733E+04
      1.398  0.5786E+02  0.1734E+04
      1.408  0.5750E+02  0.1735E+04
      1.418  0.5721E+02  0.1735E+04
      1.428  0.5697E+02  0.1736E+04
      1.438  0.5674E+02  0.1736E+04
      1.448  0.5648E+02  0.1737E+04
      1.458  0.5619E+02  0.1737E+04
      1.469  0.5590E+02  0.1738E+04
      1.479  0.5562E+02  0.1738E+04
      1.489  0.5540E+02  0.1739E+04
      1.499  0.5526E+02  0.1740E+04
      1.509  0.5521E+02  0.1740E+04
      1.519  0.5526E+02  0.1741E+04
      1.529  0.5539E+02  0.1741E+04
      1.539  0.5558E+02  0.1742E+04
      1.549  0.5575E+02  0.1742E+04
      1.559  0.5585E+02  0.1743E+04
      1.569  0.5583E+02  0.1743E+04
      1.579  0.5564E+02  0.1744E+04
      1.589  0.5530E+02  0.1745E+04
      1.599  0.5486E+02  0.1745E+04
      1.609  0.5439E+02  0.1746E+04
      1.619  0.5399E+02  0.1746E+04
      1.629  0.5373E+02  0.1747E+04
      1.639  0.5362E+02  0.1747E+04
      1.649  0.5362E+02  0.1748E+04
      1.659  0.5364E+02  0.1748E+04
      1.669  0.5360E+02  0.1749E+04
      1.679  0.5342E+02  0.1749E+04
      1.689  0.5312E+02  0.1750E+04
      1.699  0.5274E+02  0.1751E+04
      1.709  0.5237E+02  0.1751E+04
      1.719  0.5208E+02  0.1752E+04
      1.729  0.5192E+02  0.1752E+04
      1.739  0.5188E+02  0.1753E+04
      1.749  0.5193E+02  0.1753E+04
      1.759  0.5205E+02  0.1754E+04
      1.770  0.5218E+02  0.1754E+04
      1.780  0.5232E+02  0.1755E+04
      1.790  0.5241E+02  0.1755E+04
      1.800  0.5241E+02  0.1756E+04
      1.810  0.5230E+02  0.1756E+04
      1.820  0.5205E+02  0.1757E+04
      1.830  0.5169E+02  0.1757E+04
      1.840  0.5127E+02  0.1758E+04
      1.850  0.5085E+02  0.1758E+04
      1.860  0.5052E+02  0.1759E+04
      1.870  0.5033E+02  0.1759E+04
      1.880  0.5028E+02  0.1760E+04
      1.890  0.5032E+02  0.1760E+04
      1.900  0.5039E+02  0.1761E+04
      1.910  0.5040E+02  0.1761E+04
