     -4.090  0.3109E-03  0.1162E-03  0.3242E-01  0.1162E-03  0.0000E+00  0.0000E+00  0.0000E+00  0.0000E+00  0.0000E+00
     -4.080  0.3116E-03  0.1146E-03  0.3216E-01  0.1146E-03  0.0000E+00  0.0000E+00  0.0000E+00  0.0000E+00  0.0000E+00
     -4.070  0.3142E-03  0.1123E-03  0.3214E-01  0.1123E-03  0.0000E+00  0.0000E+00  0.0000E+00  0.0000E+00  0.0000E+00
     -4.060  0.3179E-03  0.1094E-03  0.3232E-01  0.1094E-03  0.0000E+00  0.0000E+00  0.0000E+00  0.0000E+00  0.0000E+00
     -4.050  0.3224E-03  0.1060E-03  0.3269E-01  0.1060E-03  0.0000E+00  0.0000E+00  0.0000E+00  0.0000E+00  0.0000E+00
     -4.040  0.3279E-03  0.1024E-03  0.3326E-01  0.1024E-03  0.0000E+00  0.0000E+00  0.0000E+00  0.0000E+00  0.0000E+00
     -4.030  0.3346E-03  0.9879E-04  0.3406E-01  0.9879E-04  0.0000E+00  0.0000E+00  0.0000E+00  0.0000E+00  0.0000E+00
     -4.020  0.3426E-03  0.9549E-04  0.3505E-01  0.9549E-04  0.0000E+00  0.0000E+00  0.0000E+00  0.0000E+00  0.0000E+00
     -4.010  0.3511E-03  0.9264E-04  0.3613E-01  0.9264E-04  0.0000E+00  0.0000E+00  0.0000E+00  0.0000E+00  0.0000E+00
     -4.000  0.3589E-03  0.9030E-04  0.3714E-01  0.9030E-04  0.0000E+00  0.0000E+00  0.0000E+00  0.0000E+00  0.0000E+00
     -3.990  0.3646E-03  0.8845E-04  0.3790E-01  0.8845E-04  0.0000E+00  0.0000E+00  0.0000E+00  0.0000E+00  0.0000E+00
     -3.980  0.3670E-03  0.8696E-04  0.3828E-01  0.8696E-04  0.0000E+00  0.0000E+00  0.0000E+00  0.0000E+00  0.0000E+00
     -3.970  0.3661E-03  0.8567E-04  0.3826E-01  0.8567E-04  0.0000E+00  0.0000E+00  0.0000E+00  0.0000E+00  0.0000E+00
     -3.960  0.3628E-03  0.8434E-04  0.3792E-01  0.8434E-04  0.0000E+00  0.0000E+00  0.0000E+00  0.0000E+00  0.0000E+00
     -3.949  0.3589E-03  0.8279E-04  0.3745E-01  0.8279E-04  0.0000E+00  0.0000E+00  0.0000E+00  0.0000E+00  0.0000E+00
     -3.939  0.3566E-03  0.8094E-04  0.3706E-01  0.8094E-04  0.0000E+00  0.0000E+00  0.0000E+00  0.0000E+00  0.0000E+00
     -3.929  0.3575E-03  0.7884E-04  0.3691E-01  0.7884E-04  0.0000E+00  0.0000E+00  0.0000E+00  0.0000E+00  0.0000E+00
     -3.919  0.3626E-03  0.7673E-04  0.3709E-01  0.7673E-04  0.0000E+00  0.0000E+00  0.0000E+00  0.0000E+00  0.0000E+00
     -3.909  0.3710E-03  0.7488E-04  0.3758E-01  0.7488E-04  0.0000E+00  0.0000E+00  0.0000E+00  0.0000E+00  0.0000E+00
     -3.899  0.3812E-03  0.7355E-04  0.3826E-01  0.7355E-04  0.0000E+00  0.0000E+00  0.0000E+00  0.0000E+00  0.0000E+00
     -3.889  0.3903E-03  0.7287E-04  0.3893E-01  0.7287E-04  0.0000E+00  0.0000E+00  0.0000E+00  0.0000E+00  0.0000E+00
     -3.879  0.3956E-03  0.7281E-04  0.3936E-01  0.7281E-04  0.0000E+00  0.0000E+00  0.0000E+00  0.0000E+00  0.0000E+00
     -3.869  0.3949E-03  0.7317E-04  0.3933E-01  0.7317E-04  0.0000E+00  0.0000E+00  0.0000E+00  0.0000E+00  0.0000E+00
     -3.859  0.3872E-03  0.7371E-04  0.3872E-01  0.7371E-04  0.0000E+00  0.0000E+00  0.0000E+00  0.0000E+00  0.0000E+00
     -3.849  0.3732E-03  0.7413E-04  0.3752E-01  0.7413E-04  0.0000E+00  0.0000E+00  0.0000E+00  0.0000E+00  0.0000E+00
     -3.839  0.3546E-03  0.7420E-04  0.3585E-01  0.7420E-04  0.0000E+00  0.0000E+00  0.0000E+00  0.0000E+00  0.0000E+00
     -3.829  0.3343E-03  0.7375E-04  0.3390E-01  0.7375E-04  0.0000E+00  0.0000E+00  0.0000E+00  0.0000E+00  0.0000E+00
     -3.819  0.3149E-03  0.7273E-04  0.3192E-01  0.7273E-04  0.0000E+00  0.0000E+00  0.0000E+00  0.0000E+00  0.0000E+00
     -3.809  0.2989E-03  0.7116E-04  0.3012E-01  0.7116E-04  0.0000E+00  0.0000E+00  0.0000E+00  0.0000E+00  0.0000E+00
     -3.799  0.2876E-03  0.6914E-04  0.2867E-01  0.6914E-04  0.0000E+00  0.0000E+00  0.0000E+00  0.0000E+00  0.0000E+00
     -3.789  0.2813E-03  0.6683E-04  0.2764E-01  0.6683E-04  0.0000E+00  0.0000E+00  0.0000E+00  0.0000E+00  0.0000E+00
     -3.779  0.2794E-03  0.6442E-04  0.2706E-01  0.6442E-04  0.0000E+00  0.0000E+00  0.0000E+00  0.0000E+00  0.0000E+00
     -3.769  0.2807E-03  0.6205E-04  0.2686E-01  0.6205E-04  0.0000E+00  0.0000E+00  0.0000E+00  0.0000E+00  0.0000E+00
     -3.759  0.2837E-03  0.5981E-04  0.2696E-01  0.5981E-04  0.0000E+00  0.0000E+00  0.0000E+00  0.0000E+00  0.0000E+00
     -3.749  0.2873E-03  0.5773E-04  0.2724E-01  0.5773E-04  0.0000E+00  0.0000E+00  0.0000E+00  0.0000E+00  0.0000E+00
     -3.739  0.2904E-03  0.5577E-04  0.2761E-01  0.5577E-04  0.0000E+00  0.0000E+00  0.0000E+00  0.0000E+00  0.0000E+00
     -3.729  0.2928E-03  0.5388E-04  0.2799E-01  0.5388E-04  0.0000E+00  0.0000E+00  0.0000E+00  0.0000E+00  0.0000E+00
     -3.719  0.2949E-03  0.5200E-04  0.2839E-01  0.5200E-04  0.0000E+00  0.0000E+00  0.0000E+00  0.0000E+00  0.0000E+00
     -3.709  0.2973E-03  0.5014E-04  0.2882E-01  0.5014E-04  0.0000E+00  0.0000E+00  0.0000E+00  0.0000E+00  0.0000E+00
     -3.699  0.3006E-03  0.4836E-04  0.2934E-01  0.4836E-04  0.0000E+00  0.0000E+00  0.0000E+00  0.0000E+00  0.0000E+00
     -3.689  0.3052E-03  0.4675E-04  0.2999E-01  0.4675E-04  0.0000E+00  0.0000E+00  0.0000E+00  0.0000E+00  0.0000E+00
     -3.679  0.3110E-03  0.4544E-04  0.3075E-01  0.4544E-04  0.0000E+00  0.0000E+00  0.0000E+00  0.0000E+00  0.0000E+00
     -3.669  0.3174E-03  0.4450E-04  0.3156E-01  0.4450E-04  0.0000E+00  0.0000E+00  0.0000E+00  0.0000E+00  0.0000E+00
     -3.659  0.3233E-03  0.4395E-04  0.3229E-01  0.4395E-04  0.0000E+00  0.0000E+00  0.0000E+00  0.0000E+00  0.0000E+00
     -3.648  0.3278E-03  0.4377E-04  0.3282E-01  0.4377E-04  0.0000E+00  0.0000E+00  0.0000E+00  0.0000E+00  0.0000E+00
     -3.638  0.3302E-03  0.4392E-04  0.3304E-01  0.4392E-04  0.0000E+00  0.0000E+00  0.0000E+00  0.0000E+00  0.0000E+00
     -3.628  0.3302E-03  0.4433E-04  0.3295E-01  0.4433E-04  0.0000E+00  0.0000E+00  0.0000E+00  0.0000E+00  0.0000E+00
     -3.618  0.3280E-03  0.4498E-04  0.3258E-01  0.4498E-04  0.0000E+00  0.0000E+00  0.0000E+00  0.0000E+00  0.0000E+00
     -3.608  0.3243E-03  0.4587E-04  0.3205E-01  0.4587E-04  0.0000E+00  0.0000E+00  0.0000E+00  0.0000E+00  0.0000E+00
     -3.598  0.3194E-03  0.4700E-04  0.3144E-01  0.4700E-04  0.0000E+00  0.0000E+00  0.0000E+00  0.0000E+00  0.0000E+00
     -3.588  0.3138E-03  0.4836E-04  0.3085E-01  0.4836E-04  0.0000E+00  0.0000E+00  0.0000E+00  0.0000E+00  0.0000E+00
     -3.578  0.3076E-03  0.4987E-04  0.3031E-01  0.4987E-04  0.0000E+00  0.0000E+00  0.0000E+00  0.0000E+00  0.0000E+00
     -3.568  0.3010E-03  0.5142E-04  0.2983E-01  0.5142E-04  0.0000E+00  0.0000E+00  0.0000E+00  0.0000E+00  0.0000E+00
     -3.558  0.2943E-03  0.5285E-04  0.2942E-01  0.5285E-04  0.0000E+00  0.0000E+00  0.0000E+00  0.0000E+00  0.0000E+00
     -3.548  0.2884E-03  0.5396E-04  0.2909E-01  0.5396E-04  0.0000E+00  0.0000E+00  0.0000E+00  0.0000E+00  0.0000E+00
     -3.538  0.2839E-03  0.5462E-04  0.2886E-01  0.5462E-04  0.0000E+00  0.0000E+00  0.0000E+00  0.0000E+00  0.0000E+00
     -3.528  0.2813E-03  0.5470E-04  0.2875E-01  0.5470E-04  0.0000E+00  0.0000E+00  0.0000E+00  0.0000E+00  0.0000E+00
     -3.518  0.2807E-03  0.5417E-04  0.2874E-01  0.5417E-04  0.0000E+00  0.0000E+00  0.0000E+00  0.0000E+00  0.0000E+00
     -3.508  0.2812E-03  0.5309E-04  0.2875E-01  0.5309E-04  0.0000E+00  0.0000E+00  0.0000E+00  0.0000E+00  0.0000E+00
     -3.498  0.2816E-03  0.5160E-04  0.2868E-01  0.5160E-04  0.0000E+00  0.0000E+00  0.0000E+00  0.0000E+00  0.0000E+00
     -3.488  0.2808E-03  0.4993E-04  0.2844E-01  0.4993E-04  0.0000E+00  0.0000E+00  0.0000E+00  0.0000E+00  0.0000E+00
     -3.478  0.2783E-03  0.4829E-04  0.2801E-01  0.4829E-04  0.0000E+00  0.0000E+00  0.0000E+00  0.0000E+00  0.0000E+00
     -3.468  0.2742E-03  0.4691E-04  0.2744E-01  0.4691E-04  0.0000E+00  0.0000E+00  0.0000E+00  0.0000E+00  0.0000E+00
     -3.458  0.2698E-03  0.4592E-04  0.2687E-01  0.4592E-04  0.0000E+00  0.0000E+00  0.0000E+00  0.0000E+00  0.0000E+00
     -3.448  0.2665E-03  0.4541E-04  0.2646E-01  0.4541E-04  0.0000E+00  0.0000E+00  0.0000E+00  0.0000E+00  0.0000E+00
     -3.438  0.2655E-03  0.4535E-04  0.2636E-01  0.4535E-04  0.0000E+00  0.0000E+00  0.0000E+00  0.0000E+00  0.0000E+00
     -3.428  0.2675E-03  0.4561E-04  0.2661E-01  0.4561E-04  0.0000E+00  0.0000E+00  0.0000E+00  0.0000E+00  0.0000E+00
     -3.418  0.2717E-03  0.4602E-04  0.2717E-01  0.4602E-04  0.0000E+00  0.0000E+00  0.0000E+00  0.0000E+00  0.0000E+00
     -3.408  0.2767E-03  0.4632E-04  0.2783E-01  0.4632E-04  0.0000E+00  0.0000E+00  0.0000E+00  0.0000E+00  0.0000E+00
     -3.398  0.2802E-03  0.4625E-04  0.2836E-01  0.4625E-04  0.0000E+00  0.0000E+00  0.0000E+00  0.0000E+00  0.0000E+00
     -3.388  0.2803E-03  0.4562E-04  0.2849E-01  0.4562E-04  0.0000E+00  0.0000E+00  0.0000E+00  0.0000E+00  0.0000E+00
     -3.378  0.2759E-03  0.4435E-04  0.2809E-01  0.4435E-04  0.0000E+00  0.0000E+00  0.0000E+00  0.0000E+00  0.0000E+00
     -3.368  0.2672E-03  0.4251E-04  0.2716E-01  0.4251E-04  0.0000E+00  0.0000E+00  0.0000E+00  0.0000E+00  0.0000E+00
     -3.358  0.2556E-03  0.4031E-04  0.2587E-01  0.4031E-04  0.0000E+00  0.0000E+00  0.0000E+00  0.0000E+00  0.0000E+00
     -3.347  0.2435E-03  0.3803E-04  0.2447E-01  0.3803E-04  0.0000E+00  0.0000E+00  0.0000E+00  0.0000E+00  0.0000E+00
     -3.337  0.2328E-03  0.3592E-04  0.2320E-01  0.3592E-04  0.0000E+00  0.0000E+00  0.0000E+00  0.0000E+00  0.0000E+00
     -3.327  0.2248E-03  0.3413E-04  0.2222E-01  0.3413E-04  0.0000E+00  0.0000E+00  0.0000E+00  0.0000E+00  0.0000E+00
     -3.317  0.2198E-03  0.3273E-04  0.2157E-01  0.3273E-04  0.0000E+00  0.0000E+00  0.0000E+00  0.0000E+00  0.0000E+00
     -3.307  0.2170E-03  0.3166E-04  0.2120E-01  0.3166E-04  0.0000E+00  0.0000E+00  0.0000E+00  0.0000E+00  0.0000E+00
     -3.297  0.2156E-03  0.3085E-04  0.2099E-01  0.3085E-04  0.0000E+00  0.0000E+00  0.0000E+00  0.0000E+00  0.0000E+00
     -3.287  0.2146E-03  0.3019E-04  0.2087E-01  0.3019E-04  0.0000E+00  0.0000E+00  0.0000E+00  0.0000E+00  0.0000E+00
     -3.277  0.2137E-03  0.2962E-04  0.2076E-01  0.2962E-04  0.0000E+00  0.0000E+00  0.0000E+00  0.0000E+00  0.0000E+00
     -3.267  0.2128E-03  0.2909E-04  0.2069E-01  0.2909E-04  0.0000E+00  0.0000E+00  0.0000E+00  0.0000E+00  0.0000E+00
     -3.257  0.2121E-03  0.2854E-04  0.2066E-01  0.2854E-04  0.0000E+00  0.0000E+00  0.0000E+00  0.0000E+00  0.0000E+00
     -3.247  0.2119E-03  0.2794E-04  0.2072E-01  0.2794E-04  0.0000E+00  0.0000E+00  0.0000E+00  0.0000E+00  0.0000E+00
     -3.237  0.2126E-03  0.2728E-04  0.2090E-01  0.2728E-04  0.0000E+00  0.0000E+00  0.0000E+00  0.0000E+00  0.0000E+00
     -3.227  0.2146E-03  0.2656E-04  0.2122E-01  0.2656E-04  0.0000E+00  0.0000E+00  0.0000E+00  0.0000E+00  0.0000E+00
     -3.217  0.2185E-03  0.2581E-04  0.2172E-01  0.2581E-04  0.0000E+00  0.0000E+00  0.0000E+00  0.0000E+00  0.0000E+00
     -3.207  0.2251E-03  0.2510E-04  0.2245E-01  0.2510E-04  0.0000E+00  0.0000E+00  0.0000E+00  0.0000E+00  0.0000E+00
     -3.197  0.2345E-03  0.2447E-04  0.2343E-01  0.2447E-04  0.0000E+00  0.0000E+00  0.0000E+00  0.0000E+00  0.0000E+00
     -3.187  0.2468E-03  0.2400E-04  0.2467E-01  0.2400E-04  0.0000E+00  0.0000E+00  0.0000E+00  0.0000E+00  0.0000E+00
     -3.177  0.2610E-03  0.2370E-04  0.2609E-01  0.2370E-04  0.0000E+00  0.0000E+00  0.0000E+00  0.0000E+00  0.0000E+00
     -3.167  0.2755E-03  0.2355E-04  0.2759E-01  0.2355E-04  0.0000E+00  0.0000E+00  0.0000E+00  0.0000E+00  0.0000E+00
     -3.157  0.2885E-03  0.2351E-04  0.2900E-01  0.2351E-04  0.0000E+00  0.0000E+00  0.0000E+00  0.0000E+00  0.0000E+00
     -3.147  0.2980E-03  0.2350E-04  0.3015E-01  0.2350E-04  0.0000E+00  0.0000E+00  0.0000E+00  0.0000E+00  0.0000E+00
     -3.137  0.3030E-03  0.2347E-04  0.3092E-01  0.2347E-04  0.0000E+00  0.0000E+00  0.0000E+00  0.0000E+00  0.0000E+00
     -3.127  0.3032E-03  0.2338E-04  0.3127E-01  0.2338E-04  0.0000E+00  0.0000E+00  0.0000E+00  0.0000E+00  0.0000E+00
     -3.117  0.2995E-03  0.2323E-04  0.3125E-01  0.2323E-04  0.0000E+00  0.0000E+00  0.0000E+00  0.0000E+00  0.0000E+00
     -3.107  0.2935E-03  0.2305E-04  0.3097E-01  0.2305E-04  0.0000E+00  0.0000E+00  0.0000E+00  0.0000E+00  0.0000E+00
     -3.097  0.2870E-03  0.2289E-04  0.3057E-01  0.2289E-04  0.0000E+00  0.0000E+00  0.0000E+00  0.0000E+00  0.0000E+00
     -3.087  0.2814E-03  0.2277E-04  0.3016E-01  0.2277E-04  0.0000E+00  0.0000E+00  0.0000E+00  0.0000E+00  0.0000E+00
     -3.077  0.2776E-03  0.2271E-04  0.2983E-01  0.2271E-04  0.0000E+00  0.0000E+00  0.0000E+00  0.0000E+00  0.0000E+00
     -3.067  0.2754E-03  0.2269E-04  0.2957E-01  0.2269E-04  0.0000E+00  0.0000E+00  0.0000E+00  0.0000E+00  0.0000E+00
     -3.057  0.2740E-03  0.2270E-04  0.2935E-01  0.2270E-04  0.0000E+00  0.0000E+00  0.0000E+00  0.0000E+00  0.0000E+00
     -3.046  0.2726E-03  0.2271E-04  0.2912E-01  0.2271E-04  0.0000E+00  0.0000E+00  0.0000E+00  0.0000E+00  0.0000E+00
     -3.036  0.2704E-03  0.2268E-04  0.2886E-01  0.2268E-04  0.0000E+00  0.0000E+00  0.0000E+00  0.0000E+00  0.0000E+00
     -3.026  0.2672E-03  0.2262E-04  0.2856E-01  0.2262E-04  0.0000E+00  0.0000E+00  0.0000E+00  0.0000E+00  0.0000E+00
     -3.016  0.2634E-03  0.2256E-04  0.2827E-01  0.2256E-04  0.0000E+00  0.0000E+00  0.0000E+00  0.0000E+00  0.0000E+00
     -3.006  0.2599E-03  0.2250E-04  0.2806E-01  0.2250E-04  0.0000E+00  0.0000E+00  0.0000E+00  0.0000E+00  0.0000E+00
     -2.996  0.2578E-03  0.2249E-04  0.2800E-01  0.2249E-04  0.0000E+00  0.0000E+00  0.0000E+00  0.0000E+00  0.0000E+00
     -2.986  0.2578E-03  0.2252E-04  0.2818E-01  0.2252E-04  0.0000E+00  0.0000E+00  0.0000E+00  0.0000E+00  0.0000E+00
     -2.976  0.2604E-03  0.2260E-04  0.2860E-01  0.2260E-04  0.0000E+00  0.0000E+00  0.0000E+00  0.0000E+00  0.0000E+00
     -2.966  0.2655E-03  0.2272E-04  0.2926E-01  0.2272E-04  0.0000E+00  0.0000E+00  0.0000E+00  0.0000E+00  0.0000E+00
     -2.956  0.2723E-03  0.2287E-04  0.3006E-01  0.2287E-04  0.0000E+00  0.0000E+00  0.0000E+00  0.0000E+00  0.0000E+00
     -2.946  0.2796E-03  0.2303E-04  0.3086E-01  0.2303E-04  0.0000E+00  0.0000E+00  0.0000E+00  0.0000E+00  0.0000E+00
     -2.936  0.2860E-03  0.2316E-04  0.3151E-01  0.2316E-04  0.0000E+00  0.0000E+00  0.0000E+00  0.0000E+00  0.0000E+00
     -2.926  0.2903E-03  0.2325E-04  0.3187E-01  0.2325E-04  0.0000E+00  0.0000E+00  0.0000E+00  0.0000E+00  0.0000E+00
     -2.916  0.2916E-03  0.2327E-04  0.3186E-01  0.2327E-04  0.0000E+00  0.0000E+00  0.0000E+00  0.0000E+00  0.0000E+00
     -2.906  0.2898E-03  0.2322E-04  0.3147E-01  0.2322E-04  0.0000E+00  0.0000E+00  0.0000E+00  0.0000E+00  0.0000E+00
     -2.896  0.2853E-03  0.2312E-04  0.3076E-01  0.2312E-04  0.0000E+00  0.0000E+00  0.0000E+00  0.0000E+00  0.0000E+00
     -2.886  0.2791E-03  0.2302E-04  0.2984E-01  0.2302E-04  0.0000E+00  0.0000E+00  0.0000E+00  0.0000E+00  0.0000E+00
     -2.876  0.2724E-03  0.2293E-04  0.2887E-01  0.2293E-04  0.0000E+00  0.0000E+00  0.0000E+00  0.0000E+00  0.0000E+00
     -2.866  0.2665E-03  0.2286E-04  0.2800E-01  0.2286E-04  0.0000E+00  0.0000E+00  0.0000E+00  0.0000E+00  0.0000E+00
     -2.856  0.2624E-03  0.2280E-04  0.2736E-01  0.2280E-04  0.0000E+00  0.0000E+00  0.0000E+00  0.0000E+00  0.0000E+00
     -2.846  0.2607E-03  0.2272E-04  0.2704E-01  0.2272E-04  0.0000E+00  0.0000E+00  0.0000E+00  0.0000E+00  0.0000E+00
     -2.836  0.2616E-03  0.2261E-04  0.2705E-01  0.2261E-04  0.0000E+00  0.0000E+00  0.0000E+00  0.0000E+00  0.0000E+00
     -2.826  0.2646E-03  0.2246E-04  0.2734E-01  0.2246E-04  0.0000E+00  0.0000E+00  0.0000E+00  0.0000E+00  0.0000E+00
     -2.816  0.2686E-03  0.2224E-04  0.2778E-01  0.2224E-04  0.0000E+00  0.0000E+00  0.0000E+00  0.0000E+00  0.0000E+00
     -2.806  0.2722E-03  0.2197E-04  0.2819E-01  0.2197E-04  0.0000E+00  0.0000E+00  0.0000E+00  0.0000E+00  0.0000E+00
     -2.796  0.2740E-03  0.2162E-04  0.2841E-01  0.2162E-04  0.0000E+00  0.0000E+00  0.0000E+00  0.0000E+00  0.0000E+00
     -2.786  0.2730E-03  0.2120E-04  0.2831E-01  0.2120E-04  0.0000E+00  0.0000E+00  0.0000E+00  0.0000E+00  0.0000E+00
     -2.776  0.2689E-03  0.2072E-04  0.2784E-01  0.2072E-04  0.0000E+00  0.0000E+00  0.0000E+00  0.0000E+00  0.0000E+00
     -2.766  0.2622E-03  0.2022E-04  0.2706E-01  0.2022E-04  0.0000E+00  0.0000E+00  0.0000E+00  0.0000E+00  0.0000E+00
     -2.756  0.2540E-03  0.1976E-04  0.2612E-01  0.1976E-04  0.0000E+00  0.0000E+00  0.0000E+00  0.0000E+00  0.0000E+00
     -2.745  0.2459E-03  0.1937E-04  0.2516E-01  0.1937E-04  0.0000E+00  0.0000E+00  0.0000E+00  0.0000E+00  0.0000E+00
     -2.735  0.2390E-03  0.1910E-04  0.2436E-01  0.1910E-04  0.0000E+00  0.0000E+00  0.0000E+00  0.0000E+00  0.0000E+00
     -2.725  0.2345E-03  0.1893E-04  0.2381E-01  0.1893E-04  0.0000E+00  0.0000E+00  0.0000E+00  0.0000E+00  0.0000E+00
     -2.715  0.2329E-03  0.1883E-04  0.2358E-01  0.1883E-04  0.0000E+00  0.0000E+00  0.0000E+00  0.0000E+00  0.0000E+00
     -2.705  0.2341E-03  0.1874E-04  0.2367E-01  0.1874E-04  0.0000E+00  0.0000E+00  0.0000E+00  0.0000E+00  0.0000E+00
     -2.695  0.2379E-03  0.1862E-04  0.2404E-01  0.1862E-04  0.0000E+00  0.0000E+00  0.0000E+00  0.0000E+00  0.0000E+00
     -2.685  0.2434E-03  0.1840E-04  0.2462E-01  0.1840E-04  0.0000E+00  0.0000E+00  0.0000E+00  0.0000E+00  0.0000E+00
     -2.675  0.2497E-03  0.1809E-04  0.2530E-01  0.1809E-04  0.0000E+00  0.0000E+00  0.0000E+00  0.0000E+00  0.0000E+00
     -2.665  0.2559E-03  0.1768E-04  0.2600E-01  0.1768E-04  0.0000E+00  0.0000E+00  0.0000E+00  0.0000E+00  0.0000E+00
     -2.655  0.2613E-03  0.1721E-04  0.2665E-01  0.1721E-04  0.0000E+00  0.0000E+00  0.0000E+00  0.0000E+00  0.0000E+00
     -2.645  0.2655E-03  0.1674E-04  0.2722E-01  0.1674E-04  0.0000E+00  0.0000E+00  0.0000E+00  0.0000E+00  0.0000E+00
     -2.635  0.2683E-03  0.1633E-04  0.2768E-01  0.1633E-04  0.0000E+00  0.0000E+00  0.0000E+00  0.0000E+00  0.0000E+00
     -2.625  0.2698E-03  0.1604E-04  0.2801E-01  0.1604E-04  0.0000E+00  0.0000E+00  0.0000E+00  0.0000E+00  0.0000E+00
     -2.615  0.2702E-03  0.1591E-04  0.2821E-01  0.1591E-04  0.0000E+00  0.0000E+00  0.0000E+00  0.0000E+00  0.0000E+00
     -2.605  0.2695E-03  0.1593E-04  0.2830E-01  0.1593E-04  0.0000E+00  0.0000E+00  0.0000E+00  0.0000E+00  0.0000E+00
     -2.595  0.2684E-03  0.1609E-04  0.2833E-01  0.1609E-04  0.0000E+00  0.0000E+00  0.0000E+00  0.0000E+00  0.0000E+00
     -2.585  0.2675E-03  0.1637E-04  0.2836E-01  0.1637E-04  0.0000E+00  0.0000E+00  0.0000E+00  0.0000E+00  0.0000E+00
     -2.575  0.2677E-03  0.1670E-04  0.2849E-01  0.1670E-04  0.0000E+00  0.0000E+00  0.0000E+00  0.0000E+00  0.0000E+00
     -2.565  0.2693E-03  0.1702E-04  0.2875E-01  0.1702E-04  0.0000E+00  0.0000E+00  0.0000E+00  0.0000E+00  0.0000E+00
     -2.555  0.2720E-03  0.1725E-04  0.2912E-01  0.1725E-04  0.0000E+00  0.0000E+00  0.0000E+00  0.0000E+00  0.0000E+00
     -2.545  0.2749E-03  0.1734E-04  0.2950E-01  0.1734E-04  0.0000E+00  0.0000E+00  0.0000E+00  0.0000E+00  0.0000E+00
     -2.535  0.2766E-03  0.1723E-04  0.2975E-01  0.1723E-04  0.0000E+00  0.0000E+00  0.0000E+00  0.0000E+00  0.0000E+00
     -2.525  0.2758E-03  0.1693E-04  0.2971E-01  0.1693E-04  0.0000E+00  0.0000E+00  0.0000E+00  0.0000E+00  0.0000E+00
     -2.515  0.2717E-03  0.1648E-04  0.2933E-01  0.1648E-04  0.0000E+00  0.0000E+00  0.0000E+00  0.0000E+00  0.0000E+00
     -2.505  0.2645E-03  0.1595E-04  0.2859E-01  0.1595E-04  0.0000E+00  0.0000E+00  0.0000E+00  0.0000E+00  0.0000E+00
     -2.495  0.2550E-03  0.1543E-04  0.2761E-01  0.1543E-04  0.0000E+00  0.0000E+00  0.0000E+00  0.0000E+00  0.0000E+00
     -2.485  0.2447E-03  0.1499E-04  0.2653E-01  0.1499E-04  0.0000E+00  0.0000E+00  0.0000E+00  0.0000E+00  0.0000E+00
     -2.475  0.2351E-03  0.1470E-04  0.2553E-01  0.1470E-04  0.0000E+00  0.0000E+00  0.0000E+00  0.0000E+00  0.0000E+00
     -2.465  0.2279E-03  0.1458E-04  0.2479E-01  0.1458E-04  0.0000E+00  0.0000E+00  0.0000E+00  0.0000E+00  0.0000E+00
     -2.455  0.2242E-03  0.1460E-04  0.2445E-01  0.1460E-04  0.0000E+00  0.0000E+00  0.0000E+00  0.0000E+00  0.0000E+00
     -2.444  0.2249E-03  0.1474E-04  0.2458E-01  0.1474E-04  0.0000E+00  0.0000E+00  0.0000E+00  0.0000E+00  0.0000E+00
     -2.434  0.2300E-03  0.1494E-04  0.2518E-01  0.1494E-04  0.0000E+00  0.0000E+00  0.0000E+00  0.0000E+00  0.0000E+00
     -2.424  0.2386E-03  0.1512E-04  0.2616E-01  0.1512E-04  0.0000E+00  0.0000E+00  0.0000E+00  0.0000E+00  0.0000E+00
     -2.414  0.2496E-03  0.1523E-04  0.2738E-01  0.1523E-04  0.0000E+00  0.0000E+00  0.0000E+00  0.0000E+00  0.0000E+00
     -2.404  0.2613E-03  0.1521E-04  0.2866E-01  0.1521E-04  0.0000E+00  0.0000E+00  0.0000E+00  0.0000E+00  0.0000E+00
     -2.394  0.2725E-03  0.1507E-04  0.2988E-01  0.1507E-04  0.0000E+00  0.0000E+00  0.0000E+00  0.0000E+00  0.0000E+00
     -2.384  0.2822E-03  0.1483E-04  0.3094E-01  0.1483E-04  0.0000E+00  0.0000E+00  0.0000E+00  0.0000E+00  0.0000E+00
     -2.374  0.2897E-03  0.1453E-04  0.3177E-01  0.1453E-04  0.0000E+00  0.0000E+00  0.0000E+00  0.0000E+00  0.0000E+00
     -2.364  0.2946E-03  0.1422E-04  0.3234E-01  0.1422E-04  0.0000E+00  0.0000E+00  0.0000E+00  0.0000E+00  0.0000E+00
     -2.354  0.2964E-03  0.1393E-04  0.3260E-01  0.1393E-04  0.0000E+00  0.0000E+00  0.0000E+00  0.0000E+00  0.0000E+00
     -2.344  0.2947E-03  0.1367E-04  0.3248E-01  0.1367E-04  0.0000E+00  0.0000E+00  0.0000E+00  0.0000E+00  0.0000E+00
     -2.334  0.2893E-03  0.1346E-04  0.3197E-01  0.1346E-04  0.0000E+00  0.0000E+00  0.0000E+00  0.0000E+00  0.0000E+00
     -2.324  0.2805E-03  0.1330E-04  0.3109E-01  0.1330E-04  0.0000E+00  0.0000E+00  0.0000E+00  0.0000E+00  0.0000E+00
     -2.314  0.2693E-03  0.1321E-04  0.2993E-01  0.1321E-04  0.0000E+00  0.0000E+00  0.0000E+00  0.0000E+00  0.0000E+00
     -2.304  0.2574E-03  0.1318E-04  0.2868E-01  0.1318E-04  0.0000E+00  0.0000E+00  0.0000E+00  0.0000E+00  0.0000E+00
     -2.294  0.2467E-03  0.1322E-04  0.2753E-01  0.1322E-04  0.0000E+00  0.0000E+00  0.0000E+00  0.0000E+00  0.0000E+00
     -2.284  0.2393E-03  0.1333E-04  0.2674E-01  0.1333E-04  0.0000E+00  0.0000E+00  0.0000E+00  0.0000E+00  0.0000E+00
     -2.274  0.2370E-03  0.1346E-04  0.2650E-01  0.1346E-04  0.0000E+00  0.0000E+00  0.0000E+00  0.0000E+00  0.0000E+00
     -2.264  0.2407E-03  0.1358E-04  0.2693E-01  0.1358E-04  0.0000E+00  0.0000E+00  0.0000E+00  0.0000E+00  0.0000E+00
     -2.254  0.2504E-03  0.1364E-04  0.2802E-01  0.1364E-04  0.0000E+00  0.0000E+00  0.0000E+00  0.0000E+00  0.0000E+00
     -2.244  0.2648E-03  0.1361E-04  0.2964E-01  0.1361E-04  0.0000E+00  0.0000E+00  0.0000E+00  0.0000E+00  0.0000E+00
     -2.234  0.2817E-03  0.1348E-04  0.3155E-01  0.1348E-04  0.0000E+00  0.0000E+00  0.0000E+00  0.0000E+00  0.0000E+00
     -2.224  0.2982E-03  0.1325E-04  0.3342E-01  0.1325E-04  0.0000E+00  0.0000E+00  0.0000E+00  0.0000E+00  0.0000E+00
     -2.214  0.3115E-03  0.1293E-04  0.3491E-01  0.1293E-04  0.0000E+00  0.0000E+00  0.0000E+00  0.0000E+00  0.0000E+00
     -2.204  0.3190E-03  0.1257E-04  0.3576E-01  0.1257E-04  0.0000E+00  0.0000E+00  0.0000E+00  0.0000E+00  0.0000E+00
     -2.194  0.3194E-03  0.1222E-04  0.3582E-01  0.1222E-04  0.0000E+00  0.0000E+00  0.0000E+00  0.0000E+00  0.0000E+00
     -2.184  0.3129E-03  0.1193E-04  0.3512E-01  0.1193E-04  0.0000E+00  0.0000E+00  0.0000E+00  0.0000E+00  0.0000E+00
     -2.174  0.3011E-03  0.1175E-04  0.3384E-01  0.1175E-04  0.0000E+00  0.0000E+00  0.0000E+00  0.0000E+00  0.0000E+00
     -2.164  0.2865E-03  0.1168E-04  0.3226E-01  0.1168E-04  0.0000E+00  0.0000E+00  0.0000E+00  0.0000E+00  0.0000E+00
     -2.154  0.2717E-03  0.1172E-04  0.3069E-01  0.1172E-04  0.0000E+00  0.0000E+00  0.0000E+00  0.0000E+00  0.0000E+00
     -2.143  0.2590E-03  0.1184E-04  0.2938E-01  0.1184E-04  0.0000E+00  0.0000E+00  0.0000E+00  0.0000E+00  0.0000E+00
     -2.133  0.2497E-03  0.1199E-04  0.2844E-01  0.1199E-04  0.0000E+00  0.0000E+00  0.0000E+00  0.0000E+00  0.0000E+00
     -2.123  0.2438E-03  0.1211E-04  0.2789E-01  0.1211E-04  0.0000E+00  0.0000E+00  0.0000E+00  0.0000E+00  0.0000E+00
     -2.113  0.2406E-03  0.1220E-04  0.2762E-01  0.1220E-04  0.0000E+00  0.0000E+00  0.0000E+00  0.0000E+00  0.0000E+00
     -2.103  0.2392E-03  0.1226E-04  0.2754E-01  0.1226E-04  0.0000E+00  0.0000E+00  0.0000E+00  0.0000E+00  0.0000E+00
     -2.093  0.2391E-03  0.1232E-04  0.2758E-01  0.1232E-04  0.0000E+00  0.0000E+00  0.0000E+00  0.0000E+00  0.0000E+00
     -2.083  0.2407E-03  0.1243E-04  0.2778E-01  0.1243E-04  0.0000E+00  0.0000E+00  0.0000E+00  0.0000E+00  0.0000E+00
     -2.073  0.2447E-03  0.1260E-04  0.2824E-01  0.1260E-04  0.0000E+00  0.0000E+00  0.0000E+00  0.0000E+00  0.0000E+00
     -2.063  0.2520E-03  0.1282E-04  0.2907E-01  0.1282E-04  0.0000E+00  0.0000E+00  0.0000E+00  0.0000E+00  0.0000E+00
     -2.053  0.2634E-03  0.1309E-04  0.3035E-01  0.1309E-04  0.0000E+00  0.0000E+00  0.0000E+00  0.0000E+00  0.0000E+00
     -2.043  0.2785E-03  0.1335E-04  0.3207E-01  0.1335E-04  0.0000E+00  0.0000E+00  0.0000E+00  0.0000E+00  0.0000E+00
     -2.033  0.2964E-03  0.1357E-04  0.3413E-01  0.1357E-04  0.0000E+00  0.0000E+00  0.0000E+00  0.0000E+00  0.0000E+00
     -2.023  0.3151E-03  0.1369E-04  0.3629E-01  0.1369E-04  0.0000E+00  0.0000E+00  0.0000E+00  0.0000E+00  0.0000E+00
     -2.013  0.3318E-03  0.1369E-04  0.3826E-01  0.1369E-04  0.0000E+00  0.0000E+00  0.0000E+00  0.0000E+00  0.0000E+00
     -2.003  0.3438E-03  0.1356E-04  0.3968E-01  0.1356E-04  0.0000E+00  0.0000E+00  0.0000E+00  0.0000E+00  0.0000E+00
     -1.993  0.3484E-03  0.1328E-04  0.4025E-01  0.1328E-04  0.0000E+00  0.0000E+00  0.0000E+00  0.0000E+00  0.0000E+00
     -1.983  0.3438E-03  0.1291E-04  0.3977E-01  0.1291E-04  0.0000E+00  0.0000E+00  0.0000E+00  0.0000E+00  0.0000E+00
     -1.973  0.3300E-03  0.1249E-04  0.3822E-01  0.1249E-04  0.0000E+00  0.0000E+00  0.0000E+00  0.0000E+00  0.0000E+00
     -1.963  0.3086E-03  0.1212E-04  0.3579E-01  0.1212E-04  0.0000E+00  0.0000E+00  0.0000E+00  0.0000E+00  0.0000E+00
     -1.953  0.2832E-03  0.1189E-04  0.3290E-01  0.1189E-04  0.0000E+00  0.0000E+00  0.0000E+00  0.0000E+00  0.0000E+00
     -1.943  0.2583E-03  0.1189E-04  0.3009E-01  0.1189E-04  0.0000E+00  0.0000E+00  0.0000E+00  0.0000E+00  0.0000E+00
     -1.933  0.2386E-03  0.1215E-04  0.2788E-01  0.1215E-04  0.0000E+00  0.0000E+00  0.0000E+00  0.0000E+00  0.0000E+00
     -1.923  0.2275E-03  0.1266E-04  0.2671E-01  0.1266E-04  0.0000E+00  0.0000E+00  0.0000E+00  0.0000E+00  0.0000E+00
     -1.913  0.2269E-03  0.1334E-04  0.2676E-01  0.1334E-04  0.0000E+00  0.0000E+00  0.0000E+00  0.0000E+00  0.0000E+00
     -1.903  0.2364E-03  0.1408E-04  0.2800E-01  0.1408E-04  0.0000E+00  0.0000E+00  0.0000E+00  0.0000E+00  0.0000E+00
     -1.893  0.2540E-03  0.1475E-04  0.3018E-01  0.1475E-04  0.0000E+00  0.0000E+00  0.0000E+00  0.0000E+00  0.0000E+00
     -1.883  0.2766E-03  0.1525E-04  0.3294E-01  0.1525E-04  0.0000E+00  0.0000E+00  0.0000E+00  0.0000E+00  0.0000E+00
     -1.873  0.3007E-03  0.1551E-04  0.3585E-01  0.1551E-04  0.0000E+00  0.0000E+00  0.0000E+00  0.0000E+00  0.0000E+00
     -1.863  0.3229E-03  0.1551E-04  0.3852E-01  0.1551E-04  0.0000E+00  0.0000E+00  0.0000E+00  0.0000E+00  0.0000E+00
     -1.853  0.3405E-03  0.1530E-04  0.4062E-01  0.1530E-04  0.0000E+00  0.0000E+00  0.0000E+00  0.0000E+00  0.0000E+00
     -1.842  0.3517E-03  0.1493E-04  0.4193E-01  0.1493E-04  0.0000E+00  0.0000E+00  0.0000E+00  0.0000E+00  0.0000E+00
     -1.832  0.3561E-03  0.1449E-04  0.4240E-01  0.1449E-04  0.0000E+00  0.0000E+00  0.0000E+00  0.0000E+00  0.0000E+00
     -1.822  0.3546E-03  0.1406E-04  0.4215E-01  0.1406E-04  0.0000E+00  0.0000E+00  0.0000E+00  0.0000E+00  0.0000E+00
     -1.812  0.3492E-03  0.1369E-04  0.4145E-01  0.1369E-04  0.0000E+00  0.0000E+00  0.0000E+00  0.0000E+00  0.0000E+00
     -1.802  0.3431E-03  0.1343E-04  0.4067E-01  0.1343E-04  0.0000E+00  0.0000E+00  0.0000E+00  0.0000E+00  0.0000E+00
     -1.792  0.3393E-03  0.1329E-04  0.4020E-01  0.1329E-04  0.0000E+00  0.0000E+00  0.0000E+00  0.0000E+00  0.0000E+00
     -1.782  0.3401E-03  0.1326E-04  0.4034E-01  0.1326E-04  0.0000E+00  0.0000E+00  0.0000E+00  0.0000E+00  0.0000E+00
     -1.772  0.3466E-03  0.1329E-04  0.4122E-01  0.1329E-04  0.0000E+00  0.0000E+00  0.0000E+00  0.0000E+00  0.0000E+00
     -1.762  0.3582E-03  0.1332E-04  0.4276E-01  0.1332E-04  0.0000E+00  0.0000E+00  0.0000E+00  0.0000E+00  0.0000E+00
     -1.752  0.3726E-03  0.1328E-04  0.4468E-01  0.1328E-04  0.0000E+00  0.0000E+00  0.0000E+00  0.0000E+00  0.0000E+00
     -1.742  0.3864E-03  0.1308E-04  0.4654E-01  0.1308E-04  0.0000E+00  0.0000E+00  0.0000E+00  0.0000E+00  0.0000E+00
     -1.732  0.3956E-03  0.1268E-04  0.4786E-01  0.1268E-04  0.0000E+00  0.0000E+00  0.0000E+00  0.0000E+00  0.0000E+00
     -1.722  0.3971E-03  0.1205E-04  0.4822E-01  0.1205E-04  0.0000E+00  0.0000E+00  0.0000E+00  0.0000E+00  0.0000E+00
     -1.712  0.3887E-03  0.1120E-04  0.4734E-01  0.1120E-04  0.0000E+00  0.0000E+00  0.0000E+00  0.0000E+00  0.0000E+00
     -1.702  0.3705E-03  0.1016E-04  0.4523E-01  0.1016E-04  0.0000E+00  0.0000E+00  0.0000E+00  0.0000E+00  0.0000E+00
     -1.692  0.3447E-03  0.9036E-05  0.4213E-01  0.9036E-05  0.0000E+00  0.0000E+00  0.0000E+00  0.0000E+00  0.0000E+00
     -1.682  0.3149E-03  0.7911E-05  0.3851E-01  0.7911E-05  0.0000E+00  0.0000E+00  0.0000E+00  0.0000E+00  0.0000E+00
     -1.672  0.2859E-03  0.6886E-05  0.3496E-01  0.6886E-05  0.0000E+00  0.0000E+00  0.0000E+00  0.0000E+00  0.0000E+00
     -1.662  0.2621E-03  0.6038E-05  0.3203E-01  0.6038E-05  0.0000E+00  0.0000E+00  0.0000E+00  0.0000E+00  0.0000E+00
     -1.652  0.2468E-03  0.5410E-05  0.3014E-01  0.5410E-05  0.0000E+00  0.0000E+00  0.0000E+00  0.0000E+00  0.0000E+00
     -1.642  0.2420E-03  0.5005E-05  0.2957E-01  0.5005E-05  0.0000E+00  0.0000E+00  0.0000E+00  0.0000E+00  0.0000E+00
     -1.632  0.2484E-03  0.4792E-05  0.3040E-01  0.4792E-05  0.0000E+00  0.0000E+00  0.0000E+00  0.0000E+00  0.0000E+00
     -1.622  0.2661E-03  0.4719E-05  0.3264E-01  0.4719E-05  0.0000E+00  0.0000E+00  0.0000E+00  0.0000E+00  0.0000E+00
     -1.612  0.2948E-03  0.4727E-05  0.3628E-01  0.4727E-05  0.0000E+00  0.0000E+00  0.0000E+00  0.0000E+00  0.0000E+00
     -1.602  0.3347E-03  0.4759E-05  0.4137E-01  0.4759E-05  0.0000E+00  0.0000E+00  0.0000E+00  0.0000E+00  0.0000E+00
     -1.592  0.3867E-03  0.4773E-05  0.4800E-01  0.4773E-05  0.0000E+00  0.0000E+00  0.0000E+00  0.0000E+00  0.0000E+00
     -1.582  0.4519E-03  0.4739E-05  0.5635E-01  0.4739E-05  0.0000E+00  0.0000E+00  0.0000E+00  0.0000E+00  0.0000E+00
     -1.572  0.5312E-03  0.4641E-05  0.6652E-01  0.4641E-05  0.0000E+00  0.0000E+00  0.0000E+00  0.0000E+00  0.0000E+00
     -1.562  0.6233E-03  0.4473E-05  0.7836E-01  0.4473E-05  0.0000E+00  0.0000E+00  0.0000E+00  0.0000E+00  0.0000E+00
     -1.552  0.7237E-03  0.4236E-05  0.9127E-01  0.4236E-05  0.0000E+00  0.0000E+00  0.0000E+00  0.0000E+00  0.0000E+00
     -1.541  0.8227E-03  0.3933E-05  0.1040E+00  0.3933E-05  0.0000E+00  0.0000E+00  0.0000E+00  0.0000E+00  0.0000E+00
     -1.531  0.9065E-03  0.3571E-05  0.1149E+00  0.3571E-05  0.0000E+00  0.0000E+00  0.0000E+00  0.0000E+00  0.0000E+00
     -1.521  0.9589E-03  0.3158E-05  0.1217E+00  0.3158E-05  0.0000E+00  0.0000E+00  0.0000E+00  0.0000E+00  0.0000E+00
     -1.511  0.9661E-03  0.2707E-05  0.1228E+00  0.2707E-05  0.0000E+00  0.0000E+00  0.0000E+00  0.0000E+00  0.0000E+00
     -1.501  0.9212E-03  0.2237E-05  0.1172E+00  0.2237E-05  0.0000E+00  0.0000E+00  0.0000E+00  0.0000E+00  0.0000E+00
     -1.491  0.8269E-03  0.1774E-05  0.1053E+00  0.1774E-05  0.0000E+00  0.0000E+00  0.0000E+00  0.0000E+00  0.0000E+00
     -1.481  0.6963E-03  0.1342E-05  0.8869E-01  0.1342E-05  0.0000E+00  0.0000E+00  0.0000E+00  0.0000E+00  0.0000E+00
     -1.471  0.5482E-03  0.9639E-06  0.6986E-01  0.9639E-06  0.0000E+00  0.0000E+00  0.0000E+00  0.0000E+00  0.0000E+00
     -1.461  0.4027E-03  0.6548E-06  0.5133E-01  0.6548E-06  0.0000E+00  0.0000E+00  0.0000E+00  0.0000E+00  0.0000E+00
     -1.451  0.2755E-03  0.4191E-06  0.3513E-01  0.4191E-06  0.0000E+00  0.0000E+00  0.0000E+00  0.0000E+00  0.0000E+00
     -1.441  0.1753E-03  0.2519E-06  0.2236E-01  0.2519E-06  0.0000E+00  0.0000E+00  0.0000E+00  0.0000E+00  0.0000E+00
     -1.431  0.1037E-03  0.1420E-06  0.1322E-01  0.1420E-06  0.0000E+00  0.0000E+00  0.0000E+00  0.0000E+00  0.0000E+00
     -1.421  0.5696E-04  0.7512E-07  0.7267E-02  0.7512E-07  0.0000E+00  0.0000E+00  0.0000E+00  0.0000E+00  0.0000E+00
     -1.411  0.2928E-04  0.3827E-07  0.3739E-02  0.3827E-07  0.0000E+00  0.0000E+00  0.0000E+00  0.0000E+00  0.0000E+00
     -1.401  0.1476E-04  0.2206E-07  0.1895E-02  0.2206E-07  0.0000E+00  0.0000E+00  0.0000E+00  0.0000E+00  0.0000E+00
     -1.391  0.9353E-05  0.2335E-07  0.1230E-02  0.2335E-07  0.0000E+00  0.0000E+00  0.0000E+00  0.0000E+00  0.0000E+00
     -1.381  0.1200E-04  0.4877E-07  0.1635E-02  0.4877E-07  0.0000E+00  0.0000E+00  0.0000E+00  0.0000E+00  0.0000E+00
     -1.371  0.2597E-04  0.1213E-06  0.3586E-02  0.1213E-06  0.0000E+00  0.0000E+00  0.0000E+00  0.0000E+00  0.0000E+00
     -1.361  0.6087E-04  0.2911E-06  0.8423E-02  0.2911E-06  0.0000E+00  0.0000E+00  0.0000E+00  0.0000E+00  0.0000E+00
     -1.351  0.1352E-03  0.6490E-06  0.1871E-01  0.6490E-06  0.0000E+00  0.0000E+00  0.0000E+00  0.0000E+00  0.0000E+00
     -1.341  0.2781E-03  0.1337E-05  0.3849E-01  0.1337E-05  0.0000E+00  0.0000E+00  0.0000E+00  0.0000E+00  0.0000E+00
     -1.331  0.5286E-03  0.2543E-05  0.7316E-01  0.2543E-05  0.0000E+00  0.0000E+00  0.0000E+00  0.0000E+00  0.0000E+00
     -1.321  0.9275E-03  0.4466E-05  0.1284E+00  0.4466E-05  0.0000E+00  0.0000E+00  0.0000E+00  0.0000E+00  0.0000E+00
     -1.311  0.1503E-02  0.7240E-05  0.2079E+00  0.7240E-05  0.0000E+00  0.0000E+00  0.0000E+00  0.0000E+00  0.0000E+00
     -1.301  0.2247E-02  0.1084E-04  0.3110E+00  0.1084E-04  0.0000E+00  0.0000E+00  0.0000E+00  0.0000E+00  0.0000E+00
     -1.291  0.3103E-02  0.1497E-04  0.4293E+00  0.1497E-04  0.0000E+00  0.0000E+00  0.0000E+00  0.0000E+00  0.0000E+00
     -1.281  0.3955E-02  0.1910E-04  0.5472E+00  0.1910E-04  0.0000E+00  0.0000E+00  0.0000E+00  0.0000E+00  0.0000E+00
     -1.271  0.4655E-02  0.2250E-04  0.6439E+00  0.2250E-04  0.0000E+00  0.0000E+00  0.0000E+00  0.0000E+00  0.0000E+00
     -1.261  0.5057E-02  0.2446E-04  0.6995E+00  0.2446E-04  0.0000E+00  0.0000E+00  0.0000E+00  0.0000E+00  0.0000E+00
     -1.251  0.5072E-02  0.2455E-04  0.7015E+00  0.2455E-04  0.0000E+00  0.0000E+00  0.0000E+00  0.0000E+00  0.0000E+00
     -1.240  0.4696E-02  0.2275E-04  0.6495E+00  0.2275E-04  0.0000E+00  0.0000E+00  0.0000E+00  0.0000E+00  0.0000E+00
     -1.230  0.4015E-02  0.1947E-04  0.5552E+00  0.1947E-04  0.0000E+00  0.0000E+00  0.0000E+00  0.0000E+00  0.0000E+00
     -1.220  0.3169E-02  0.1538E-04  0.4381E+00  0.1538E-04  0.0000E+00  0.0000E+00  0.0000E+00  0.0000E+00  0.0000E+00
     -1.210  0.2309E-02  0.1121E-04  0.3192E+00  0.1121E-04  0.0000E+00  0.0000E+00  0.0000E+00  0.0000E+00  0.0000E+00
     -1.200  0.1553E-02  0.7550E-05  0.2147E+00  0.7550E-05  0.0000E+00  0.0000E+00  0.0000E+00  0.0000E+00  0.0000E+00
     -1.190  0.9643E-03  0.4693E-05  0.1333E+00  0.4693E-05  0.0000E+00  0.0000E+00  0.0000E+00  0.0000E+00  0.0000E+00
     -1.180  0.5529E-03  0.2693E-05  0.7643E-01  0.2693E-05  0.0000E+00  0.0000E+00  0.0000E+00  0.0000E+00  0.0000E+00
     -1.170  0.2930E-03  0.1428E-05  0.4049E-01  0.1428E-05  0.0000E+00  0.0000E+00  0.0000E+00  0.0000E+00  0.0000E+00
     -1.160  0.1440E-03  0.7026E-06  0.1992E-01  0.7026E-06  0.0000E+00  0.0000E+00  0.0000E+00  0.0000E+00  0.0000E+00
     -1.150  0.6731E-04  0.3276E-06  0.9325E-02  0.3276E-06  0.0000E+00  0.0000E+00  0.0000E+00  0.0000E+00  0.0000E+00
     -1.140  0.3361E-04  0.1612E-06  0.4704E-02  0.1612E-06  0.0000E+00  0.0000E+00  0.0000E+00  0.0000E+00  0.0000E+00
     -1.130  0.2530E-04  0.1161E-06  0.3631E-02  0.1161E-06  0.0000E+00  0.0000E+00  0.0000E+00  0.0000E+00  0.0000E+00
     -1.120  0.3440E-04  0.1514E-06  0.5034E-02  0.1514E-06  0.0000E+00  0.0000E+00  0.0000E+00  0.0000E+00  0.0000E+00
     -1.110  0.5967E-04  0.2572E-06  0.8782E-02  0.2572E-06  0.0000E+00  0.0000E+00  0.0000E+00  0.0000E+00  0.0000E+00
     -1.100  0.1035E-03  0.4401E-06  0.1525E-01  0.4401E-06  0.0000E+00  0.0000E+00  0.0000E+00  0.0000E+00  0.0000E+00
     -1.090  0.1688E-03  0.7092E-06  0.2490E-01  0.7092E-06  0.0000E+00  0.0000E+00  0.0000E+00  0.0000E+00  0.0000E+00
     -1.080  0.2563E-03  0.1063E-05  0.3784E-01  0.1063E-05  0.0000E+00  0.0000E+00  0.0000E+00  0.0000E+00  0.0000E+00
     -1.070  0.3620E-03  0.1483E-05  0.5349E-01  0.1483E-05  0.0000E+00  0.0000E+00  0.0000E+00  0.0000E+00  0.0000E+00
     -1.060  0.4763E-03  0.1928E-05  0.7045E-01  0.1928E-05  0.0000E+00  0.0000E+00  0.0000E+00  0.0000E+00  0.0000E+00
     -1.050  0.5848E-03  0.2348E-05  0.8662E-01  0.2348E-05  0.0000E+00  0.0000E+00  0.0000E+00  0.0000E+00  0.0000E+00
     -1.040  0.6721E-03  0.2700E-05  0.9971E-01  0.2700E-05  0.0000E+00  0.0000E+00  0.0000E+00  0.0000E+00  0.0000E+00
     -1.030  0.7256E-03  0.2971E-05  0.1079E+00  0.2971E-05  0.0000E+00  0.0000E+00  0.0000E+00  0.0000E+00  0.0000E+00
     -1.020  0.7394E-03  0.3193E-05  0.1102E+00  0.3193E-05  0.0000E+00  0.0000E+00  0.0000E+00  0.0000E+00  0.0000E+00
     -1.010  0.7158E-03  0.3445E-05  0.1070E+00  0.3445E-05  0.0000E+00  0.0000E+00  0.0000E+00  0.0000E+00  0.0000E+00
     -1.000  0.6633E-03  0.3831E-05  0.9955E-01  0.3831E-05  0.0000E+00  0.0000E+00  0.0000E+00  0.0000E+00  0.0000E+00
     -0.990  0.5939E-03  0.4458E-05  0.8955E-01  0.4458E-05  0.0000E+00  0.0000E+00  0.0000E+00  0.0000E+00  0.0000E+00
     -0.980  0.5191E-03  0.5398E-05  0.7869E-01  0.5398E-05  0.0000E+00  0.0000E+00  0.0000E+00  0.0000E+00  0.0000E+00
     -0.970  0.4475E-03  0.6669E-05  0.6823E-01  0.6669E-05  0.0000E+00  0.0000E+00  0.0000E+00  0.0000E+00  0.0000E+00
     -0.960  0.3838E-03  0.8230E-05  0.5886E-01  0.8230E-05  0.0000E+00  0.0000E+00  0.0000E+00  0.0000E+00  0.0000E+00
     -0.950  0.3295E-03  0.9993E-05  0.5082E-01  0.9993E-05  0.0000E+00  0.0000E+00  0.0000E+00  0.0000E+00  0.0000E+00
     -0.939  0.2841E-03  0.1185E-04  0.4404E-01  0.1185E-04  0.0000E+00  0.0000E+00  0.0000E+00  0.0000E+00  0.0000E+00
     -0.929  0.2462E-03  0.1370E-04  0.3831E-01  0.1370E-04  0.0000E+00  0.0000E+00  0.0000E+00  0.0000E+00  0.0000E+00
     -0.919  0.2144E-03  0.1546E-04  0.3346E-01  0.1546E-04  0.0000E+00  0.0000E+00  0.0000E+00  0.0000E+00  0.0000E+00
     -0.909  0.1876E-03  0.1711E-04  0.2935E-01  0.1711E-04  0.0000E+00  0.0000E+00  0.0000E+00  0.0000E+00  0.0000E+00
     -0.899  0.1652E-03  0.1864E-04  0.2591E-01  0.1864E-04  0.0000E+00  0.0000E+00  0.0000E+00  0.0000E+00  0.0000E+00
     -0.889  0.1469E-03  0.2007E-04  0.2312E-01  0.2007E-04  0.0000E+00  0.0000E+00  0.0000E+00  0.0000E+00  0.0000E+00
     -0.879  0.1327E-03  0.2145E-04  0.2102E-01  0.2145E-04  0.0000E+00  0.0000E+00  0.0000E+00  0.0000E+00  0.0000E+00
     -0.869  0.1227E-03  0.2280E-04  0.1966E-01  0.2280E-04  0.0000E+00  0.0000E+00  0.0000E+00  0.0000E+00  0.0000E+00
     -0.859  0.1170E-03  0.2415E-04  0.1907E-01  0.2415E-04  0.0000E+00  0.0000E+00  0.0000E+00  0.0000E+00  0.0000E+00
     -0.849  0.1156E-03  0.2550E-04  0.1930E-01  0.2550E-04  0.0000E+00  0.0000E+00  0.0000E+00  0.0000E+00  0.0000E+00
     -0.839  0.1181E-03  0.2682E-04  0.2026E-01  0.2682E-04  0.0000E+00  0.0000E+00  0.0000E+00  0.0000E+00  0.0000E+00
     -0.829  0.1236E-03  0.2807E-04  0.2179E-01  0.2807E-04  0.0000E+00  0.0000E+00  0.0000E+00  0.0000E+00  0.0000E+00
     -0.819  0.1308E-03  0.2919E-04  0.2362E-01  0.2919E-04  0.0000E+00  0.0000E+00  0.0000E+00  0.0000E+00  0.0000E+00
     -0.809  0.1382E-03  0.3012E-04  0.2545E-01  0.3012E-04  0.0000E+00  0.0000E+00  0.0000E+00  0.0000E+00  0.0000E+00
     -0.799  0.1444E-03  0.3091E-04  0.2699E-01  0.3091E-04  0.0000E+00  0.0000E+00  0.0000E+00  0.0000E+00  0.0000E+00
     -0.789  0.1486E-03  0.3164E-04  0.2809E-01  0.3164E-04  0.0000E+00  0.0000E+00  0.0000E+00  0.0000E+00  0.0000E+00
     -0.779  0.1509E-03  0.3254E-04  0.2876E-01  0.3254E-04  0.0000E+00  0.0000E+00  0.0000E+00  0.0000E+00  0.0000E+00
     -0.769  0.1520E-03  0.3386E-04  0.2915E-01  0.3386E-04  0.0000E+00  0.0000E+00  0.0000E+00  0.0000E+00  0.0000E+00
     -0.759  0.1530E-03  0.3586E-04  0.2948E-01  0.3586E-04  0.0000E+00  0.0000E+00  0.0000E+00  0.0000E+00  0.0000E+00
     -0.749  0.1546E-03  0.3868E-04  0.2994E-01  0.3868E-04  0.0000E+00  0.0000E+00  0.0000E+00  0.0000E+00  0.0000E+00
     -0.739  0.1573E-03  0.4234E-04  0.3061E-01  0.4234E-04  0.0000E+00  0.0000E+00  0.0000E+00  0.0000E+00  0.0000E+00
     -0.729  0.1606E-03  0.4664E-04  0.3144E-01  0.4664E-04  0.0000E+00  0.0000E+00  0.0000E+00  0.0000E+00  0.0000E+00
     -0.719  0.1638E-03  0.5134E-04  0.3227E-01  0.5134E-04  0.0000E+00  0.0000E+00  0.0000E+00  0.0000E+00  0.0000E+00
     -0.709  0.1662E-03  0.5617E-04  0.3293E-01  0.5617E-04  0.0000E+00  0.0000E+00  0.0000E+00  0.0000E+00  0.0000E+00
     -0.699  0.1670E-03  0.6098E-04  0.3329E-01  0.6098E-04  0.0000E+00  0.0000E+00  0.0000E+00  0.0000E+00  0.0000E+00
     -0.689  0.1662E-03  0.6577E-04  0.3327E-01  0.6577E-04  0.0000E+00  0.0000E+00  0.0000E+00  0.0000E+00  0.0000E+00
     -0.679  0.1637E-03  0.7064E-04  0.3287E-01  0.7064E-04  0.0000E+00  0.0000E+00  0.0000E+00  0.0000E+00  0.0000E+00
     -0.669  0.1598E-03  0.7572E-04  0.3214E-01  0.7572E-04  0.0000E+00  0.0000E+00  0.0000E+00  0.0000E+00  0.0000E+00
     -0.659  0.1546E-03  0.8109E-04  0.3111E-01  0.8109E-04  0.0000E+00  0.0000E+00  0.0000E+00  0.0000E+00  0.0000E+00
     -0.649  0.1483E-03  0.8672E-04  0.2979E-01  0.8672E-04  0.0000E+00  0.0000E+00  0.0000E+00  0.0000E+00  0.0000E+00
     -0.638  0.1408E-03  0.9247E-04  0.2821E-01  0.9247E-04  0.0000E+00  0.0000E+00  0.0000E+00  0.0000E+00  0.0000E+00
     -0.628  0.1323E-03  0.9816E-04  0.2642E-01  0.9816E-04  0.0000E+00  0.0000E+00  0.0000E+00  0.0000E+00  0.0000E+00
     -0.618  0.1230E-03  0.1036E-03  0.2450E-01  0.1036E-03  0.0000E+00  0.0000E+00  0.0000E+00  0.0000E+00  0.0000E+00
     -0.608  0.1136E-03  0.1088E-03  0.2259E-01  0.1088E-03  0.0000E+00  0.0000E+00  0.0000E+00  0.0000E+00  0.0000E+00
     -0.598  0.1047E-03  0.1139E-03  0.2085E-01  0.1139E-03  0.0000E+00  0.0000E+00  0.0000E+00  0.0000E+00  0.0000E+00
     -0.588  0.9698E-04  0.1192E-03  0.1944E-01  0.1192E-03  0.0000E+00  0.0000E+00  0.0000E+00  0.0000E+00  0.0000E+00
     -0.578  0.9092E-04  0.1251E-03  0.1847E-01  0.1251E-03  0.0000E+00  0.0000E+00  0.0000E+00  0.0000E+00  0.0000E+00
     -0.568  0.8670E-04  0.1320E-03  0.1800E-01  0.1320E-03  0.0000E+00  0.0000E+00  0.0000E+00  0.0000E+00  0.0000E+00
     -0.558  0.8408E-04  0.1397E-03  0.1794E-01  0.1397E-03  0.0000E+00  0.0000E+00  0.0000E+00  0.0000E+00  0.0000E+00
     -0.548  0.8249E-04  0.1479E-03  0.1816E-01  0.1479E-03  0.0000E+00  0.0000E+00  0.0000E+00  0.0000E+00  0.0000E+00
     -0.538  0.8125E-04  0.1558E-03  0.1844E-01  0.1558E-03  0.0000E+00  0.0000E+00  0.0000E+00  0.0000E+00  0.0000E+00
     -0.528  0.7976E-04  0.1626E-03  0.1862E-01  0.1626E-03  0.0000E+00  0.0000E+00  0.0000E+00  0.0000E+00  0.0000E+00
     -0.518  0.7779E-04  0.1672E-03  0.1858E-01  0.1672E-03  0.0000E+00  0.0000E+00  0.0000E+00  0.0000E+00  0.0000E+00
     -0.508  0.7553E-04  0.1694E-03  0.1835E-01  0.1694E-03  0.0000E+00  0.0000E+00  0.0000E+00  0.0000E+00  0.0000E+00
     -0.498  0.7350E-04  0.1696E-03  0.1805E-01  0.1696E-03  0.0000E+00  0.0000E+00  0.0000E+00  0.0000E+00  0.0000E+00
     -0.488  0.7233E-04  0.1686E-03  0.1783E-01  0.1686E-03  0.0000E+00  0.0000E+00  0.0000E+00  0.0000E+00  0.0000E+00
     -0.478  0.7238E-04  0.1676E-03  0.1784E-01  0.1676E-03  0.0000E+00  0.0000E+00  0.0000E+00  0.0000E+00  0.0000E+00
     -0.468  0.7360E-04  0.1678E-03  0.1812E-01  0.1678E-03  0.0000E+00  0.0000E+00  0.0000E+00  0.0000E+00  0.0000E+00
     -0.458  0.7549E-04  0.1695E-03  0.1859E-01  0.1695E-03  0.0000E+00  0.0000E+00  0.0000E+00  0.0000E+00  0.0000E+00
     -0.448  0.7730E-04  0.1727E-03  0.1912E-01  0.1727E-03  0.0000E+00  0.0000E+00  0.0000E+00  0.0000E+00  0.0000E+00
     -0.438  0.7833E-04  0.1763E-03  0.1956E-01  0.1763E-03  0.0000E+00  0.0000E+00  0.0000E+00  0.0000E+00  0.0000E+00
     -0.428  0.7818E-04  0.1796E-03  0.1981E-01  0.1796E-03  0.0000E+00  0.0000E+00  0.0000E+00  0.0000E+00  0.0000E+00
     -0.418  0.7690E-04  0.1817E-03  0.1986E-01  0.1817E-03  0.0000E+00  0.0000E+00  0.0000E+00  0.0000E+00  0.0000E+00
     -0.408  0.7489E-04  0.1826E-03  0.1976E-01  0.1826E-03  0.0000E+00  0.0000E+00  0.0000E+00  0.0000E+00  0.0000E+00
     -0.398  0.7276E-04  0.1826E-03  0.1960E-01  0.1826E-03  0.0000E+00  0.0000E+00  0.0000E+00  0.0000E+00  0.0000E+00
     -0.388  0.7112E-04  0.1822E-03  0.1950E-01  0.1822E-03  0.0000E+00  0.0000E+00  0.0000E+00  0.0000E+00  0.0000E+00
     -0.378  0.7042E-04  0.1819E-03  0.1952E-01  0.1819E-03  0.0000E+00  0.0000E+00  0.0000E+00  0.0000E+00  0.0000E+00
     -0.368  0.7088E-04  0.1824E-03  0.1968E-01  0.1824E-03  0.0000E+00  0.0000E+00  0.0000E+00  0.0000E+00  0.0000E+00
     -0.358  0.7249E-04  0.1837E-03  0.1996E-01  0.1837E-03  0.0000E+00  0.0000E+00  0.0000E+00  0.0000E+00  0.0000E+00
     -0.348  0.7500E-04  0.1862E-03  0.2029E-01  0.1862E-03  0.0000E+00  0.0000E+00  0.0000E+00  0.0000E+00  0.0000E+00
     -0.337  0.7800E-04  0.1902E-03  0.2056E-01  0.1902E-03  0.0000E+00  0.0000E+00  0.0000E+00  0.0000E+00  0.0000E+00
     -0.327  0.8100E-04  0.1956E-03  0.2064E-01  0.1956E-03  0.0000E+00  0.0000E+00  0.0000E+00  0.0000E+00  0.0000E+00
     -0.317  0.8349E-04  0.2027E-03  0.2042E-01  0.2027E-03  0.0000E+00  0.0000E+00  0.0000E+00  0.0000E+00  0.0000E+00
     -0.307  0.8498E-04  0.2110E-03  0.1982E-01  0.2110E-03  0.0000E+00  0.0000E+00  0.0000E+00  0.0000E+00  0.0000E+00
     -0.297  0.8513E-04  0.2200E-03  0.1882E-01  0.2200E-03  0.0000E+00  0.0000E+00  0.0000E+00  0.0000E+00  0.0000E+00
     -0.287  0.8379E-04  0.2289E-03  0.1747E-01  0.2289E-03  0.0000E+00  0.0000E+00  0.0000E+00  0.0000E+00  0.0000E+00
     -0.277  0.8104E-04  0.2368E-03  0.1590E-01  0.2368E-03  0.0000E+00  0.0000E+00  0.0000E+00  0.0000E+00  0.0000E+00
     -0.267  0.7721E-04  0.2431E-03  0.1428E-01  0.2431E-03  0.0000E+00  0.0000E+00  0.0000E+00  0.0000E+00  0.0000E+00
     -0.257  0.7281E-04  0.2476E-03  0.1282E-01  0.2476E-03  0.0000E+00  0.0000E+00  0.0000E+00  0.0000E+00  0.0000E+00
     -0.247  0.6845E-04  0.2505E-03  0.1166E-01  0.2505E-03  0.0000E+00  0.0000E+00  0.0000E+00  0.0000E+00  0.0000E+00
     -0.237  0.6468E-04  0.2527E-03  0.1091E-01  0.2527E-03  0.0000E+00  0.0000E+00  0.0000E+00  0.0000E+00  0.0000E+00
     -0.227  0.6196E-04  0.2552E-03  0.1058E-01  0.2552E-03  0.0000E+00  0.0000E+00  0.0000E+00  0.0000E+00  0.0000E+00
     -0.217  0.6055E-04  0.2591E-03  0.1063E-01  0.2591E-03  0.0000E+00  0.0000E+00  0.0000E+00  0.0000E+00  0.0000E+00
     -0.207  0.6059E-04  0.2655E-03  0.1095E-01  0.2655E-03  0.0000E+00  0.0000E+00  0.0000E+00  0.0000E+00  0.0000E+00
     -0.197  0.6208E-04  0.2754E-03  0.1144E-01  0.2754E-03  0.0000E+00  0.0000E+00  0.0000E+00  0.0000E+00  0.0000E+00
     -0.187  0.6494E-04  0.2894E-03  0.1201E-01  0.2894E-03  0.0000E+00  0.0000E+00  0.0000E+00  0.0000E+00  0.0000E+00
     -0.177  0.6901E-04  0.3078E-03  0.1261E-01  0.3078E-03  0.0000E+00  0.0000E+00  0.0000E+00  0.0000E+00  0.0000E+00
     -0.167  0.7400E-04  0.3305E-03  0.1323E-01  0.3305E-03  0.0000E+00  0.0000E+00  0.0000E+00  0.0000E+00  0.0000E+00
     -0.157  0.7956E-04  0.3574E-03  0.1384E-01  0.3574E-03  0.0000E+00  0.0000E+00  0.0000E+00  0.0000E+00  0.0000E+00
     -0.147  0.8527E-04  0.3875E-03  0.1441E-01  0.3875E-03  0.0000E+00  0.0000E+00  0.0000E+00  0.0000E+00  0.0000E+00
     -0.137  0.9078E-04  0.4199E-03  0.1489E-01  0.4199E-03  0.0000E+00  0.0000E+00  0.0000E+00  0.0000E+00  0.0000E+00
     -0.127  0.9585E-04  0.4534E-03  0.1520E-01  0.4534E-03  0.0000E+00  0.0000E+00  0.0000E+00  0.0000E+00  0.0000E+00
     -0.117  0.1004E-03  0.4868E-03  0.1526E-01  0.4868E-03  0.0000E+00  0.0000E+00  0.0000E+00  0.0000E+00  0.0000E+00
     -0.107  0.1047E-03  0.5196E-03  0.1507E-01  0.5196E-03  0.0000E+00  0.0000E+00  0.0000E+00  0.0000E+00  0.0000E+00
     -0.097  0.1091E-03  0.5517E-03  0.1464E-01  0.5517E-03  0.0000E+00  0.0000E+00  0.0000E+00  0.0000E+00  0.0000E+00
     -0.087  0.1137E-03  0.5835E-03  0.1405E-01  0.5835E-03  0.0000E+00  0.0000E+00  0.0000E+00  0.0000E+00  0.0000E+00
     -0.077  0.1188E-03  0.6151E-03  0.1340E-01  0.6151E-03  0.0000E+00  0.0000E+00  0.0000E+00  0.0000E+00  0.0000E+00
     -0.067  0.1245E-03  0.6460E-03  0.1278E-01  0.6460E-03  0.0000E+00  0.0000E+00  0.0000E+00  0.0000E+00  0.0000E+00
     -0.057  0.1306E-03  0.6752E-03  0.1222E-01  0.6752E-03  0.0000E+00  0.0000E+00  0.0000E+00  0.0000E+00  0.0000E+00
     -0.047  0.1367E-03  0.7015E-03  0.1173E-01  0.7015E-03  0.0000E+00  0.0000E+00  0.0000E+00  0.0000E+00  0.0000E+00
     -0.036  0.1427E-03  0.7239E-03  0.1127E-01  0.7239E-03  0.0000E+00  0.0000E+00  0.0000E+00  0.0000E+00  0.0000E+00
     -0.026  0.1486E-03  0.7426E-03  0.1082E-01  0.7426E-03  0.0000E+00  0.0000E+00  0.0000E+00  0.0000E+00  0.0000E+00
     -0.016  0.1545E-03  0.7586E-03  0.1035E-01  0.7586E-03  0.0000E+00  0.0000E+00  0.0000E+00  0.0000E+00  0.0000E+00
     -0.006  0.1611E-03  0.7734E-03  0.9865E-02  0.7734E-03  0.0000E+00  0.0000E+00  0.0000E+00  0.0000E+00  0.0000E+00
      0.004  0.1693E-03  0.7887E-03  0.9383E-02  0.7887E-03  0.0000E+00  0.0000E+00  0.0000E+00  0.0000E+00  0.0000E+00
      0.014  0.1798E-03  0.8060E-03  0.8925E-02  0.8060E-03  0.0000E+00  0.0000E+00  0.0000E+00  0.0000E+00  0.0000E+00
      0.024  0.1933E-03  0.8268E-03  0.8510E-02  0.8268E-03  0.0000E+00  0.0000E+00  0.0000E+00  0.0000E+00  0.0000E+00
      0.034  0.2100E-03  0.8525E-03  0.8152E-02  0.8525E-03  0.0000E+00  0.0000E+00  0.0000E+00  0.0000E+00  0.0000E+00
      0.044  0.2297E-03  0.8849E-03  0.7862E-02  0.8849E-03  0.0000E+00  0.0000E+00  0.0000E+00  0.0000E+00  0.0000E+00
      0.054  0.2516E-03  0.9261E-03  0.7650E-02  0.9261E-03  0.0000E+00  0.0000E+00  0.0000E+00  0.0000E+00  0.0000E+00
      0.064  0.2747E-03  0.9779E-03  0.7527E-02  0.9779E-03  0.0000E+00  0.0000E+00  0.0000E+00  0.0000E+00  0.0000E+00
      0.074  0.2980E-03  0.1042E-02  0.7501E-02  0.1042E-02  0.0000E+00  0.0000E+00  0.0000E+00  0.0000E+00  0.0000E+00
      0.084  0.3208E-03  0.1120E-02  0.7577E-02  0.1120E-02  0.0000E+00  0.0000E+00  0.0000E+00  0.0000E+00  0.0000E+00
      0.094  0.3425E-03  0.1213E-02  0.7757E-02  0.1213E-02  0.0000E+00  0.0000E+00  0.0000E+00  0.0000E+00  0.0000E+00
      0.104  0.3629E-03  0.1320E-02  0.8036E-02  0.1320E-02  0.0000E+00  0.0000E+00  0.0000E+00  0.0000E+00  0.0000E+00
      0.114  0.3824E-03  0.1442E-02  0.8399E-02  0.1442E-02  0.0000E+00  0.0000E+00  0.0000E+00  0.0000E+00  0.0000E+00
      0.124  0.4022E-03  0.1575E-02  0.8824E-02  0.1575E-02  0.0000E+00  0.0000E+00  0.0000E+00  0.0000E+00  0.0000E+00
      0.134  0.4239E-03  0.1714E-02  0.9284E-02  0.1714E-02  0.0000E+00  0.0000E+00  0.0000E+00  0.0000E+00  0.0000E+00
      0.144  0.4506E-03  0.1850E-02  0.9746E-02  0.1850E-02  0.0000E+00  0.0000E+00  0.0000E+00  0.0000E+00  0.0000E+00
      0.154  0.4865E-03  0.1969E-02  0.1017E-01  0.1969E-02  0.0000E+00  0.0000E+00  0.0000E+00  0.0000E+00  0.0000E+00
      0.164  0.5367E-03  0.2060E-02  0.1054E-01  0.2060E-02  0.0000E+00  0.0000E+00  0.0000E+00  0.0000E+00  0.0000E+00
      0.174  0.6071E-03  0.2114E-02  0.1080E-01  0.2114E-02  0.0000E+00  0.0000E+00  0.0000E+00  0.0000E+00  0.0000E+00
      0.184  0.7027E-03  0.2131E-02  0.1092E-01  0.2131E-02  0.0000E+00  0.0000E+00  0.0000E+00  0.0000E+00  0.0000E+00
      0.194  0.8267E-03  0.2122E-02  0.1088E-01  0.2122E-02  0.0000E+00  0.0000E+00  0.0000E+00  0.0000E+00  0.0000E+00
      0.204  0.9791E-03  0.2102E-02  0.1065E-01  0.2102E-02  0.0000E+00  0.0000E+00  0.0000E+00  0.0000E+00  0.0000E+00
      0.214  0.1157E-02  0.2087E-02  0.1023E-01  0.2087E-02  0.0000E+00  0.0000E+00  0.0000E+00  0.0000E+00  0.0000E+00
      0.224  0.1356E-02  0.2080E-02  0.9636E-02  0.2080E-02  0.0000E+00  0.0000E+00  0.0000E+00  0.0000E+00  0.0000E+00
      0.234  0.1571E-02  0.2074E-02  0.8931E-02  0.2074E-02  0.0000E+00  0.0000E+00  0.0000E+00  0.0000E+00  0.0000E+00
      0.244  0.1799E-02  0.2047E-02  0.8209E-02  0.2047E-02  0.0000E+00  0.0000E+00  0.0000E+00  0.0000E+00  0.0000E+00
      0.254  0.2041E-02  0.1979E-02  0.7585E-02  0.1979E-02  0.0000E+00  0.0000E+00  0.0000E+00  0.0000E+00  0.0000E+00
      0.265  0.2293E-02  0.1856E-02  0.7171E-02  0.1856E-02  0.0000E+00  0.0000E+00  0.0000E+00  0.0000E+00  0.0000E+00
      0.275  0.2552E-02  0.1678E-02  0.7059E-02  0.1678E-02  0.0000E+00  0.0000E+00  0.0000E+00  0.0000E+00  0.0000E+00
      0.285  0.2808E-02  0.1463E-02  0.7301E-02  0.1463E-02  0.0000E+00  0.0000E+00  0.0000E+00  0.0000E+00  0.0000E+00
      0.295  0.3045E-02  0.1234E-02  0.7914E-02  0.1234E-02  0.0000E+00  0.0000E+00  0.0000E+00  0.0000E+00  0.0000E+00
      0.305  0.3250E-02  0.1021E-02  0.8878E-02  0.1021E-02  0.0000E+00  0.0000E+00  0.0000E+00  0.0000E+00  0.0000E+00
      0.315  0.3409E-02  0.8430E-03  0.1015E-01  0.8430E-03  0.0000E+00  0.0000E+00  0.0000E+00  0.0000E+00  0.0000E+00
      0.325  0.3515E-02  0.7122E-03  0.1166E-01  0.7122E-03  0.0000E+00  0.0000E+00  0.0000E+00  0.0000E+00  0.0000E+00
      0.335  0.3570E-02  0.6306E-03  0.1328E-01  0.6306E-03  0.0000E+00  0.0000E+00  0.0000E+00  0.0000E+00  0.0000E+00
      0.345  0.3578E-02  0.5931E-03  0.1487E-01  0.5931E-03  0.0000E+00  0.0000E+00  0.0000E+00  0.0000E+00  0.0000E+00
      0.355  0.3550E-02  0.5915E-03  0.1623E-01  0.5915E-03  0.0000E+00  0.0000E+00  0.0000E+00  0.0000E+00  0.0000E+00
      0.365  0.3496E-02  0.6164E-03  0.1721E-01  0.6164E-03  0.0000E+00  0.0000E+00  0.0000E+00  0.0000E+00  0.0000E+00
      0.375  0.3427E-02  0.6594E-03  0.1769E-01  0.6594E-03  0.0000E+00  0.0000E+00  0.0000E+00  0.0000E+00  0.0000E+00
      0.385  0.3357E-02  0.7135E-03  0.1768E-01  0.7135E-03  0.0000E+00  0.0000E+00  0.0000E+00  0.0000E+00  0.0000E+00
      0.395  0.3295E-02  0.7727E-03  0.1728E-01  0.7727E-03  0.0000E+00  0.0000E+00  0.0000E+00  0.0000E+00  0.0000E+00
      0.405  0.3252E-02  0.8317E-03  0.1666E-01  0.8317E-03  0.0000E+00  0.0000E+00  0.0000E+00  0.0000E+00  0.0000E+00
      0.415  0.3234E-02  0.8860E-03  0.1597E-01  0.8860E-03  0.0000E+00  0.0000E+00  0.0000E+00  0.0000E+00  0.0000E+00
      0.425  0.3249E-02  0.9315E-03  0.1535E-01  0.9315E-03  0.0000E+00  0.0000E+00  0.0000E+00  0.0000E+00  0.0000E+00
      0.435  0.3300E-02  0.9648E-03  0.1483E-01  0.9648E-03  0.0000E+00  0.0000E+00  0.0000E+00  0.0000E+00  0.0000E+00
      0.445  0.3395E-02  0.9842E-03  0.1441E-01  0.9842E-03  0.0000E+00  0.0000E+00  0.0000E+00  0.0000E+00  0.0000E+00
      0.455  0.3542E-02  0.9897E-03  0.1406E-01  0.9897E-03  0.0000E+00  0.0000E+00  0.0000E+00  0.0000E+00  0.0000E+00
      0.465  0.3752E-02  0.9836E-03  0.1377E-01  0.9836E-03  0.0000E+00  0.0000E+00  0.0000E+00  0.0000E+00  0.0000E+00
      0.475  0.4034E-02  0.9700E-03  0.1354E-01  0.9700E-03  0.0000E+00  0.0000E+00  0.0000E+00  0.0000E+00  0.0000E+00
      0.485  0.4390E-02  0.9533E-03  0.1337E-01  0.9533E-03  0.0000E+00  0.0000E+00  0.0000E+00  0.0000E+00  0.0000E+00
      0.495  0.4815E-02  0.9374E-03  0.1327E-01  0.9374E-03  0.0000E+00  0.0000E+00  0.0000E+00  0.0000E+00  0.0000E+00
      0.505  0.5298E-02  0.9246E-03  0.1322E-01  0.9246E-03  0.0000E+00  0.0000E+00  0.0000E+00  0.0000E+00  0.0000E+00
      0.515  0.5821E-02  0.9157E-03  0.1316E-01  0.9157E-03  0.0000E+00  0.0000E+00  0.0000E+00  0.0000E+00  0.0000E+00
      0.525  0.6367E-02  0.9108E-03  0.1307E-01  0.9108E-03  0.0000E+00  0.0000E+00  0.0000E+00  0.0000E+00  0.0000E+00
      0.535  0.6915E-02  0.9098E-03  0.1288E-01  0.9098E-03  0.0000E+00  0.0000E+00  0.0000E+00  0.0000E+00  0.0000E+00
      0.545  0.7445E-02  0.9129E-03  0.1258E-01  0.9129E-03  0.0000E+00  0.0000E+00  0.0000E+00  0.0000E+00  0.0000E+00
      0.555  0.7931E-02  0.9204E-03  0.1213E-01  0.9204E-03  0.0000E+00  0.0000E+00  0.0000E+00  0.0000E+00  0.0000E+00
      0.566  0.8340E-02  0.9317E-03  0.1157E-01  0.9317E-03  0.0000E+00  0.0000E+00  0.0000E+00  0.0000E+00  0.0000E+00
      0.576  0.8635E-02  0.9447E-03  0.1091E-01  0.9447E-03  0.0000E+00  0.0000E+00  0.0000E+00  0.0000E+00  0.0000E+00
      0.586  0.8785E-02  0.9559E-03  0.1022E-01  0.9559E-03  0.0000E+00  0.0000E+00  0.0000E+00  0.0000E+00  0.0000E+00
      0.596  0.8770E-02  0.9611E-03  0.9591E-02  0.9611E-03  0.0000E+00  0.0000E+00  0.0000E+00  0.0000E+00  0.0000E+00
      0.606  0.8596E-02  0.9564E-03  0.9090E-02  0.9564E-03  0.0000E+00  0.0000E+00  0.0000E+00  0.0000E+00  0.0000E+00
      0.616  0.8295E-02  0.9399E-03  0.8788E-02  0.9399E-03  0.0000E+00  0.0000E+00  0.0000E+00  0.0000E+00  0.0000E+00
      0.626  0.7916E-02  0.9121E-03  0.8722E-02  0.9121E-03  0.0000E+00  0.0000E+00  0.0000E+00  0.0000E+00  0.0000E+00
      0.636  0.7522E-02  0.8758E-03  0.8898E-02  0.8758E-03  0.0000E+00  0.0000E+00  0.0000E+00  0.0000E+00  0.0000E+00
      0.646  0.7167E-02  0.8353E-03  0.9292E-02  0.8353E-03  0.0000E+00  0.0000E+00  0.0000E+00  0.0000E+00  0.0000E+00
      0.656  0.6890E-02  0.7957E-03  0.9862E-02  0.7957E-03  0.0000E+00  0.0000E+00  0.0000E+00  0.0000E+00  0.0000E+00
      0.666  0.6712E-02  0.7614E-03  0.1056E-01  0.7614E-03  0.0000E+00  0.0000E+00  0.0000E+00  0.0000E+00  0.0000E+00
      0.676  0.6637E-02  0.7358E-03  0.1133E-01  0.7358E-03  0.0000E+00  0.0000E+00  0.0000E+00  0.0000E+00  0.0000E+00
      0.686  0.6666E-02  0.7202E-03  0.1212E-01  0.7202E-03  0.0000E+00  0.0000E+00  0.0000E+00  0.0000E+00  0.0000E+00
      0.696  0.6802E-02  0.7148E-03  0.1287E-01  0.7148E-03  0.0000E+00  0.0000E+00  0.0000E+00  0.0000E+00  0.0000E+00
      0.706  0.7052E-02  0.7179E-03  0.1357E-01  0.7179E-03  0.0000E+00  0.0000E+00  0.0000E+00  0.0000E+00  0.0000E+00
      0.716  0.7431E-02  0.7271E-03  0.1418E-01  0.7271E-03  0.0000E+00  0.0000E+00  0.0000E+00  0.0000E+00  0.0000E+00
      0.726  0.7952E-02  0.7399E-03  0.1471E-01  0.7399E-03  0.0000E+00  0.0000E+00  0.0000E+00  0.0000E+00  0.0000E+00
      0.736  0.8624E-02  0.7540E-03  0.1518E-01  0.7540E-03  0.0000E+00  0.0000E+00  0.0000E+00  0.0000E+00  0.0000E+00
      0.746  0.9442E-02  0.7680E-03  0.1563E-01  0.7680E-03  0.0000E+00  0.0000E+00  0.0000E+00  0.0000E+00  0.0000E+00
      0.756  0.1039E-01  0.7815E-03  0.1608E-01  0.7815E-03  0.0000E+00  0.0000E+00  0.0000E+00  0.0000E+00  0.0000E+00
      0.766  0.1145E-01  0.7945E-03  0.1652E-01  0.7945E-03  0.0000E+00  0.0000E+00  0.0000E+00  0.0000E+00  0.0000E+00
      0.776  0.1260E-01  0.8070E-03  0.1693E-01  0.8070E-03  0.0000E+00  0.0000E+00  0.0000E+00  0.0000E+00  0.0000E+00
      0.786  0.1381E-01  0.8182E-03  0.1726E-01  0.8182E-03  0.0000E+00  0.0000E+00  0.0000E+00  0.0000E+00  0.0000E+00
      0.796  0.1509E-01  0.8271E-03  0.1748E-01  0.8271E-03  0.0000E+00  0.0000E+00  0.0000E+00  0.0000E+00  0.0000E+00
      0.806  0.1652E-01  0.8320E-03  0.1756E-01  0.8320E-03  0.0000E+00  0.0000E+00  0.0000E+00  0.0000E+00  0.0000E+00
      0.816  0.1817E-01  0.8319E-03  0.1753E-01  0.8319E-03  0.0000E+00  0.0000E+00  0.0000E+00  0.0000E+00  0.0000E+00
      0.826  0.2019E-01  0.8271E-03  0.1745E-01  0.8271E-03  0.0000E+00  0.0000E+00  0.0000E+00  0.0000E+00  0.0000E+00
      0.836  0.2272E-01  0.8187E-03  0.1740E-01  0.8187E-03  0.0000E+00  0.0000E+00  0.0000E+00  0.0000E+00  0.0000E+00
      0.846  0.2590E-01  0.8094E-03  0.1747E-01  0.8094E-03  0.0000E+00  0.0000E+00  0.0000E+00  0.0000E+00  0.0000E+00
      0.856  0.2986E-01  0.8018E-03  0.1771E-01  0.8018E-03  0.0000E+00  0.0000E+00  0.0000E+00  0.0000E+00  0.0000E+00
      0.867  0.3475E-01  0.7984E-03  0.1816E-01  0.7984E-03  0.0000E+00  0.0000E+00  0.0000E+00  0.0000E+00  0.0000E+00
      0.877  0.4093E-01  0.8007E-03  0.1884E-01  0.8007E-03  0.0000E+00  0.0000E+00  0.0000E+00  0.0000E+00  0.0000E+00
      0.887  0.4914E-01  0.8090E-03  0.1978E-01  0.8090E-03  0.0000E+00  0.0000E+00  0.0000E+00  0.0000E+00  0.0000E+00
      0.897  0.6091E-01  0.8223E-03  0.2108E-01  0.8223E-03  0.0000E+00  0.0000E+00  0.0000E+00  0.0000E+00  0.0000E+00
      0.907  0.7912E-01  0.8394E-03  0.2293E-01  0.8394E-03  0.0000E+00  0.0000E+00  0.0000E+00  0.0000E+00  0.0000E+00
      0.917  0.1088E+00  0.8587E-03  0.2567E-01  0.8587E-03  0.0000E+00  0.0000E+00  0.0000E+00  0.0000E+00  0.0000E+00
      0.927  0.1580E+00  0.8790E-03  0.2981E-01  0.8790E-03  0.0000E+00  0.0000E+00  0.0000E+00  0.0000E+00  0.0000E+00
      0.937  0.2386E+00  0.8991E-03  0.3606E-01  0.8991E-03  0.0000E+00  0.0000E+00  0.0000E+00  0.0000E+00  0.0000E+00
      0.947  0.3652E+00  0.9181E-03  0.4532E-01  0.9181E-03  0.0000E+00  0.0000E+00  0.0000E+00  0.0000E+00  0.0000E+00
      0.957  0.5534E+00  0.9352E-03  0.5847E-01  0.9352E-03  0.0000E+00  0.0000E+00  0.0000E+00  0.0000E+00  0.0000E+00
      0.967  0.8139E+00  0.9498E-03  0.7612E-01  0.9498E-03  0.0000E+00  0.0000E+00  0.0000E+00  0.0000E+00  0.0000E+00
      0.977  0.1145E+01  0.9617E-03  0.9805E-01  0.9617E-03  0.0000E+00  0.0000E+00  0.0000E+00  0.0000E+00  0.0000E+00
      0.987  0.1526E+01  0.9710E-03  0.1228E+00  0.9710E-03  0.0000E+00  0.0000E+00  0.0000E+00  0.0000E+00  0.0000E+00
      0.997  0.1914E+01  0.9779E-03  0.1476E+00  0.9779E-03  0.0000E+00  0.0000E+00  0.0000E+00  0.0000E+00  0.0000E+00
      1.007  0.2249E+01  0.9825E-03  0.1686E+00  0.9825E-03  0.0000E+00  0.0000E+00  0.0000E+00  0.0000E+00  0.0000E+00
      1.017  0.2472E+01  0.9846E-03  0.1816E+00  0.9846E-03  0.0000E+00  0.0000E+00  0.0000E+00  0.0000E+00  0.0000E+00
      1.027  0.2535E+01  0.9841E-03  0.1838E+00  0.9841E-03  0.0000E+00  0.0000E+00  0.0000E+00  0.0000E+00  0.0000E+00
      1.037  0.2424E+01  0.9812E-03  0.1744E+00  0.9812E-03  0.0000E+00  0.0000E+00  0.0000E+00  0.0000E+00  0.0000E+00
      1.047  0.2163E+01  0.9768E-03  0.1552E+00  0.9768E-03  0.0000E+00  0.0000E+00  0.0000E+00  0.0000E+00  0.0000E+00
      1.057  0.1801E+01  0.9728E-03  0.1296E+00  0.9728E-03  0.0000E+00  0.0000E+00  0.0000E+00  0.0000E+00  0.0000E+00
      1.067  0.1403E+01  0.9710E-03  0.1022E+00  0.9710E-03  0.0000E+00  0.0000E+00  0.0000E+00  0.0000E+00  0.0000E+00
      1.077  0.1026E+01  0.9731E-03  0.7673E-01  0.9731E-03  0.0000E+00  0.0000E+00  0.0000E+00  0.0000E+00  0.0000E+00
      1.087  0.7081E+00  0.9797E-03  0.5576E-01  0.9797E-03  0.0000E+00  0.0000E+00  0.0000E+00  0.0000E+00  0.0000E+00
      1.097  0.4656E+00  0.9903E-03  0.4022E-01  0.9903E-03  0.0000E+00  0.0000E+00  0.0000E+00  0.0000E+00  0.0000E+00
      1.107  0.2960E+00  0.1004E-02  0.2979E-01  0.1004E-02  0.0000E+00  0.0000E+00  0.0000E+00  0.0000E+00  0.0000E+00
      1.117  0.1858E+00  0.1018E-02  0.2340E-01  0.1018E-02  0.0000E+00  0.0000E+00  0.0000E+00  0.0000E+00  0.0000E+00
      1.127  0.1184E+00  0.1033E-02  0.1982E-01  0.1033E-02  0.0000E+00  0.0000E+00  0.0000E+00  0.0000E+00  0.0000E+00
      1.137  0.7891E-01  0.1048E-02  0.1796E-01  0.1048E-02  0.0000E+00  0.0000E+00  0.0000E+00  0.0000E+00  0.0000E+00
      1.147  0.5600E-01  0.1062E-02  0.1701E-01  0.1062E-02  0.0000E+00  0.0000E+00  0.0000E+00  0.0000E+00  0.0000E+00
      1.157  0.4241E-01  0.1076E-02  0.1646E-01  0.1076E-02  0.0000E+00  0.0000E+00  0.0000E+00  0.0000E+00  0.0000E+00
      1.168  0.3384E-01  0.1091E-02  0.1605E-01  0.1091E-02  0.0000E+00  0.0000E+00  0.0000E+00  0.0000E+00  0.0000E+00
      1.178  0.2798E-01  0.1105E-02  0.1563E-01  0.1105E-02  0.0000E+00  0.0000E+00  0.0000E+00  0.0000E+00  0.0000E+00
      1.188  0.2366E-01  0.1119E-02  0.1520E-01  0.1119E-02  0.0000E+00  0.0000E+00  0.0000E+00  0.0000E+00  0.0000E+00
      1.198  0.2028E-01  0.1133E-02  0.1476E-01  0.1133E-02  0.0000E+00  0.0000E+00  0.0000E+00  0.0000E+00  0.0000E+00
      1.208  0.1758E-01  0.1144E-02  0.1436E-01  0.1144E-02  0.0000E+00  0.0000E+00  0.0000E+00  0.0000E+00  0.0000E+00
      1.218  0.1538E-01  0.1152E-02  0.1401E-01  0.1152E-02  0.0000E+00  0.0000E+00  0.0000E+00  0.0000E+00  0.0000E+00
      1.228  0.1359E-01  0.1159E-02  0.1372E-01  0.1159E-02  0.0000E+00  0.0000E+00  0.0000E+00  0.0000E+00  0.0000E+00
      1.238  0.1215E-01  0.1163E-02  0.1351E-01  0.1163E-02  0.0000E+00  0.0000E+00  0.0000E+00  0.0000E+00  0.0000E+00
      1.248  0.1101E-01  0.1166E-02  0.1339E-01  0.1166E-02  0.0000E+00  0.0000E+00  0.0000E+00  0.0000E+00  0.0000E+00
      1.258  0.1013E-01  0.1169E-02  0.1339E-01  0.1169E-02  0.0000E+00  0.0000E+00  0.0000E+00  0.0000E+00  0.0000E+00
      1.268  0.9463E-02  0.1173E-02  0.1354E-01  0.1173E-02  0.0000E+00  0.0000E+00  0.0000E+00  0.0000E+00  0.0000E+00
      1.278  0.8987E-02  0.1176E-02  0.1389E-01  0.1176E-02  0.0000E+00  0.0000E+00  0.0000E+00  0.0000E+00  0.0000E+00
      1.288  0.8657E-02  0.1179E-02  0.1445E-01  0.1179E-02  0.0000E+00  0.0000E+00  0.0000E+00  0.0000E+00  0.0000E+00
      1.298  0.8420E-02  0.1180E-02  0.1518E-01  0.1180E-02  0.0000E+00  0.0000E+00  0.0000E+00  0.0000E+00  0.0000E+00
      1.308  0.8218E-02  0.1181E-02  0.1603E-01  0.1181E-02  0.0000E+00  0.0000E+00  0.0000E+00  0.0000E+00  0.0000E+00
      1.318  0.7995E-02  0.1182E-02  0.1688E-01  0.1182E-02  0.0000E+00  0.0000E+00  0.0000E+00  0.0000E+00  0.0000E+00
      1.328  0.7704E-02  0.1183E-02  0.1761E-01  0.1183E-02  0.0000E+00  0.0000E+00  0.0000E+00  0.0000E+00  0.0000E+00
      1.338  0.7325E-02  0.1185E-02  0.1813E-01  0.1185E-02  0.0000E+00  0.0000E+00  0.0000E+00  0.0000E+00  0.0000E+00
      1.348  0.6861E-02  0.1190E-02  0.1835E-01  0.1190E-02  0.0000E+00  0.0000E+00  0.0000E+00  0.0000E+00  0.0000E+00
      1.358  0.6336E-02  0.1198E-02  0.1828E-01  0.1198E-02  0.0000E+00  0.0000E+00  0.0000E+00  0.0000E+00  0.0000E+00
      1.368  0.5790E-02  0.1210E-02  0.1795E-01  0.1210E-02  0.0000E+00  0.0000E+00  0.0000E+00  0.0000E+00  0.0000E+00
      1.378  0.5264E-02  0.1226E-02  0.1745E-01  0.1226E-02  0.0000E+00  0.0000E+00  0.0000E+00  0.0000E+00  0.0000E+00
      1.388  0.4788E-02  0.1246E-02  0.1688E-01  0.1246E-02  0.0000E+00  0.0000E+00  0.0000E+00  0.0000E+00  0.0000E+00
      1.398  0.4382E-02  0.1269E-02  0.1635E-01  0.1269E-02  0.0000E+00  0.0000E+00  0.0000E+00  0.0000E+00  0.0000E+00
      1.408  0.4052E-02  0.1293E-02  0.1590E-01  0.1293E-02  0.0000E+00  0.0000E+00  0.0000E+00  0.0000E+00  0.0000E+00
      1.418  0.3787E-02  0.1317E-02  0.1558E-01  0.1317E-02  0.0000E+00  0.0000E+00  0.0000E+00  0.0000E+00  0.0000E+00
      1.428  0.3574E-02  0.1337E-02  0.1534E-01  0.1337E-02  0.0000E+00  0.0000E+00  0.0000E+00  0.0000E+00  0.0000E+00
      1.438  0.3393E-02  0.1353E-02  0.1517E-01  0.1353E-02  0.0000E+00  0.0000E+00  0.0000E+00  0.0000E+00  0.0000E+00
      1.448  0.3230E-02  0.1365E-02  0.1502E-01  0.1365E-02  0.0000E+00  0.0000E+00  0.0000E+00  0.0000E+00  0.0000E+00
      1.458  0.3074E-02  0.1373E-02  0.1485E-01  0.1373E-02  0.0000E+00  0.0000E+00  0.0000E+00  0.0000E+00  0.0000E+00
      1.469  0.2919E-02  0.1379E-02  0.1467E-01  0.1379E-02  0.0000E+00  0.0000E+00  0.0000E+00  0.0000E+00  0.0000E+00
      1.479  0.2767E-02  0.1385E-02  0.1448E-01  0.1385E-02  0.0000E+00  0.0000E+00  0.0000E+00  0.0000E+00  0.0000E+00
      1.489  0.2617E-02  0.1391E-02  0.1431E-01  0.1391E-02  0.0000E+00  0.0000E+00  0.0000E+00  0.0000E+00  0.0000E+00
      1.499  0.2475E-02  0.1398E-02  0.1423E-01  0.1398E-02  0.0000E+00  0.0000E+00  0.0000E+00  0.0000E+00  0.0000E+00
      1.509  0.2344E-02  0.1407E-02  0.1428E-01  0.1407E-02  0.0000E+00  0.0000E+00  0.0000E+00  0.0000E+00  0.0000E+00
      1.519  0.2226E-02  0.1416E-02  0.1451E-01  0.1416E-02  0.0000E+00  0.0000E+00  0.0000E+00  0.0000E+00  0.0000E+00
      1.529  0.2127E-02  0.1425E-02  0.1491E-01  0.1425E-02  0.0000E+00  0.0000E+00  0.0000E+00  0.0000E+00  0.0000E+00
      1.539  0.2047E-02  0.1432E-02  0.1546E-01  0.1432E-02  0.0000E+00  0.0000E+00  0.0000E+00  0.0000E+00  0.0000E+00
      1.549  0.1987E-02  0.1437E-02  0.1609E-01  0.1437E-02  0.0000E+00  0.0000E+00  0.0000E+00  0.0000E+00  0.0000E+00
      1.559  0.1943E-02  0.1440E-02  0.1668E-01  0.1440E-02  0.0000E+00  0.0000E+00  0.0000E+00  0.0000E+00  0.0000E+00
      1.569  0.1908E-02  0.1441E-02  0.1714E-01  0.1441E-02  0.0000E+00  0.0000E+00  0.0000E+00  0.0000E+00  0.0000E+00
      1.579  0.1872E-02  0.1441E-02  0.1739E-01  0.1441E-02  0.0000E+00  0.0000E+00  0.0000E+00  0.0000E+00  0.0000E+00
      1.589  0.1831E-02  0.1443E-02  0.1740E-01  0.1443E-02  0.0000E+00  0.0000E+00  0.0000E+00  0.0000E+00  0.0000E+00
      1.599  0.1780E-02  0.1449E-02  0.1722E-01  0.1449E-02  0.0000E+00  0.0000E+00  0.0000E+00  0.0000E+00  0.0000E+00
      1.609  0.1724E-02  0.1459E-02  0.1691E-01  0.1459E-02  0.0000E+00  0.0000E+00  0.0000E+00  0.0000E+00  0.0000E+00
      1.619  0.1668E-02  0.1474E-02  0.1656E-01  0.1474E-02  0.0000E+00  0.0000E+00  0.0000E+00  0.0000E+00  0.0000E+00
      1.629  0.1620E-02  0.1494E-02  0.1627E-01  0.1494E-02  0.0000E+00  0.0000E+00  0.0000E+00  0.0000E+00  0.0000E+00
      1.639  0.1585E-02  0.1518E-02  0.1608E-01  0.1518E-02  0.0000E+00  0.0000E+00  0.0000E+00  0.0000E+00  0.0000E+00
      1.649  0.1565E-02  0.1542E-02  0.1598E-01  0.1542E-02  0.0000E+00  0.0000E+00  0.0000E+00  0.0000E+00  0.0000E+00
      1.659  0.1553E-02  0.1565E-02  0.1592E-01  0.1565E-02  0.0000E+00  0.0000E+00  0.0000E+00  0.0000E+00  0.0000E+00
      1.669  0.1542E-02  0.1585E-02  0.1583E-01  0.1585E-02  0.0000E+00  0.0000E+00  0.0000E+00  0.0000E+00  0.0000E+00
      1.679  0.1524E-02  0.1599E-02  0.1565E-01  0.1599E-02  0.0000E+00  0.0000E+00  0.0000E+00  0.0000E+00  0.0000E+00
      1.689  0.1494E-02  0.1608E-02  0.1534E-01  0.1608E-02  0.0000E+00  0.0000E+00  0.0000E+00  0.0000E+00  0.0000E+00
      1.699  0.1452E-02  0.1615E-02  0.1493E-01  0.1615E-02  0.0000E+00  0.0000E+00  0.0000E+00  0.0000E+00  0.0000E+00
      1.709  0.1403E-02  0.1622E-02  0.1448E-01  0.1622E-02  0.0000E+00  0.0000E+00  0.0000E+00  0.0000E+00  0.0000E+00
      1.719  0.1355E-02  0.1632E-02  0.1409E-01  0.1632E-02  0.0000E+00  0.0000E+00  0.0000E+00  0.0000E+00  0.0000E+00
      1.729  0.1315E-02  0.1647E-02  0.1383E-01  0.1647E-02  0.0000E+00  0.0000E+00  0.0000E+00  0.0000E+00  0.0000E+00
      1.739  0.1291E-02  0.1665E-02  0.1376E-01  0.1665E-02  0.0000E+00  0.0000E+00  0.0000E+00  0.0000E+00  0.0000E+00
      1.749  0.1283E-02  0.1686E-02  0.1389E-01  0.1686E-02  0.0000E+00  0.0000E+00  0.0000E+00  0.0000E+00  0.0000E+00
      1.759  0.1293E-02  0.1710E-02  0.1422E-01  0.1710E-02  0.0000E+00  0.0000E+00  0.0000E+00  0.0000E+00  0.0000E+00
      1.770  0.1315E-02  0.1735E-02  0.1468E-01  0.1735E-02  0.0000E+00  0.0000E+00  0.0000E+00  0.0000E+00  0.0000E+00
      1.780  0.1343E-02  0.1759E-02  0.1521E-01  0.1759E-02  0.0000E+00  0.0000E+00  0.0000E+00  0.0000E+00  0.0000E+00
      1.790  0.1369E-02  0.1782E-02  0.1573E-01  0.1782E-02  0.0000E+00  0.0000E+00  0.0000E+00  0.0000E+00  0.0000E+00
      1.800  0.1387E-02  0.1804E-02  0.1616E-01  0.1804E-02  0.0000E+00  0.0000E+00  0.0000E+00  0.0000E+00  0.0000E+00
      1.810  0.1392E-02  0.1824E-02  0.1646E-01  0.1824E-02  0.0000E+00  0.0000E+00  0.0000E+00  0.0000E+00  0.0000E+00
      1.820  0.1383E-02  0.1843E-02  0.1661E-01  0.1843E-02  0.0000E+00  0.0000E+00  0.0000E+00  0.0000E+00  0.0000E+00
      1.830  0.1364E-02  0.1859E-02  0.1662E-01  0.1859E-02  0.0000E+00  0.0000E+00  0.0000E+00  0.0000E+00  0.0000E+00
      1.840  0.1339E-02  0.1873E-02  0.1652E-01  0.1873E-02  0.0000E+00  0.0000E+00  0.0000E+00  0.0000E+00  0.0000E+00
      1.850  0.1313E-02  0.1884E-02  0.1636E-01  0.1884E-02  0.0000E+00  0.0000E+00  0.0000E+00  0.0000E+00  0.0000E+00
      1.860  0.1290E-02  0.1895E-02  0.1616E-01  0.1895E-02  0.0000E+00  0.0000E+00  0.0000E+00  0.0000E+00  0.0000E+00
      1.870  0.1272E-02  0.1905E-02  0.1595E-01  0.1905E-02  0.0000E+00  0.0000E+00  0.0000E+00  0.0000E+00  0.0000E+00
      1.880  0.1258E-02  0.1917E-02  0.1573E-01  0.1917E-02  0.0000E+00  0.0000E+00  0.0000E+00  0.0000E+00  0.0000E+00
      1.890  0.1245E-02  0.1931E-02  0.1549E-01  0.1931E-02  0.0000E+00  0.0000E+00  0.0000E+00  0.0000E+00  0.0000E+00
      1.900  0.1232E-02  0.1947E-02  0.1524E-01  0.1947E-02  0.0000E+00  0.0000E+00  0.0000E+00  0.0000E+00  0.0000E+00
      1.910  0.1217E-02  0.1964E-02  0.1498E-01  0.1964E-02  0.0000E+00  0.0000E+00  0.0000E+00  0.0000E+00  0.0000E+00
