     -4.210  0.7449E+02  0.1466E+04
     -4.200  0.7474E+02  0.1467E+04
     -4.190  0.7510E+02  0.1468E+04
     -4.180  0.7542E+02  0.1468E+04
     -4.170  0.7565E+02  0.1469E+04
     -4.160  0.7574E+02  0.1470E+04
     -4.150  0.7570E+02  0.1471E+04
     -4.140  0.7559E+02  0.1471E+04
     -4.130  0.7547E+02  0.1472E+04
     -4.120  0.7539E+02  0.1473E+04
     -4.110  0.7543E+02  0.1474E+04
     -4.100  0.7559E+02  0.1474E+04
     -4.090  0.7585E+02  0.1475E+04
     -4.080  0.7614E+02  0.1476E+04
     -4.069  0.7637E+02  0.1477E+04
     -4.059  0.7650E+02  0.1478E+04
     -4.049  0.7654E+02  0.1478E+04
     -4.039  0.7656E+02  0.1479E+04
     -4.029  0.7669E+02  0.1480E+04
     -4.019  0.7701E+02  0.1481E+04
     -4.009  0.7760E+02  0.1481E+04
     -3.999  0.7842E+02  0.1482E+04
     -3.989  0.7940E+02  0.1483E+04
     -3.979  0.8042E+02  0.1484E+04
     -3.969  0.8136E+02  0.1485E+04
     -3.959  0.8214E+02  0.1485E+04
     -3.949  0.8273E+02  0.1486E+04
     -3.939  0.8319E+02  0.1487E+04
     -3.929  0.8362E+02  0.1488E+04
     -3.919  0.8418E+02  0.1489E+04
     -3.909  0.8502E+02  0.1490E+04
     -3.899  0.8626E+02  0.1491E+04
     -3.889  0.8793E+02  0.1491E+04
     -3.879  0.8996E+02  0.1492E+04
     -3.869  0.9220E+02  0.1493E+04
     -3.859  0.9443E+02  0.1494E+04
     -3.849  0.9640E+02  0.1495E+04
     -3.839  0.9793E+02  0.1496E+04
     -3.829  0.9886E+02  0.1497E+04
     -3.819  0.9916E+02  0.1498E+04
     -3.809  0.9885E+02  0.1499E+04
     -3.799  0.9801E+02  0.1500E+04
     -3.789  0.9679E+02  0.1501E+04
     -3.779  0.9535E+02  0.1502E+04
     -3.768  0.9384E+02  0.1503E+04
     -3.758  0.9241E+02  0.1504E+04
     -3.748  0.9116E+02  0.1505E+04
     -3.738  0.9014E+02  0.1506E+04
     -3.728  0.8936E+02  0.1507E+04
     -3.718  0.8878E+02  0.1507E+04
     -3.708  0.8836E+02  0.1508E+04
     -3.698  0.8804E+02  0.1509E+04
     -3.688  0.8780E+02  0.1510E+04
     -3.678  0.8763E+02  0.1511E+04
     -3.668  0.8755E+02  0.1512E+04
     -3.658  0.8759E+02  0.1513E+04
     -3.648  0.8775E+02  0.1514E+04
     -3.638  0.8797E+02  0.1515E+04
     -3.628  0.8821E+02  0.1515E+04
     -3.618  0.8842E+02  0.1516E+04
     -3.608  0.8862E+02  0.1517E+04
     -3.598  0.8888E+02  0.1518E+04
     -3.588  0.8929E+02  0.1519E+04
     -3.578  0.8991E+02  0.1520E+04
     -3.568  0.9075E+02  0.1521E+04
     -3.558  0.9172E+02  0.1522E+04
     -3.548  0.9274E+02  0.1523E+04
     -3.538  0.9374E+02  0.1524E+04
     -3.528  0.9475E+02  0.1525E+04
     -3.518  0.9583E+02  0.1525E+04
     -3.508  0.9700E+02  0.1526E+04
     -3.498  0.9823E+02  0.1527E+04
     -3.488  0.9940E+02  0.1528E+04
     -3.478  0.1004E+03  0.1529E+04
     -3.467  0.1009E+03  0.1530E+04
     -3.457  0.1010E+03  0.1531E+04
     -3.447  0.1005E+03  0.1532E+04
     -3.437  0.9937E+02  0.1533E+04
     -3.427  0.9768E+02  0.1534E+04
     -3.417  0.9547E+02  0.1535E+04
     -3.407  0.9287E+02  0.1536E+04
     -3.397  0.9005E+02  0.1537E+04
     -3.387  0.8717E+02  0.1538E+04
     -3.377  0.8441E+02  0.1539E+04
     -3.367  0.8186E+02  0.1540E+04
     -3.357  0.7958E+02  0.1541E+04
     -3.347  0.7755E+02  0.1541E+04
     -3.337  0.7575E+02  0.1542E+04
     -3.327  0.7416E+02  0.1543E+04
     -3.317  0.7279E+02  0.1544E+04
     -3.307  0.7162E+02  0.1544E+04
     -3.297  0.7062E+02  0.1545E+04
     -3.287  0.6970E+02  0.1546E+04
     -3.277  0.6882E+02  0.1546E+04
     -3.267  0.6795E+02  0.1547E+04
     -3.257  0.6713E+02  0.1548E+04
     -3.247  0.6638E+02  0.1548E+04
     -3.237  0.6575E+02  0.1549E+04
     -3.227  0.6518E+02  0.1550E+04
     -3.217  0.6462E+02  0.1550E+04
     -3.207  0.6399E+02  0.1551E+04
     -3.197  0.6328E+02  0.1552E+04
     -3.187  0.6254E+02  0.1552E+04
     -3.177  0.6182E+02  0.1553E+04
     -3.166  0.6115E+02  0.1554E+04
     -3.156  0.6049E+02  0.1554E+04
     -3.146  0.5978E+02  0.1555E+04
     -3.136  0.5896E+02  0.1555E+04
     -3.126  0.5805E+02  0.1556E+04
     -3.116  0.5708E+02  0.1557E+04
     -3.106  0.5612E+02  0.1557E+04
     -3.096  0.5523E+02  0.1558E+04
     -3.086  0.5446E+02  0.1558E+04
     -3.076  0.5380E+02  0.1559E+04
     -3.066  0.5322E+02  0.1559E+04
     -3.056  0.5270E+02  0.1560E+04
     -3.046  0.5221E+02  0.1560E+04
     -3.036  0.5170E+02  0.1561E+04
     -3.026  0.5118E+02  0.1561E+04
     -3.016  0.5066E+02  0.1562E+04
     -3.006  0.5015E+02  0.1562E+04
     -2.996  0.4967E+02  0.1563E+04
     -2.986  0.4921E+02  0.1563E+04
     -2.976  0.4877E+02  0.1564E+04
     -2.966  0.4836E+02  0.1564E+04
     -2.956  0.4797E+02  0.1565E+04
     -2.946  0.4761E+02  0.1565E+04
     -2.936  0.4725E+02  0.1566E+04
     -2.926  0.4684E+02  0.1566E+04
     -2.916  0.4636E+02  0.1567E+04
     -2.906  0.4580E+02  0.1567E+04
     -2.896  0.4521E+02  0.1568E+04
     -2.886  0.4463E+02  0.1568E+04
     -2.876  0.4412E+02  0.1568E+04
     -2.865  0.4369E+02  0.1569E+04
     -2.855  0.4331E+02  0.1569E+04
     -2.845  0.4293E+02  0.1570E+04
     -2.835  0.4254E+02  0.1570E+04
     -2.825  0.4213E+02  0.1571E+04
     -2.815  0.4175E+02  0.1571E+04
     -2.805  0.4138E+02  0.1571E+04
     -2.795  0.4101E+02  0.1572E+04
     -2.785  0.4061E+02  0.1572E+04
     -2.775  0.4017E+02  0.1573E+04
     -2.765  0.3970E+02  0.1573E+04
     -2.755  0.3923E+02  0.1573E+04
     -2.745  0.3881E+02  0.1574E+04
     -2.735  0.3844E+02  0.1574E+04
     -2.725  0.3811E+02  0.1575E+04
     -2.715  0.3780E+02  0.1575E+04
     -2.705  0.3747E+02  0.1575E+04
     -2.695  0.3714E+02  0.1576E+04
     -2.685  0.3683E+02  0.1576E+04
     -2.675  0.3654E+02  0.1577E+04
     -2.665  0.3628E+02  0.1577E+04
     -2.655  0.3603E+02  0.1577E+04
     -2.645  0.3577E+02  0.1578E+04
     -2.635  0.3548E+02  0.1578E+04
     -2.625  0.3516E+02  0.1578E+04
     -2.615  0.3483E+02  0.1579E+04
     -2.605  0.3447E+02  0.1579E+04
     -2.595  0.3411E+02  0.1579E+04
     -2.585  0.3374E+02  0.1580E+04
     -2.575  0.3338E+02  0.1580E+04
     -2.564  0.3302E+02  0.1580E+04
     -2.554  0.3265E+02  0.1581E+04
     -2.544  0.3227E+02  0.1581E+04
     -2.534  0.3185E+02  0.1581E+04
     -2.524  0.3139E+02  0.1582E+04
     -2.514  0.3092E+02  0.1582E+04
     -2.504  0.3046E+02  0.1582E+04
     -2.494  0.3005E+02  0.1583E+04
     -2.484  0.2972E+02  0.1583E+04
     -2.474  0.2948E+02  0.1583E+04
     -2.464  0.2929E+02  0.1583E+04
     -2.454  0.2915E+02  0.1584E+04
     -2.444  0.2901E+02  0.1584E+04
     -2.434  0.2885E+02  0.1584E+04
     -2.424  0.2863E+02  0.1585E+04
     -2.414  0.2835E+02  0.1585E+04
     -2.404  0.2800E+02  0.1585E+04
     -2.394  0.2760E+02  0.1585E+04
     -2.384  0.2719E+02  0.1586E+04
     -2.374  0.2679E+02  0.1586E+04
     -2.364  0.2644E+02  0.1586E+04
     -2.354  0.2611E+02  0.1587E+04
     -2.344  0.2579E+02  0.1587E+04
     -2.334  0.2545E+02  0.1587E+04
     -2.324  0.2508E+02  0.1587E+04
     -2.314  0.2471E+02  0.1588E+04
     -2.304  0.2436E+02  0.1588E+04
     -2.294  0.2408E+02  0.1588E+04
     -2.284  0.2392E+02  0.1588E+04
     -2.274  0.2385E+02  0.1588E+04
     -2.263  0.2386E+02  0.1589E+04
     -2.253  0.2390E+02  0.1589E+04
     -2.243  0.2392E+02  0.1589E+04
     -2.233  0.2385E+02  0.1589E+04
     -2.223  0.2367E+02  0.1590E+04
     -2.213  0.2337E+02  0.1590E+04
     -2.203  0.2296E+02  0.1590E+04
     -2.193  0.2249E+02  0.1590E+04
     -2.183  0.2198E+02  0.1591E+04
     -2.173  0.2151E+02  0.1591E+04
     -2.163  0.2107E+02  0.1591E+04
     -2.153  0.2068E+02  0.1591E+04
     -2.143  0.2032E+02  0.1591E+04
     -2.133  0.1996E+02  0.1592E+04
     -2.123  0.1961E+02  0.1592E+04
     -2.113  0.1927E+02  0.1592E+04
     -2.103  0.1901E+02  0.1592E+04
     -2.093  0.1885E+02  0.1592E+04
     -2.083  0.1881E+02  0.1593E+04
     -2.073  0.1887E+02  0.1593E+04
     -2.063  0.1898E+02  0.1593E+04
     -2.053  0.1906E+02  0.1593E+04
     -2.043  0.1906E+02  0.1593E+04
     -2.033  0.1894E+02  0.1594E+04
     -2.023  0.1867E+02  0.1594E+04
     -2.013  0.1829E+02  0.1594E+04
     -2.003  0.1780E+02  0.1594E+04
     -1.993  0.1727E+02  0.1594E+04
     -1.983  0.1673E+02  0.1594E+04
     -1.973  0.1623E+02  0.1595E+04
     -1.962  0.1581E+02  0.1595E+04
     -1.952  0.1549E+02  0.1595E+04
     -1.942  0.1529E+02  0.1595E+04
     -1.932  0.1520E+02  0.1595E+04
     -1.922  0.1519E+02  0.1595E+04
     -1.912  0.1520E+02  0.1596E+04
     -1.902  0.1520E+02  0.1596E+04
     -1.892  0.1513E+02  0.1596E+04
     -1.882  0.1496E+02  0.1596E+04
     -1.872  0.1468E+02  0.1596E+04
     -1.862  0.1428E+02  0.1596E+04
     -1.852  0.1380E+02  0.1596E+04
     -1.842  0.1327E+02  0.1597E+04
     -1.832  0.1273E+02  0.1597E+04
     -1.822  0.1224E+02  0.1597E+04
     -1.812  0.1184E+02  0.1597E+04
     -1.802  0.1156E+02  0.1597E+04
     -1.792  0.1141E+02  0.1597E+04
     -1.782  0.1139E+02  0.1597E+04
     -1.772  0.1143E+02  0.1597E+04
     -1.762  0.1148E+02  0.1597E+04
     -1.752  0.1148E+02  0.1598E+04
     -1.742  0.1139E+02  0.1598E+04
     -1.732  0.1118E+02  0.1598E+04
     -1.722  0.1085E+02  0.1598E+04
     -1.712  0.1042E+02  0.1598E+04
     -1.702  0.9898E+01  0.1598E+04
     -1.692  0.9318E+01  0.1598E+04
     -1.682  0.8711E+01  0.1598E+04
     -1.672  0.8111E+01  0.1598E+04
     -1.661  0.7549E+01  0.1598E+04
     -1.651  0.7058E+01  0.1599E+04
     -1.641  0.6658E+01  0.1599E+04
     -1.631  0.6362E+01  0.1599E+04
     -1.621  0.6164E+01  0.1599E+04
     -1.611  0.6045E+01  0.1599E+04
     -1.601  0.5976E+01  0.1599E+04
     -1.591  0.5926E+01  0.1599E+04
     -1.581  0.5869E+01  0.1599E+04
     -1.571  0.5788E+01  0.1599E+04
     -1.561  0.5678E+01  0.1599E+04
     -1.551  0.5541E+01  0.1599E+04
     -1.541  0.5387E+01  0.1599E+04
     -1.531  0.5222E+01  0.1599E+04
     -1.521  0.5055E+01  0.1599E+04
     -1.511  0.4889E+01  0.1599E+04
     -1.501  0.4725E+01  0.1599E+04
     -1.491  0.4564E+01  0.1599E+04
     -1.481  0.4404E+01  0.1599E+04
     -1.471  0.4245E+01  0.1600E+04
     -1.461  0.4085E+01  0.1600E+04
     -1.451  0.3923E+01  0.1600E+04
     -1.441  0.3760E+01  0.1600E+04
     -1.431  0.3595E+01  0.1600E+04
     -1.421  0.3430E+01  0.1600E+04
     -1.411  0.3272E+01  0.1600E+04
     -1.401  0.3135E+01  0.1600E+04
     -1.391  0.3054E+01  0.1600E+04
     -1.381  0.3091E+01  0.1600E+04
     -1.371  0.3351E+01  0.1600E+04
     -1.360  0.3986E+01  0.1600E+04
     -1.350  0.5174E+01  0.1600E+04
     -1.340  0.7077E+01  0.1600E+04
     -1.330  0.9754E+01  0.1600E+04
     -1.320  0.1308E+02  0.1600E+04
     -1.310  0.1667E+02  0.1600E+04
     -1.300  0.1997E+02  0.1601E+04
     -1.290  0.2232E+02  0.1601E+04
     -1.280  0.2318E+02  0.1601E+04
     -1.270  0.2236E+02  0.1601E+04
     -1.260  0.2003E+02  0.1602E+04
     -1.250  0.1670E+02  0.1602E+04
     -1.240  0.1301E+02  0.1602E+04
     -1.230  0.9567E+01  0.1602E+04
     -1.220  0.6762E+01  0.1602E+04
     -1.210  0.4743E+01  0.1602E+04
     -1.200  0.3463E+01  0.1602E+04
     -1.190  0.2762E+01  0.1602E+04
     -1.180  0.2457E+01  0.1602E+04
     -1.170  0.2390E+01  0.1602E+04
     -1.160  0.2450E+01  0.1602E+04
     -1.150  0.2569E+01  0.1602E+04
     -1.140  0.2711E+01  0.1602E+04
     -1.130  0.2859E+01  0.1602E+04
     -1.120  0.3007E+01  0.1602E+04
     -1.110  0.3152E+01  0.1602E+04
     -1.100  0.3294E+01  0.1602E+04
     -1.090  0.3434E+01  0.1602E+04
     -1.080  0.3571E+01  0.1602E+04
     -1.070  0.3707E+01  0.1602E+04
     -1.059  0.3843E+01  0.1602E+04
     -1.049  0.3978E+01  0.1603E+04
     -1.039  0.4114E+01  0.1603E+04
     -1.029  0.4252E+01  0.1603E+04
     -1.019  0.4393E+01  0.1603E+04
     -1.009  0.4538E+01  0.1603E+04
     -0.999  0.4688E+01  0.1603E+04
     -0.989  0.4842E+01  0.1603E+04
     -0.979  0.4999E+01  0.1603E+04
     -0.969  0.5155E+01  0.1603E+04
     -0.959  0.5306E+01  0.1603E+04
     -0.949  0.5449E+01  0.1603E+04
     -0.939  0.5589E+01  0.1603E+04
     -0.929  0.5742E+01  0.1603E+04
     -0.919  0.5932E+01  0.1603E+04
     -0.909  0.6192E+01  0.1603E+04
     -0.899  0.6548E+01  0.1603E+04
     -0.889  0.7018E+01  0.1603E+04
     -0.879  0.7598E+01  0.1603E+04
     -0.869  0.8263E+01  0.1604E+04
     -0.859  0.8973E+01  0.1604E+04
     -0.849  0.9673E+01  0.1604E+04
     -0.839  0.1031E+02  0.1604E+04
     -0.829  0.1085E+02  0.1604E+04
     -0.819  0.1125E+02  0.1604E+04
     -0.809  0.1150E+02  0.1604E+04
     -0.799  0.1161E+02  0.1604E+04
     -0.789  0.1161E+02  0.1604E+04
     -0.779  0.1154E+02  0.1605E+04
     -0.769  0.1150E+02  0.1605E+04
     -0.758  0.1153E+02  0.1605E+04
     -0.748  0.1169E+02  0.1605E+04
     -0.738  0.1199E+02  0.1605E+04
     -0.728  0.1240E+02  0.1605E+04
     -0.718  0.1286E+02  0.1605E+04
     -0.708  0.1331E+02  0.1605E+04
     -0.698  0.1370E+02  0.1606E+04
     -0.688  0.1401E+02  0.1606E+04
     -0.678  0.1425E+02  0.1606E+04
     -0.668  0.1446E+02  0.1606E+04
     -0.658  0.1466E+02  0.1606E+04
     -0.648  0.1487E+02  0.1606E+04
     -0.638  0.1510E+02  0.1606E+04
     -0.628  0.1535E+02  0.1607E+04
     -0.618  0.1559E+02  0.1607E+04
     -0.608  0.1582E+02  0.1607E+04
     -0.598  0.1607E+02  0.1607E+04
     -0.588  0.1635E+02  0.1607E+04
     -0.578  0.1673E+02  0.1607E+04
     -0.568  0.1721E+02  0.1608E+04
     -0.558  0.1779E+02  0.1608E+04
     -0.548  0.1843E+02  0.1608E+04
     -0.538  0.1902E+02  0.1608E+04
     -0.528  0.1948E+02  0.1608E+04
     -0.518  0.1974E+02  0.1608E+04
     -0.508  0.1979E+02  0.1609E+04
     -0.498  0.1970E+02  0.1609E+04
     -0.488  0.1958E+02  0.1609E+04
     -0.478  0.1954E+02  0.1609E+04
     -0.468  0.1970E+02  0.1609E+04
     -0.457  0.2007E+02  0.1610E+04
     -0.447  0.2062E+02  0.1610E+04
     -0.437  0.2126E+02  0.1610E+04
     -0.427  0.2190E+02  0.1610E+04
     -0.417  0.2245E+02  0.1611E+04
     -0.407  0.2289E+02  0.1611E+04
     -0.397  0.2321E+02  0.1611E+04
     -0.387  0.2347E+02  0.1611E+04
     -0.377  0.2374E+02  0.1611E+04
     -0.367  0.2408E+02  0.1612E+04
     -0.357  0.2453E+02  0.1612E+04
     -0.347  0.2512E+02  0.1612E+04
     -0.337  0.2583E+02  0.1612E+04
     -0.327  0.2664E+02  0.1613E+04
     -0.317  0.2747E+02  0.1613E+04
     -0.307  0.2824E+02  0.1613E+04
     -0.297  0.2887E+02  0.1614E+04
     -0.287  0.2929E+02  0.1614E+04
     -0.277  0.2948E+02  0.1614E+04
     -0.267  0.2947E+02  0.1614E+04
     -0.257  0.2934E+02  0.1615E+04
     -0.247  0.2920E+02  0.1615E+04
     -0.237  0.2917E+02  0.1615E+04
     -0.227  0.2930E+02  0.1616E+04
     -0.217  0.2963E+02  0.1616E+04
     -0.207  0.3011E+02  0.1616E+04
     -0.197  0.3070E+02  0.1617E+04
     -0.187  0.3133E+02  0.1617E+04
     -0.177  0.3198E+02  0.1617E+04
     -0.167  0.3264E+02  0.1618E+04
     -0.156  0.3333E+02  0.1618E+04
     -0.146  0.3407E+02  0.1618E+04
     -0.136  0.3483E+02  0.1619E+04
     -0.126  0.3559E+02  0.1619E+04
     -0.116  0.3632E+02  0.1619E+04
     -0.106  0.3699E+02  0.1620E+04
     -0.096  0.3759E+02  0.1620E+04
     -0.086  0.3818E+02  0.1620E+04
     -0.076  0.3878E+02  0.1621E+04
     -0.066  0.3944E+02  0.1621E+04
     -0.056  0.4018E+02  0.1622E+04
     -0.046  0.4097E+02  0.1622E+04
     -0.036  0.4179E+02  0.1622E+04
     -0.026  0.4262E+02  0.1623E+04
     -0.016  0.4344E+02  0.1623E+04
     -0.006  0.4423E+02  0.1624E+04
      0.004  0.4499E+02  0.1624E+04
      0.014  0.4573E+02  0.1625E+04
      0.024  0.4646E+02  0.1625E+04
      0.034  0.4721E+02  0.1626E+04
      0.044  0.4801E+02  0.1626E+04
      0.054  0.4889E+02  0.1627E+04
      0.064  0.4988E+02  0.1627E+04
      0.074  0.5103E+02  0.1628E+04
      0.084  0.5235E+02  0.1628E+04
      0.094  0.5387E+02  0.1629E+04
      0.104  0.5561E+02  0.1629E+04
      0.114  0.5756E+02  0.1630E+04
      0.124  0.5975E+02  0.1630E+04
      0.134  0.6217E+02  0.1631E+04
      0.145  0.6482E+02  0.1632E+04
      0.155  0.6768E+02  0.1632E+04
      0.165  0.7075E+02  0.1633E+04
      0.175  0.7408E+02  0.1634E+04
      0.185  0.7778E+02  0.1635E+04
      0.195  0.8198E+02  0.1635E+04
      0.205  0.8670E+02  0.1636E+04
      0.215  0.9181E+02  0.1637E+04
      0.225  0.9690E+02  0.1638E+04
      0.235  0.1014E+03  0.1639E+04
      0.245  0.1047E+03  0.1640E+04
      0.255  0.1065E+03  0.1641E+04
      0.265  0.1065E+03  0.1642E+04
      0.275  0.1052E+03  0.1643E+04
      0.285  0.1029E+03  0.1644E+04
      0.295  0.1003E+03  0.1645E+04
      0.305  0.9783E+02  0.1646E+04
      0.315  0.9598E+02  0.1647E+04
      0.325  0.9492E+02  0.1648E+04
      0.335  0.9467E+02  0.1649E+04
      0.345  0.9508E+02  0.1650E+04
      0.355  0.9584E+02  0.1651E+04
      0.365  0.9659E+02  0.1652E+04
      0.375  0.9698E+02  0.1653E+04
      0.385  0.9680E+02  0.1654E+04
      0.395  0.9605E+02  0.1655E+04
      0.405  0.9487E+02  0.1656E+04
      0.415  0.9349E+02  0.1657E+04
      0.425  0.9211E+02  0.1658E+04
      0.435  0.9086E+02  0.1659E+04
      0.446  0.8978E+02  0.1660E+04
      0.456  0.8892E+02  0.1661E+04
      0.466  0.8833E+02  0.1661E+04
      0.476  0.8807E+02  0.1662E+04
      0.486  0.8824E+02  0.1663E+04
      0.496  0.8885E+02  0.1664E+04
      0.506  0.8990E+02  0.1665E+04
      0.516  0.9131E+02  0.1666E+04
      0.526  0.9303E+02  0.1667E+04
      0.536  0.9502E+02  0.1668E+04
      0.546  0.9724E+02  0.1669E+04
      0.556  0.9964E+02  0.1670E+04
      0.566  0.1020E+03  0.1671E+04
      0.576  0.1041E+03  0.1672E+04
      0.586  0.1056E+03  0.1673E+04
      0.596  0.1062E+03  0.1674E+04
      0.606  0.1058E+03  0.1675E+04
      0.616  0.1045E+03  0.1676E+04
      0.626  0.1025E+03  0.1677E+04
      0.636  0.1001E+03  0.1678E+04
      0.646  0.9759E+02  0.1679E+04
      0.656  0.9518E+02  0.1680E+04
      0.666  0.9300E+02  0.1681E+04
      0.676  0.9114E+02  0.1682E+04
      0.686  0.8964E+02  0.1683E+04
      0.696  0.8851E+02  0.1684E+04
      0.706  0.8770E+02  0.1685E+04
      0.716  0.8712E+02  0.1685E+04
      0.726  0.8663E+02  0.1686E+04
      0.736  0.8613E+02  0.1687E+04
      0.747  0.8553E+02  0.1688E+04
      0.757  0.8480E+02  0.1689E+04
      0.767  0.8397E+02  0.1690E+04
      0.777  0.8302E+02  0.1691E+04
      0.787  0.8196E+02  0.1691E+04
      0.797  0.8077E+02  0.1692E+04
      0.807  0.7942E+02  0.1693E+04
      0.817  0.7797E+02  0.1694E+04
      0.827  0.7649E+02  0.1695E+04
      0.837  0.7513E+02  0.1695E+04
      0.847  0.7405E+02  0.1696E+04
      0.857  0.7335E+02  0.1697E+04
      0.867  0.7304E+02  0.1698E+04
      0.877  0.7304E+02  0.1698E+04
      0.887  0.7320E+02  0.1699E+04
      0.897  0.7336E+02  0.1700E+04
      0.907  0.7340E+02  0.1700E+04
      0.917  0.7329E+02  0.1701E+04
      0.927  0.7305E+02  0.1702E+04
      0.937  0.7277E+02  0.1703E+04
      0.947  0.7257E+02  0.1703E+04
      0.957  0.7257E+02  0.1704E+04
      0.967  0.7292E+02  0.1705E+04
      0.977  0.7378E+02  0.1706E+04
      0.987  0.7528E+02  0.1706E+04
      0.997  0.7747E+02  0.1707E+04
      1.007  0.8020E+02  0.1708E+04
      1.017  0.8310E+02  0.1709E+04
      1.027  0.8561E+02  0.1710E+04
      1.037  0.8713E+02  0.1710E+04
      1.048  0.8724E+02  0.1711E+04
      1.058  0.8584E+02  0.1712E+04
      1.068  0.8320E+02  0.1713E+04
      1.078  0.7985E+02  0.1714E+04
      1.088  0.7639E+02  0.1715E+04
      1.098  0.7326E+02  0.1715E+04
      1.108  0.7074E+02  0.1716E+04
      1.118  0.6882E+02  0.1717E+04
      1.128  0.6741E+02  0.1717E+04
      1.138  0.6633E+02  0.1718E+04
      1.148  0.6543E+02  0.1719E+04
      1.158  0.6461E+02  0.1719E+04
      1.168  0.6383E+02  0.1720E+04
      1.178  0.6310E+02  0.1721E+04
      1.188  0.6244E+02  0.1721E+04
      1.198  0.6185E+02  0.1722E+04
      1.208  0.6134E+02  0.1723E+04
      1.218  0.6091E+02  0.1723E+04
      1.228  0.6054E+02  0.1724E+04
      1.238  0.6023E+02  0.1724E+04
      1.248  0.5997E+02  0.1725E+04
      1.258  0.5978E+02  0.1726E+04
      1.268  0.5968E+02  0.1726E+04
      1.278  0.5968E+02  0.1727E+04
      1.288  0.5979E+02  0.1727E+04
      1.298  0.5998E+02  0.1728E+04
      1.308  0.6022E+02  0.1729E+04
      1.318  0.6042E+02  0.1729E+04
      1.328  0.6054E+02  0.1730E+04
      1.338  0.6051E+02  0.1730E+04
      1.349  0.6031E+02  0.1731E+04
      1.359  0.5995E+02  0.1732E+04
      1.369  0.5948E+02  0.1732E+04
      1.379  0.5894E+02  0.1733E+04
      1.389  0.5842E+02  0.1733E+04
      1.399  0.5796E+02  0.1734E+04
      1.409  0.5759E+02  0.1735E+04
      1.419  0.5730E+02  0.1735E+04
      1.429  0.5704E+02  0.1736E+04
      1.439  0.5679E+02  0.1736E+04
      1.449  0.5652E+02  0.1737E+04
      1.459  0.5624E+02  0.1737E+04
      1.469  0.5595E+02  0.1738E+04
      1.479  0.5569E+02  0.1739E+04
      1.489  0.5548E+02  0.1739E+04
      1.499  0.5534E+02  0.1740E+04
      1.509  0.5529E+02  0.1740E+04
      1.519  0.5532E+02  0.1741E+04
      1.529  0.5543E+02  0.1741E+04
      1.539  0.5559E+02  0.1742E+04
      1.549  0.5573E+02  0.1742E+04
      1.559  0.5580E+02  0.1743E+04
      1.569  0.5575E+02  0.1744E+04
      1.579  0.5554E+02  0.1744E+04
      1.589  0.5518E+02  0.1745E+04
      1.599  0.5474E+02  0.1745E+04
      1.609  0.5430E+02  0.1746E+04
      1.619  0.5393E+02  0.1746E+04
      1.629  0.5371E+02  0.1747E+04
      1.639  0.5362E+02  0.1747E+04
      1.650  0.5364E+02  0.1748E+04
      1.660  0.5366E+02  0.1748E+04
      1.670  0.5359E+02  0.1749E+04
      1.680  0.5338E+02  0.1749E+04
      1.690  0.5304E+02  0.1750E+04
      1.700  0.5263E+02  0.1751E+04
      1.710  0.5225E+02  0.1751E+04
      1.720  0.5197E+02  0.1752E+04
      1.730  0.5182E+02  0.1752E+04
      1.740  0.5179E+02  0.1753E+04
      1.750  0.5186E+02  0.1753E+04
      1.760  0.5198E+02  0.1754E+04
      1.770  0.5212E+02  0.1754E+04
      1.780  0.5225E+02  0.1755E+04
      1.790  0.5235E+02  0.1755E+04
