description="GPH                                     
"  
#******** REAL SPACE GRID ********   
wavefunction_grid="160 160 128"  
potential_grid_refinement="2"  
  
#******* CONTROL OPTIONS *******  
start_mode          ="LCAO Start"  
calculation_mode    ="Quench Electrons  "  
kohn_sham_solver    ="davidson"  
subdiag_driver      ="auto"  
#auto: if cuda available, use cusolver, otherwise use lapack for n<128 and scaplack for large system  
cube_rho = "True"  
  
#********* K POINT SETUP *********  
kpoint_mesh = "1 1 1"  
kpoint_is_shift = "0 0 0"  
  
#******* Pseudopotentials *******   
internal_pseudo_type = "sg15"  
#use Optimized Norm-Conserving Vanderbilt (ONCV) pseudopotenitals  
#those pseudopotentials are built in with RMG  
write_pseudopotential_plots ="False"  
  
#*****Exchange Correlation ******  
exchange_correlation_type="AUTO_XC"  
#AUTO_XC: XC will be determined from pseudopotential  
  
#****  LATTICE and ATOMS  ****   
bravais_lattice_type="None"  
crds_units = "Angstrom"  
lattice_units = "Angstrom"  
lattice_vector="  
 2.135633807294e+01  -1.233008753532e+01  0.000000000000e+00   
 2.135633807294e+01  1.233008753532e+01  0.000000000000e+00   
 0.000000000000e+00  0.000000000000e+00  2.000000000000e+01   
"  
atomic_coordinate_type = "Cell Relative"  
atoms="  
C  9.999272682260e-01 9.999272682260e-01 5.621223413085e-04  1 1 1   0.00   0.00   0.00  
C  3.326000881830e-02 3.326000881830e-02 5.335428520281e-04  1 1 1   0.00   0.00   0.00  
C  1.145134535004e-04 1.145134535004e-04 1.697001653980e-01  1 1 1   0.00   0.00   0.00  
C  6.638628160391e-02 6.638628160391e-02 1.696563750734e-01  1 1 1   0.00   0.00   0.00  
C  9.993196104101e-02 9.999219087651e-01 5.504731471701e-04  1 1 1   0.00   0.00   0.00  
C  1.332663030714e-01 3.325621342993e-02 5.191164689100e-04  1 1 1   0.00   0.00   0.00  
C  1.003648172262e-01 9.993540905710e-01 1.696234088355e-01  1 1 1   0.00   0.00   0.00  
C  1.665442921503e-01 6.600398666361e-02 1.695290591252e-01  1 1 1   0.00   0.00   0.00  
C  1.999359895161e-01 9.999199823633e-01 5.318904886112e-04  1 1 1   0.00   0.00   0.00  
C  2.332688340211e-01 3.325302086628e-02 5.078765916254e-04  1 1 1   0.00   0.00   0.00  
C  2.003217725604e-01 9.990813377097e-01 1.694882737357e-01  1 1 1   0.00   0.00   0.00  
C  2.665334256186e-01 6.595603520045e-02 1.695230160338e-01  1 1 1   0.00   0.00   0.00  
C  2.999358010032e-01 9.999202196061e-01 5.339291872533e-04  1 1 1   0.00   0.00   0.00  
C  3.332652088328e-01 3.325285779016e-02 5.248948306986e-04  1 1 1   0.00   0.00   0.00  
C  3.001548303916e-01 9.991903198720e-01 1.695261650910e-01  1 1 1   0.00   0.00   0.00  
C  3.664993971412e-01 6.611878392627e-02 1.696873701124e-01  1 1 1   0.00   0.00   0.00  
C  3.999324959535e-01 9.999178829174e-01 5.551736895982e-04  1 1 1   0.00   0.00   0.00  
C  4.332586888170e-01 3.325401705094e-02 5.732272834506e-04  1 1 1   0.00   0.00   0.00  
C  4.000860360659e-01 9.994988916729e-01 1.697118853403e-01  1 1 1   0.00   0.00   0.00  
C  4.665265589664e-01 6.645734497785e-02 1.698439943635e-01  1 1 1   0.00   0.00   0.00  
C  4.999249532725e-01 9.999216792904e-01 5.920364259554e-04  1 1 1   0.00   0.00   0.00  
C  5.332550609012e-01 3.326150481146e-02 5.981491582721e-04  1 1 1   0.00   0.00   0.00  
C  5.001132383712e-01 9.999705928118e-01 1.697956969113e-01  1 1 1   0.00   0.00   0.00  
C  5.665120765050e-01 6.712234205896e-02 1.698077708823e-01  1 1 1   0.00   0.00   0.00  
C  5.999183242602e-01 9.999330597130e-01 5.873431786391e-04  1 1 1   0.00   0.00   0.00  
C  6.332518363026e-01 3.327109134375e-02 5.535938109671e-04  1 1 1   0.00   0.00   0.00  
C  6.001008279454e-01 5.356078326128e-04 1.697226365894e-01  1 1 1   0.00   0.00   0.00  
C  6.663494351363e-01 6.772358109110e-02 1.695708652592e-01  1 1 1   0.00   0.00   0.00  
C  6.999222899904e-01 9.999379575421e-01 5.588426926092e-04  1 1 1   0.00   0.00   0.00  
C  7.332539120930e-01 3.327045298924e-02 5.289216896386e-04  1 1 1   0.00   0.00   0.00  
C  7.000082207505e-01 9.210397259889e-04 1.695617884971e-01  1 1 1   0.00   0.00   0.00  
C  7.659778139255e-01 6.809104606562e-02 1.695224822196e-01  1 1 1   0.00   0.00   0.00  
C  7.999233352845e-01 9.999325925379e-01 5.507991406230e-04  1 1 1   0.00   0.00   0.00  
C  8.332564076695e-01 3.326736893563e-02 5.337754139142e-04  1 1 1   0.00   0.00   0.00  
C  7.998424247863e-01 1.109967600436e-03 1.695225207396e-01  1 1 1   0.00   0.00   0.00  
C  8.657131104699e-01 6.798311196164e-02 1.696027051295e-01  1 1 1   0.00   0.00   0.00  
C  8.999217164833e-01 9.999320705333e-01 5.572916825560e-04  1 1 1   0.00   0.00   0.00  
C  9.332555659082e-01 3.326532091685e-02 5.411054321805e-04  1 1 1   0.00   0.00   0.00  
C  8.998233569678e-01 8.559770239378e-04 1.696071617343e-01  1 1 1   0.00   0.00   0.00  
C  9.659534509970e-01 6.725007485516e-02 1.696779821934e-01  1 1 1   0.00   0.00   0.00  
C  9.999219087651e-01 9.993196104101e-02 5.504731471701e-04  1 1 1   0.00   0.00   0.00  
C  3.325621342993e-02 1.332663030714e-01 5.191164689100e-04  1 1 1   0.00   0.00   0.00  
C  9.993540905710e-01 1.003648172262e-01 1.696234088355e-01  1 1 1   0.00   0.00   0.00  
C  6.600398666361e-02 1.665442921503e-01 1.695290591252e-01  1 1 1   0.00   0.00   0.00  
C  9.992767042433e-02 9.992767042433e-02 5.333779713325e-04  1 1 1   0.00   0.00   0.00  
C  1.332600279873e-01 1.332600279873e-01 5.087948240273e-04  1 1 1   0.00   0.00   0.00  
C  9.967056067343e-02 9.967056067343e-02 1.695542208774e-01  1 1 1   0.00   0.00   0.00  
C  1.661977288847e-01 1.661977288847e-01 1.694963776421e-01  1 1 1   0.00   0.00   0.00  
C  1.999307188732e-01 9.992292788197e-02 5.319310523003e-04  1 1 1   0.00   0.00   0.00  
C  2.332609110635e-01 1.332548619596e-01 5.345783521893e-04  1 1 1   0.00   0.00   0.00  
C  1.997638175785e-01 9.939457402138e-02 1.694749459781e-01  1 1 1   0.00   0.00   0.00  
C  2.662335585121e-01 1.660393525232e-01 1.695099869372e-01  1 1 1   0.00   0.00   0.00  
C  2.999277209158e-01 9.991846623991e-02 5.714235399042e-04  1 1 1   0.00   0.00   0.00  
C  3.332588225963e-01 1.332541465658e-01 5.966205024395e-04  1 1 1   0.00   0.00   0.00  
C  2.997681782515e-01 9.935532319208e-02 1.695335930071e-01  1 1 1   0.00   0.00   0.00  
C  3.662140009100e-01 1.659980581391e-01 1.696159645047e-01  1 1 1   0.00   0.00   0.00  
C  3.999222285301e-01 9.992367856568e-02 6.395771694119e-04  1 1 1   0.00   0.00   0.00  
C  4.332571985648e-01 1.332614831719e-01 6.283072713399e-04  1 1 1   0.00   0.00   0.00  
C  3.997826407070e-01 9.945112975170e-02 1.697202623269e-01  1 1 1   0.00   0.00   0.00  
C  4.661955334381e-01 1.662819663968e-01 1.696089847735e-01  1 1 1   0.00   0.00   0.00  
C  4.999235878554e-01 9.993189007235e-02 6.399860373612e-04  1 1 1   0.00   0.00   0.00  
C  5.332595441499e-01 1.332724567603e-01 5.252469069605e-04  1 1 1   0.00   0.00   0.00  
C  4.998101661988e-01 9.981591316029e-02 1.697972123814e-01  1 1 1   0.00   0.00   0.00  
C  5.660300905270e-01 1.674016934943e-01 1.693461004989e-01  1 1 1   0.00   0.00   0.00  
C  5.999282640814e-01 9.994057409778e-02 5.376530379883e-04  1 1 1   0.00   0.00   0.00  
C  6.332667167156e-01 1.332782731214e-01 4.263067782598e-04  1 1 1   0.00   0.00   0.00  
C  5.996654569523e-01 1.007366628873e-01 1.696213779469e-01  1 1 1   0.00   0.00   0.00  
C  6.653453084023e-01 1.685449838850e-01 1.692519659544e-01  1 1 1   0.00   0.00   0.00  
C  6.999260180571e-01 9.994403877881e-02 5.092188452518e-04  1 1 1   0.00   0.00   0.00  
C  7.332585771670e-01 1.332819486830e-01 4.638343033292e-04  1 1 1   0.00   0.00   0.00  
C  6.992288433662e-01 1.015300435857e-01 1.694394737518e-01  1 1 1   0.00   0.00   0.00  
C  7.644941428592e-01 1.692163299267e-01 1.695274888383e-01  1 1 1   0.00   0.00   0.00  
C  7.999234935605e-01 9.993917346145e-02 5.456640840614e-04  1 1 1   0.00   0.00   0.00  
C  8.332524717413e-01 1.332729204092e-01 5.277579102126e-04  1 1 1   0.00   0.00   0.00  
C  7.987422417155e-01 1.019327611154e-01 1.695284787782e-01  1 1 1   0.00   0.00   0.00  
C  8.645377966817e-01 1.686546153950e-01 1.695933224564e-01  1 1 1   0.00   0.00   0.00  
C  8.999210732872e-01 9.993328006916e-02 5.645804404189e-04  1 1 1   0.00   0.00   0.00  
C  9.332538938335e-01 1.332685520553e-01 5.370206767288e-04  1 1 1   0.00   0.00   0.00  
C  8.987694957757e-01 1.014582096764e-01 1.695956599808e-01  1 1 1   0.00   0.00   0.00  
C  9.654916953983e-01 1.673097682239e-01 1.695334721044e-01  1 1 1   0.00   0.00   0.00  
C  9.999199823633e-01 1.999359895161e-01 5.318904886112e-04  1 1 1   0.00   0.00   0.00  
C  3.325302086628e-02 2.332688340211e-01 5.078765916254e-04  1 1 1   0.00   0.00   0.00  
C  9.990813377097e-01 2.003217725604e-01 1.694882737357e-01  1 1 1   0.00   0.00   0.00  
C  6.595603520045e-02 2.665334256186e-01 1.695230160338e-01  1 1 1   0.00   0.00   0.00  
C  9.992292788197e-02 1.999307188732e-01 5.319310523003e-04  1 1 1   0.00   0.00   0.00  
C  1.332548619596e-01 2.332609110635e-01 5.345783521893e-04  1 1 1   0.00   0.00   0.00  
C  9.939457402138e-02 1.997638175785e-01 1.694749459781e-01  1 1 1   0.00   0.00   0.00  
C  1.660393525232e-01 2.662335585121e-01 1.695099869372e-01  1 1 1   0.00   0.00   0.00  
C  1.999229177837e-01 1.999229177837e-01 5.838507953010e-04  1 1 1   0.00   0.00   0.00  
C  2.332565512310e-01 2.332565512310e-01 6.057802379078e-04  1 1 1   0.00   0.00   0.00  
C  1.994895787719e-01 1.994895787719e-01 1.694710116217e-01  1 1 1   0.00   0.00   0.00  
C  2.659878428191e-01 2.659878428191e-01 1.694719475499e-01  1 1 1   0.00   0.00   0.00  
C  2.999260992302e-01 1.999245643594e-01 6.427071174543e-04  1 1 1   0.00   0.00   0.00  
C  3.332637323732e-01 2.332613001648e-01 5.895521697902e-04  1 1 1   0.00   0.00   0.00  
C  2.995191654676e-01 1.993097954954e-01 1.694946070461e-01  1 1 1   0.00   0.00   0.00  
C  3.658762008414e-01 2.656942058243e-01 1.692234874096e-01  1 1 1   0.00   0.00   0.00  
C  3.999335898109e-01 1.999322390974e-01 5.858674755341e-04  1 1 1   0.00   0.00   0.00  
C  4.332798478418e-01 2.332713708416e-01 3.662454068714e-04  1 1 1   0.00   0.00   0.00  
C  3.995109537421e-01 1.992295172051e-01 1.694940942818e-01  1 1 1   0.00   0.00   0.00  
C  4.656159648639e-01 2.659701446044e-01 1.685728978897e-01  1 1 1   0.00   0.00   0.00  
C  4.999467672098e-01 1.999468541620e-01 3.632084498798e-04  1 1 1   0.00   0.00   0.00  
C  5.332938341681e-01 2.332834561596e-01 8.080766403140e-05  1 1 1   0.00   0.00   0.00  
C  4.993724565826e-01 1.996645381787e-01 1.692576191083e-01  1 1 1   0.00   0.00   0.00  
C  5.649324572850e-01 2.684275906277e-01 1.681690289890e-01  1 1 1   0.00   0.00   0.00  
C  5.999581124967e-01 1.999569403248e-01 2.286197346041e-04  1 1 1   0.00   0.00   0.00  
C  6.332880076522e-01 2.332959572522e-01 9.494644286410e-05  1 1 1   0.00   0.00   0.00  
C  5.988526890663e-01 2.014416055368e-01 1.689485360820e-01  1 1 1   0.00   0.00   0.00  
C  6.631168592650e-01 2.705108935385e-01 1.688864200328e-01  1 1 1   0.00   0.00   0.00  
C  6.999448872464e-01 1.999517568141e-01 3.495808948433e-04  1 1 1   0.00   0.00   0.00  
C  7.332667483488e-01 2.332931272164e-01 3.687414737807e-04  1 1 1   0.00   0.00   0.00  
C  6.975783702338e-01 2.030647555898e-01 1.692496660943e-01  1 1 1   0.00   0.00   0.00  
C  7.626005943073e-01 2.705796834768e-01 1.694450629804e-01  1 1 1   0.00   0.00   0.00  
C  7.999238585679e-01 1.999453458126e-01 5.186688689984e-04  1 1 1   0.00   0.00   0.00  
C  8.332509656036e-01 2.332810824366e-01 5.229763948134e-04  1 1 1   0.00   0.00   0.00  
C  7.971585874564e-01 2.030808617664e-01 1.695366929508e-01  1 1 1   0.00   0.00   0.00  
C  8.646654194008e-01 2.682179879233e-01 1.695180817527e-01  1 1 1   0.00   0.00   0.00  
C  8.999174915566e-01 1.999395919481e-01 5.560360120712e-04  1 1 1   0.00   0.00   0.00  
C  9.332511607554e-01 2.332735892474e-01 5.224792680498e-04  1 1 1   0.00   0.00   0.00  
C  8.983713686965e-01 2.013749305058e-01 1.694988898517e-01  1 1 1   0.00   0.00   0.00  
C  9.655949175982e-01 2.670991203199e-01 1.694939034525e-01  1 1 1   0.00   0.00   0.00  
C  9.999202196061e-01 2.999358010032e-01 5.339291872533e-04  1 1 1   0.00   0.00   0.00  
C  3.325285779016e-02 3.332652088328e-01 5.248948306986e-04  1 1 1   0.00   0.00   0.00  
C  9.991903198720e-01 3.001548303916e-01 1.695261650910e-01  1 1 1   0.00   0.00   0.00  
C  6.611878392627e-02 3.664993971412e-01 1.696873701124e-01  1 1 1   0.00   0.00   0.00  
C  9.991846623991e-02 2.999277209158e-01 5.714235399042e-04  1 1 1   0.00   0.00   0.00  
C  1.332541465658e-01 3.332588225963e-01 5.966205024395e-04  1 1 1   0.00   0.00   0.00  
C  9.935532319208e-02 2.997681782515e-01 1.695335930071e-01  1 1 1   0.00   0.00   0.00  
C  1.659980581391e-01 3.662140009100e-01 1.696159645047e-01  1 1 1   0.00   0.00   0.00  
C  1.999245643594e-01 2.999260992302e-01 6.427071174543e-04  1 1 1   0.00   0.00   0.00  
C  2.332613001648e-01 3.332637323732e-01 5.895521697902e-04  1 1 1   0.00   0.00   0.00  
C  1.993097954954e-01 2.995191654676e-01 1.694946070461e-01  1 1 1   0.00   0.00   0.00  
C  2.656942058243e-01 3.658762008414e-01 1.692234874096e-01  1 1 1   0.00   0.00   0.00  
C  2.999354632170e-01 2.999354632170e-01 5.484697180903e-04  1 1 1   0.00   0.00   0.00  
C  3.332785283702e-01 3.332785283702e-01 2.923541393886e-04  1 1 1   0.00   0.00   0.00  
C  2.991898848621e-01 2.991898848621e-01 1.692866570297e-01  1 1 1   0.00   0.00   0.00  
C  3.652633377112e-01 3.652633377112e-01 1.679482150409e-01  1 1 1   0.00   0.00   0.00  
C  3.999528790607e-01 2.999479465172e-01 1.609160062923e-04  1 1 1   0.00   0.00   0.00  
C  4.332952923215e-01 3.332815119602e-01 9.997367550925e-01  1 1 1   0.00   0.00   0.00  
C  3.990776703717e-01 2.987857154817e-01 1.685877423095e-01  1 1 1   0.00   0.00   0.00  
C  4.642820538421e-01 3.654272396233e-01 1.663772080720e-01  1 1 1   0.00   0.00   0.00  
C  4.999723185776e-01 2.999517246033e-01 9.997439424796e-01  1 1 1   0.00   0.00   0.00  
C  5.333114137802e-01 3.332824636121e-01 9.995880010291e-01  1 1 1   0.00   0.00   0.00  
C  4.986641580556e-01 2.994023802721e-01 1.677143182251e-01  1 1 1   0.00   0.00   0.00  
C  5.611085346439e-01 3.720298980879e-01 1.671734527544e-01  1 1 1   0.00   0.00   0.00  
C  5.999679072804e-01 2.999660331127e-01 9.998372731017e-01  1 1 1   0.00   0.00   0.00  
C  6.332881198552e-01 3.333166731784e-01 9.999676263373e-01  1 1 1   0.00   0.00   0.00  
C  5.963823230880e-01 3.040013878027e-01 1.680188385104e-01  1 1 1   0.00   0.00   0.00  
C  6.594242035425e-01 3.739681962748e-01 1.689607481399e-01  1 1 1   0.00   0.00   0.00  
C  6.999405402123e-01 2.999668482615e-01 2.886510082782e-04  1 1 1   0.00   0.00   0.00  
C  7.332608817509e-01 3.333035189130e-01 4.106623170902e-04  1 1 1   0.00   0.00   0.00  
C  6.947014831099e-01 3.056192257180e-01 1.690899522002e-01  1 1 1   0.00   0.00   0.00  
C  7.641396094273e-01 3.689577352534e-01 1.695350449637e-01  1 1 1   0.00   0.00   0.00  
C  7.999195082652e-01 2.999509405774e-01 5.272771499271e-04  1 1 1   0.00   0.00   0.00  
C  8.332495286678e-01 3.332827914036e-01 5.289619818895e-04  1 1 1   0.00   0.00   0.00  
C  7.973941954080e-01 3.024363859577e-01 1.695192941997e-01  1 1 1   0.00   0.00   0.00  
C  8.654621963504e-01 3.675895308882e-01 1.695507871202e-01  1 1 1   0.00   0.00   0.00  
C  8.999167051527e-01 2.999437725208e-01 5.421288752586e-04  1 1 1   0.00   0.00   0.00  
C  9.332493419143e-01 3.332743154593e-01 5.160643093494e-04  1 1 1   0.00   0.00   0.00  
C  8.986291074129e-01 3.009103223124e-01 1.694794408569e-01  1 1 1   0.00   0.00   0.00  
C  9.659925281813e-01 3.669006468316e-01 1.696510351257e-01  1 1 1   0.00   0.00   0.00  
C  9.999178829174e-01 3.999324959535e-01 5.551736895982e-04  1 1 1   0.00   0.00   0.00  
C  3.325401705094e-02 4.332586888170e-01 5.732272834506e-04  1 1 1   0.00   0.00   0.00  
C  9.994988916729e-01 4.000860360659e-01 1.697118853403e-01  1 1 1   0.00   0.00   0.00  
C  6.645734497785e-02 4.665265589664e-01 1.698439943635e-01  1 1 1   0.00   0.00   0.00  
C  9.992367856568e-02 3.999222285301e-01 6.395771694119e-04  1 1 1   0.00   0.00   0.00  
C  1.332614831719e-01 4.332571985648e-01 6.283072713399e-04  1 1 1   0.00   0.00   0.00  
C  9.945112975170e-02 3.997826407070e-01 1.697202623269e-01  1 1 1   0.00   0.00   0.00  
C  1.662819663968e-01 4.661955334381e-01 1.696089847735e-01  1 1 1   0.00   0.00   0.00  
C  1.999322390974e-01 3.999335898109e-01 5.858674755341e-04  1 1 1   0.00   0.00   0.00  
C  2.332713708416e-01 4.332798478418e-01 3.662454068714e-04  1 1 1   0.00   0.00   0.00  
C  1.992295172051e-01 3.995109537421e-01 1.694940942818e-01  1 1 1   0.00   0.00   0.00  
C  2.659701446044e-01 4.656159648639e-01 1.685728978897e-01  1 1 1   0.00   0.00   0.00  
C  2.999479465172e-01 3.999528790607e-01 1.609160062923e-04  1 1 1   0.00   0.00   0.00  
C  3.332815119602e-01 4.332952923215e-01 9.997367550925e-01  1 1 1   0.00   0.00   0.00  
C  2.987857154817e-01 3.990776703717e-01 1.685877423095e-01  1 1 1   0.00   0.00   0.00  
C  3.654272396233e-01 4.642820538421e-01 1.663772080720e-01  1 1 1   0.00   0.00   0.00  
C  3.999557028685e-01 3.999557028685e-01 9.995645718819e-01  1 1 1   0.00   0.00   0.00  
C  4.332976261309e-01 4.332976261309e-01 9.995006044970e-01  1 1 1   0.00   0.00   0.00  
C  3.980978548108e-01 3.980978548108e-01 1.665218624755e-01  1 1 1   0.00   0.00   0.00  
C  4.999845983756e-01 3.999679341216e-01 9.995844989050e-01  1 1 1   0.00   0.00   0.00  
C  5.333016835393e-01 4.333206045277e-01 9.997944431791e-01  1 1 1   0.00   0.00   0.00  
C  4.958907668565e-01 3.991848008550e-01 1.654697766691e-01  1 1 1   0.00   0.00   0.00  
C  5.562222012893e-01 4.813710310404e-01 1.685928059875e-01  1 1 1   0.00   0.00   0.00  
C  5.999560012331e-01 3.999828695710e-01 8.395507707000e-07  1 1 1   0.00   0.00   0.00  
C  6.332715237267e-01 4.333176694603e-01 2.819157862338e-04  1 1 1   0.00   0.00   0.00  
C  5.892835042816e-01 4.116664232516e-01 1.682101893399e-01  1 1 1   0.00   0.00   0.00  
C  6.652259752439e-01 4.694453151173e-01 1.694370427147e-01  1 1 1   0.00   0.00   0.00  
C  6.999254113193e-01 3.999702614366e-01 4.341159212929e-04  1 1 1   0.00   0.00   0.00  
C  7.332547790298e-01 4.332937870821e-01 5.221154629479e-04  1 1 1   0.00   0.00   0.00  
C  6.966960511920e-01 4.033716578111e-01 1.693528543468e-01  1 1 1   0.00   0.00   0.00  
C  7.662782781069e-01 4.679258639748e-01 1.695694655658e-01  1 1 1   0.00   0.00   0.00  
C  7.999173831483e-01 3.999486211949e-01 5.590427990764e-04  1 1 1   0.00   0.00   0.00  
C  8.332517527653e-01 4.332772169620e-01 5.252865433248e-04  1 1 1   0.00   0.00   0.00  
C  7.986062054263e-01 4.013475225880e-01 1.695310947413e-01  1 1 1   0.00   0.00   0.00  
C  8.665932858795e-01 4.672025307874e-01 1.696505905806e-01  1 1 1   0.00   0.00   0.00  
C  8.999168375453e-01 3.999427561027e-01 5.401671807516e-04  1 1 1   0.00   0.00   0.00  
C  9.332508540651e-01 4.332731761789e-01 5.155544003191e-04  1 1 1   0.00   0.00   0.00  
C  8.993075554054e-01 4.005356083812e-01 1.696107949072e-01  1 1 1   0.00   0.00   0.00  
C  9.665810119956e-01 4.668187830989e-01 1.697777691474e-01  1 1 1   0.00   0.00   0.00  
C  9.999216792904e-01 4.999249532725e-01 5.920364259554e-04  1 1 1   0.00   0.00   0.00  
C  3.326150481146e-02 5.332550609012e-01 5.981491582721e-04  1 1 1   0.00   0.00   0.00  
C  9.999705928118e-01 5.001132383712e-01 1.697956969113e-01  1 1 1   0.00   0.00   0.00  
C  6.712234205896e-02 5.665120765050e-01 1.698077708823e-01  1 1 1   0.00   0.00   0.00  
C  9.993189007235e-02 4.999235878554e-01 6.399860373612e-04  1 1 1   0.00   0.00   0.00  
C  1.332724567603e-01 5.332595441499e-01 5.252469069605e-04  1 1 1   0.00   0.00   0.00  
C  9.981591316029e-02 4.998101661988e-01 1.697972123814e-01  1 1 1   0.00   0.00   0.00  
C  1.674016934943e-01 5.660300905270e-01 1.693461004989e-01  1 1 1   0.00   0.00   0.00  
C  1.999468541620e-01 4.999467672098e-01 3.632084498798e-04  1 1 1   0.00   0.00   0.00  
C  2.332834561596e-01 5.332938341681e-01 8.080766403140e-05  1 1 1   0.00   0.00   0.00  
C  1.996645381787e-01 4.993724565826e-01 1.692576191083e-01  1 1 1   0.00   0.00   0.00  
C  2.684275906277e-01 5.649324572850e-01 1.681690289890e-01  1 1 1   0.00   0.00   0.00  
C  2.999517246033e-01 4.999723185776e-01 9.997439424796e-01  1 1 1   0.00   0.00   0.00  
C  3.332824636121e-01 5.333114137802e-01 9.995880010291e-01  1 1 1   0.00   0.00   0.00  
C  2.994023802721e-01 4.986641580556e-01 1.677143182251e-01  1 1 1   0.00   0.00   0.00  
C  3.720298980879e-01 5.611085346439e-01 1.671734527544e-01  1 1 1   0.00   0.00   0.00  
C  3.999679341216e-01 4.999845983756e-01 9.995844989050e-01  1 1 1   0.00   0.00   0.00  
C  4.333206045277e-01 5.333016835393e-01 9.997944431791e-01  1 1 1   0.00   0.00   0.00  
C  3.991848008550e-01 4.958907668565e-01 1.654697766691e-01  1 1 1   0.00   0.00   0.00  
C  4.813710310404e-01 5.562222012893e-01 1.685928059875e-01  1 1 1   0.00   0.00   0.00  
C  4.999734076087e-01 4.999734076087e-01 3.884090191950e-05  1 1 1   0.00   0.00   0.00  
C  5.332977497798e-01 5.332977497798e-01 2.626352718622e-04  1 1 1   0.00   0.00   0.00  
C  5.696679171172e-01 5.696679171172e-01 1.695574511259e-01  1 1 1   0.00   0.00   0.00  
C  5.999370974637e-01 4.999727932170e-01 4.009514749248e-04  1 1 1   0.00   0.00   0.00  
C  6.332678030280e-01 5.332923690920e-01 5.185226303559e-04  1 1 1   0.00   0.00   0.00  
C  5.987478356979e-01 5.041568755022e-01 1.692859734390e-01  1 1 1   0.00   0.00   0.00  
C  6.682651231079e-01 5.681555587121e-01 1.696379786210e-01  1 1 1   0.00   0.00   0.00  
C  6.999214455308e-01 4.999568652430e-01 5.769629052682e-04  1 1 1   0.00   0.00   0.00  
C  7.332582986694e-01 5.332853310420e-01 5.351870289175e-04  1 1 1   0.00   0.00   0.00  
C  6.997957347515e-01 5.018098961182e-01 1.695587047574e-01  1 1 1   0.00   0.00   0.00  
C  7.676134609694e-01 5.675124593314e-01 1.694651931760e-01  1 1 1   0.00   0.00   0.00  
C  7.999220395807e-01 4.999454735936e-01 5.371723368722e-04  1 1 1   0.00   0.00   0.00  
C  8.332554857159e-01 5.332747210284e-01 4.937705111493e-04  1 1 1   0.00   0.00   0.00  
C  8.000690574445e-01 5.008580301793e-01 1.695495927999e-01  1 1 1   0.00   0.00   0.00  
C  8.672867219245e-01 5.671318487737e-01 1.695079581082e-01  1 1 1   0.00   0.00   0.00  
C  8.999232423821e-01 4.999365379295e-01 5.285163245392e-04  1 1 1   0.00   0.00   0.00  
C  9.332594167667e-01 5.332658768047e-01 5.203236119944e-04  1 1 1   0.00   0.00   0.00  
C  9.000811482157e-01 5.004050821718e-01 1.696598409861e-01  1 1 1   0.00   0.00   0.00  
C  9.671263196440e-01 5.668430581565e-01 1.697236363824e-01  1 1 1   0.00   0.00   0.00  
C  9.999330597130e-01 5.999183242602e-01 5.873431786391e-04  1 1 1   0.00   0.00   0.00  
C  3.327109134375e-02 6.332518363026e-01 5.535938109671e-04  1 1 1   0.00   0.00   0.00  
C  5.356078326128e-04 6.001008279454e-01 1.697226365894e-01  1 1 1   0.00   0.00   0.00  
C  6.772358109110e-02 6.663494351363e-01 1.695708652592e-01  1 1 1   0.00   0.00   0.00  
C  9.994057409778e-02 5.999282640814e-01 5.376530379883e-04  1 1 1   0.00   0.00   0.00  
C  1.332782731214e-01 6.332667167156e-01 4.263067782598e-04  1 1 1   0.00   0.00   0.00  
C  1.007366628873e-01 5.996654569523e-01 1.696213779469e-01  1 1 1   0.00   0.00   0.00  
C  1.685449838850e-01 6.653453084023e-01 1.692519659544e-01  1 1 1   0.00   0.00   0.00  
C  1.999569403248e-01 5.999581124967e-01 2.286197346041e-04  1 1 1   0.00   0.00   0.00  
C  2.332959572522e-01 6.332880076522e-01 9.494644286410e-05  1 1 1   0.00   0.00   0.00  
C  2.014416055368e-01 5.988526890663e-01 1.689485360820e-01  1 1 1   0.00   0.00   0.00  
C  2.705108935385e-01 6.631168592650e-01 1.688864200328e-01  1 1 1   0.00   0.00   0.00  
C  2.999660331127e-01 5.999679072804e-01 9.998372731017e-01  1 1 1   0.00   0.00   0.00  
C  3.333166731784e-01 6.332881198552e-01 9.999676263373e-01  1 1 1   0.00   0.00   0.00  
C  3.040013878027e-01 5.963823230880e-01 1.680188385104e-01  1 1 1   0.00   0.00   0.00  
C  3.739681962748e-01 6.594242035425e-01 1.689607481399e-01  1 1 1   0.00   0.00   0.00  
C  3.999828695710e-01 5.999560012331e-01 8.395507707000e-07  1 1 1   0.00   0.00   0.00  
C  4.333176694603e-01 6.332715237267e-01 2.819157862338e-04  1 1 1   0.00   0.00   0.00  
C  4.116664232516e-01 5.892835042816e-01 1.682101893399e-01  1 1 1   0.00   0.00   0.00  
C  4.694453151173e-01 6.652259752439e-01 1.694370427147e-01  1 1 1   0.00   0.00   0.00  
C  4.999727932170e-01 5.999370974637e-01 4.009514749248e-04  1 1 1   0.00   0.00   0.00  
C  5.332923690920e-01 6.332678030280e-01 5.185226303559e-04  1 1 1   0.00   0.00   0.00  
C  5.041568755022e-01 5.987478356979e-01 1.692859734390e-01  1 1 1   0.00   0.00   0.00  
C  5.681555587121e-01 6.682651231079e-01 1.696379786210e-01  1 1 1   0.00   0.00   0.00  
C  5.999498141599e-01 5.999498141599e-01 5.650083960606e-04  1 1 1   0.00   0.00   0.00  
C  6.332716156631e-01 6.332716156631e-01 5.536756095258e-04  1 1 1   0.00   0.00   0.00  
C  6.021298335090e-01 6.021298335090e-01 1.696881777776e-01  1 1 1   0.00   0.00   0.00  
C  6.678338654646e-01 6.678338654646e-01 1.694259581138e-01  1 1 1   0.00   0.00   0.00  
C  6.999382649574e-01 5.999433898470e-01 5.464990131542e-04  1 1 1   0.00   0.00   0.00  
C  7.332683809940e-01 6.332757000197e-01 4.800369246313e-04  1 1 1   0.00   0.00   0.00  
C  7.013302396737e-01 6.012067524130e-01 1.695005781321e-01  1 1 1   0.00   0.00   0.00  
C  7.675952812531e-01 6.674365738204e-01 1.692559316029e-01  1 1 1   0.00   0.00   0.00  
C  7.999298941773e-01 5.999424763370e-01 4.968138260533e-04  1 1 1   0.00   0.00   0.00  
C  8.332655513469e-01 6.332745015043e-01 4.559355823414e-04  1 1 1   0.00   0.00   0.00  
C  8.008465306414e-01 6.007640873970e-01 1.693486687258e-01  1 1 1   0.00   0.00   0.00  
C  8.674266460817e-01 6.671437013473e-01 1.693642492678e-01  1 1 1   0.00   0.00   0.00  
C  8.999303378502e-01 5.999339599333e-01 5.156147256802e-04  1 1 1   0.00   0.00   0.00  
C  9.332659975510e-01 6.332601868698e-01 5.144948386272e-04  1 1 1   0.00   0.00   0.00  
C  9.005875612347e-01 6.004150533003e-01 1.694981103712e-01  1 1 1   0.00   0.00   0.00  
C  9.674316821683e-01 6.668418501457e-01 1.695955798454e-01  1 1 1   0.00   0.00   0.00  
C  9.999379575421e-01 6.999222899904e-01 5.588426926092e-04  1 1 1   0.00   0.00   0.00  
C  3.327045298924e-02 7.332539120930e-01 5.289216896386e-04  1 1 1   0.00   0.00   0.00  
C  9.210397259889e-04 7.000082207505e-01 1.695617884971e-01  1 1 1   0.00   0.00   0.00  
C  6.809104606562e-02 7.659778139255e-01 1.695224822196e-01  1 1 1   0.00   0.00   0.00  
C  9.994403877881e-02 6.999260180571e-01 5.092188452518e-04  1 1 1   0.00   0.00   0.00  
C  1.332819486830e-01 7.332585771670e-01 4.638343033292e-04  1 1 1   0.00   0.00   0.00  
C  1.015300435857e-01 6.992288433662e-01 1.694394737518e-01  1 1 1   0.00   0.00   0.00  
C  1.692163299267e-01 7.644941428592e-01 1.695274888383e-01  1 1 1   0.00   0.00   0.00  
C  1.999517568141e-01 6.999448872464e-01 3.495808948433e-04  1 1 1   0.00   0.00   0.00  
C  2.332931272164e-01 7.332667483488e-01 3.687414737807e-04  1 1 1   0.00   0.00   0.00  
C  2.030647555898e-01 6.975783702338e-01 1.692496660943e-01  1 1 1   0.00   0.00   0.00  
C  2.705796834768e-01 7.626005943073e-01 1.694450629804e-01  1 1 1   0.00   0.00   0.00  
C  2.999668482615e-01 6.999405402123e-01 2.886510082782e-04  1 1 1   0.00   0.00   0.00  
C  3.333035189130e-01 7.332608817509e-01 4.106623170902e-04  1 1 1   0.00   0.00   0.00  
C  3.056192257180e-01 6.947014831099e-01 1.690899522002e-01  1 1 1   0.00   0.00   0.00  
C  3.689577352534e-01 7.641396094273e-01 1.695350449637e-01  1 1 1   0.00   0.00   0.00  
C  3.999702614366e-01 6.999254113193e-01 4.341159212929e-04  1 1 1   0.00   0.00   0.00  
C  4.332937870821e-01 7.332547790298e-01 5.221154629479e-04  1 1 1   0.00   0.00   0.00  
C  4.033716578111e-01 6.966960511920e-01 1.693528543468e-01  1 1 1   0.00   0.00   0.00  
C  4.679258639748e-01 7.662782781069e-01 1.695694655658e-01  1 1 1   0.00   0.00   0.00  
C  4.999568652430e-01 6.999214455308e-01 5.769629052682e-04  1 1 1   0.00   0.00   0.00  
C  5.332853310420e-01 7.332582986694e-01 5.351870289175e-04  1 1 1   0.00   0.00   0.00  
C  5.018098961182e-01 6.997957347515e-01 1.695587047574e-01  1 1 1   0.00   0.00   0.00  
C  5.675124593314e-01 7.676134609694e-01 1.694651931760e-01  1 1 1   0.00   0.00   0.00  
C  5.999433898470e-01 6.999382649574e-01 5.464990131542e-04  1 1 1   0.00   0.00   0.00  
C  6.332757000197e-01 7.332683809940e-01 4.800369246313e-04  1 1 1   0.00   0.00   0.00  
C  6.012067524130e-01 7.013302396737e-01 1.695005781321e-01  1 1 1   0.00   0.00   0.00  
C  6.674365738204e-01 7.675952812531e-01 1.692559316029e-01  1 1 1   0.00   0.00   0.00  
C  6.999442508091e-01 6.999442508091e-01 4.767431488006e-04  1 1 1   0.00   0.00   0.00  
C  7.332712185345e-01 7.332712185345e-01 4.351058221862e-04  1 1 1   0.00   0.00   0.00  
C  7.009757241344e-01 7.009757241344e-01 1.692475731808e-01  1 1 1   0.00   0.00   0.00  
C  7.674041489984e-01 7.674041489984e-01 1.692332956012e-01  1 1 1   0.00   0.00   0.00  
C  7.999410420290e-01 6.999376254995e-01 4.582929434676e-04  1 1 1   0.00   0.00   0.00  
C  8.332726980248e-01 7.332692038067e-01 4.469518685539e-04  1 1 1   0.00   0.00   0.00  
C  8.008222852956e-01 7.007006037454e-01 1.692236532691e-01  1 1 1   0.00   0.00   0.00  
C  8.674047687059e-01 7.671483333763e-01 1.693603423438e-01  1 1 1   0.00   0.00   0.00  
C  8.999340240944e-01 6.999304690303e-01 5.111769224149e-04  1 1 1   0.00   0.00   0.00  
C  9.332682514683e-01 7.332621499093e-01 5.095011779563e-04  1 1 1   0.00   0.00   0.00  
C  9.007615588768e-01 7.004113497711e-01 1.694017852003e-01  1 1 1   0.00   0.00   0.00  
C  9.675709396605e-01 7.667532564419e-01 1.695320761911e-01  1 1 1   0.00   0.00   0.00  
C  9.999325925379e-01 7.999233352845e-01 5.507991406230e-04  1 1 1   0.00   0.00   0.00  
C  3.326736893563e-02 8.332564076695e-01 5.337754139142e-04  1 1 1   0.00   0.00   0.00  
C  1.109967600436e-03 7.998424247863e-01 1.695225207396e-01  1 1 1   0.00   0.00   0.00  
C  6.798311196164e-02 8.657131104699e-01 1.696027051295e-01  1 1 1   0.00   0.00   0.00  
C  9.993917346145e-02 7.999234935605e-01 5.456640840614e-04  1 1 1   0.00   0.00   0.00  
C  1.332729204092e-01 8.332524717413e-01 5.277579102126e-04  1 1 1   0.00   0.00   0.00  
C  1.019327611154e-01 7.987422417155e-01 1.695284787782e-01  1 1 1   0.00   0.00   0.00  
C  1.686546153950e-01 8.645377966817e-01 1.695933224564e-01  1 1 1   0.00   0.00   0.00  
C  1.999453458126e-01 7.999238585679e-01 5.186688689984e-04  1 1 1   0.00   0.00   0.00  
C  2.332810824366e-01 8.332509656036e-01 5.229763948134e-04  1 1 1   0.00   0.00   0.00  
C  2.030808617664e-01 7.971585874564e-01 1.695366929508e-01  1 1 1   0.00   0.00   0.00  
C  2.682179879233e-01 8.646654194008e-01 1.695180817527e-01  1 1 1   0.00   0.00   0.00  
C  2.999509405774e-01 7.999195082652e-01 5.272771499271e-04  1 1 1   0.00   0.00   0.00  
C  3.332827914036e-01 8.332495286678e-01 5.289619818895e-04  1 1 1   0.00   0.00   0.00  
C  3.024363859577e-01 7.973941954080e-01 1.695192941997e-01  1 1 1   0.00   0.00   0.00  
C  3.675895308882e-01 8.654621963504e-01 1.695507871202e-01  1 1 1   0.00   0.00   0.00  
C  3.999486211949e-01 7.999173831483e-01 5.590427990764e-04  1 1 1   0.00   0.00   0.00  
C  4.332772169620e-01 8.332517527653e-01 5.252865433248e-04  1 1 1   0.00   0.00   0.00  
C  4.013475225880e-01 7.986062054263e-01 1.695310947413e-01  1 1 1   0.00   0.00   0.00  
C  4.672025307874e-01 8.665932858795e-01 1.696505905806e-01  1 1 1   0.00   0.00   0.00  
C  4.999454735936e-01 7.999220395807e-01 5.371723368722e-04  1 1 1   0.00   0.00   0.00  
C  5.332747210284e-01 8.332554857159e-01 4.937705111493e-04  1 1 1   0.00   0.00   0.00  
C  5.008580301793e-01 8.000690574445e-01 1.695495927999e-01  1 1 1   0.00   0.00   0.00  
C  5.671318487737e-01 8.672867219245e-01 1.695079581082e-01  1 1 1   0.00   0.00   0.00  
C  5.999424763370e-01 7.999298941773e-01 4.968138260533e-04  1 1 1   0.00   0.00   0.00  
C  6.332745015043e-01 8.332655513469e-01 4.559355823414e-04  1 1 1   0.00   0.00   0.00  
C  6.007640873970e-01 8.008465306414e-01 1.693486687258e-01  1 1 1   0.00   0.00   0.00  
C  6.671437013473e-01 8.674266460817e-01 1.693642492678e-01  1 1 1   0.00   0.00   0.00  
C  6.999376254995e-01 7.999410420290e-01 4.582929434676e-04  1 1 1   0.00   0.00   0.00  
C  7.332692038067e-01 8.332726980248e-01 4.469518685539e-04  1 1 1   0.00   0.00   0.00  
C  7.007006037454e-01 8.008222852956e-01 1.692236532691e-01  1 1 1   0.00   0.00   0.00  
C  7.671483333763e-01 8.674047687059e-01 1.693603423438e-01  1 1 1   0.00   0.00   0.00  
C  7.999390653162e-01 7.999390653162e-01 4.700884467580e-04  1 1 1   0.00   0.00   0.00  
C  8.332668104065e-01 8.332668104065e-01 4.744653494175e-04  1 1 1   0.00   0.00   0.00  
C  8.006703119518e-01 8.006703119518e-01 1.692669433365e-01  1 1 1   0.00   0.00   0.00  
C  8.671953916101e-01 8.671953916101e-01 1.694886136550e-01  1 1 1   0.00   0.00   0.00  
C  8.999362166421e-01 7.999256274068e-01 5.198526895910e-04  1 1 1   0.00   0.00   0.00  
C  9.332683077811e-01 8.332583787102e-01 5.156123751017e-04  1 1 1   0.00   0.00   0.00  
C  9.007542966630e-01 8.003918507416e-01 1.694341196041e-01  1 1 1   0.00   0.00   0.00  
C  9.674241478631e-01 8.667011246378e-01 1.695826027434e-01  1 1 1   0.00   0.00   0.00  
C  9.999320705333e-01 8.999217164833e-01 5.572916825560e-04  1 1 1   0.00   0.00   0.00  
C  3.326532091685e-02 9.332555659082e-01 5.411054321805e-04  1 1 1   0.00   0.00   0.00  
C  8.559770239378e-04 8.998233569678e-01 1.696071617343e-01  1 1 1   0.00   0.00   0.00  
C  6.725007485516e-02 9.659534509970e-01 1.696779821934e-01  1 1 1   0.00   0.00   0.00  
C  9.993328006916e-02 8.999210732872e-01 5.645804404189e-04  1 1 1   0.00   0.00   0.00  
C  1.332685520553e-01 9.332538938335e-01 5.370206767288e-04  1 1 1   0.00   0.00   0.00  
C  1.014582096764e-01 8.987694957757e-01 1.695956599808e-01  1 1 1   0.00   0.00   0.00  
C  1.673097682239e-01 9.654916953983e-01 1.695334721044e-01  1 1 1   0.00   0.00   0.00  
C  1.999395919481e-01 8.999174915566e-01 5.560360120712e-04  1 1 1   0.00   0.00   0.00  
C  2.332735892474e-01 9.332511607554e-01 5.224792680498e-04  1 1 1   0.00   0.00   0.00  
C  2.013749305058e-01 8.983713686965e-01 1.694988898517e-01  1 1 1   0.00   0.00   0.00  
C  2.670991203199e-01 9.655949175982e-01 1.694939034525e-01  1 1 1   0.00   0.00   0.00  
C  2.999437725208e-01 8.999167051527e-01 5.421288752586e-04  1 1 1   0.00   0.00   0.00  
C  3.332743154593e-01 9.332493419143e-01 5.160643093494e-04  1 1 1   0.00   0.00   0.00  
C  3.009103223124e-01 8.986291074129e-01 1.694794408569e-01  1 1 1   0.00   0.00   0.00  
C  3.669006468316e-01 9.659925281813e-01 1.696510351257e-01  1 1 1   0.00   0.00   0.00  
C  3.999427561027e-01 8.999168375453e-01 5.401671807516e-04  1 1 1   0.00   0.00   0.00  
C  4.332731761789e-01 9.332508540651e-01 5.155544003191e-04  1 1 1   0.00   0.00   0.00  
C  4.005356083812e-01 8.993075554054e-01 1.696107949072e-01  1 1 1   0.00   0.00   0.00  
C  4.668187830989e-01 9.665810119956e-01 1.697777691474e-01  1 1 1   0.00   0.00   0.00  
C  4.999365379295e-01 8.999232423821e-01 5.285163245392e-04  1 1 1   0.00   0.00   0.00  
C  5.332658768047e-01 9.332594167667e-01 5.203236119944e-04  1 1 1   0.00   0.00   0.00  
C  5.004050821718e-01 9.000811482157e-01 1.696598409861e-01  1 1 1   0.00   0.00   0.00  
C  5.668430581565e-01 9.671263196440e-01 1.697236363824e-01  1 1 1   0.00   0.00   0.00  
C  5.999339599333e-01 8.999303378502e-01 5.156147256802e-04  1 1 1   0.00   0.00   0.00  
C  6.332601868698e-01 9.332659975510e-01 5.144948386272e-04  1 1 1   0.00   0.00   0.00  
C  6.004150533003e-01 9.005875612347e-01 1.694981103712e-01  1 1 1   0.00   0.00   0.00  
C  6.668418501457e-01 9.674316821683e-01 1.695955798454e-01  1 1 1   0.00   0.00   0.00  
C  6.999304690303e-01 8.999340240944e-01 5.111769224149e-04  1 1 1   0.00   0.00   0.00  
C  7.332621499093e-01 9.332682514683e-01 5.095011779563e-04  1 1 1   0.00   0.00   0.00  
C  7.004113497711e-01 9.007615588768e-01 1.694017852003e-01  1 1 1   0.00   0.00   0.00  
C  7.667532564419e-01 9.675709396605e-01 1.695320761911e-01  1 1 1   0.00   0.00   0.00  
C  7.999256274068e-01 8.999362166421e-01 5.198526895910e-04  1 1 1   0.00   0.00   0.00  
C  8.332583787102e-01 9.332683077811e-01 5.156123751017e-04  1 1 1   0.00   0.00   0.00  
C  8.003918507416e-01 9.007542966630e-01 1.694341196041e-01  1 1 1   0.00   0.00   0.00  
C  8.667011246378e-01 9.674241478631e-01 1.695826027434e-01  1 1 1   0.00   0.00   0.00  
C  8.999297082749e-01 8.999297082749e-01 5.400582668955e-04  1 1 1   0.00   0.00   0.00  
C  9.332596127077e-01 9.332596127077e-01 5.275030765165e-04  1 1 1   0.00   0.00   0.00  
C  9.004882548829e-01 9.004882548829e-01 1.695330638466e-01  1 1 1   0.00   0.00   0.00  
C  9.668586717171e-01 9.668586717171e-01 1.696964605580e-01  1 1 1   0.00   0.00   0.00  
O  4.627430779542e-01 4.627430779542e-01 1.635466411435e-01  1 1 1   0.00   0.00   0.00  
"  
