calculation_mode = "Quench Electrons"
spinorbit="True"
ecutwfc="200"
unoccupied_states_per_kpoint = "3072"
preconditioner_threshold="1.0e-6"
cell_relax = "False"
charge_density_mixing = "0.1"
charge_mixing_type = "Broyden"
description = "Example parameters for high-throughput bulk relaxation of a vdW material"
dipole_moment = "True"
dos_broading = "0.05"
dos_method = "Gaussian"
energy_convergence_criterion = "3.936e-08"
energy_output_units = "Hartrees"
kohn_sham_mucycles = "3"
kohn_sham_solver = "multigrid"
kpoint_distribution = "1"
kpoint_mesh = "1 1 1"
localize_projectors = "False"
max_md_steps = "100"
max_scf_steps = "200"
#non_local_block_size = "14000"
#potential_acceleration_constant_step = "1.5"
processor_grid = "16 12 28"
#coalesce_states="true"
#coalesce_factor="4"
pseudopotential = "Bi Bi.upf
Se Se.upf
Nb Nb.upf"
rms_convergence_criterion = "3.936e-05"
scalapack_block_factor = "64"
#start_mode = "LCAO Start"
start_mode="Restart From File"
state_block_size = "64"
#stress = "True"
subdiag_driver = "scalapack"
use_async_allreduce = "False"
vdw_corr = "DFT-D3"
vdwdf_kernel_filepath = "/lustre/orion/world-shared/cph162/rjmorelock/rmgdft/XC/vdW_kernel_table"
#wavefunction_grid = "180 230 426"
wavefunction_grid = "192 240 448"
write_data_period = "10"

atomic_coordinate_type = "Absolute"
crds_units = "Angstrom"
lattice_units = "Angstrom"

lattice_vector = "
2.106813381420e+01 0.000000000000e+00 0.000000000000e+00
9.964407598559e+00 2.514914875844e+01 0.000000000000e+00
0.000000000000e+00 0.000000000000e+00 4.998925800348e+01
"
atoms = "
Nb 1.656268871192e+01 2.684712297236e+00 1.790558149918e+01 1 1 1 0.0 0.0 0.0
Nb 1.945278771725e+01 4.653246265886e+00 1.789275921693e+01 1 1 1 0.0 0.0 0.0
Nb 1.057857690512e+01 2.235606233648e+00 1.788394957993e+01 1 1 1 0.0 0.0 0.0
Nb 1.346292100203e+01 4.207443750028e+00 1.788778172281e+01 1 1 1 0.0 0.0 0.0
Nb 1.626177434474e+01 6.182074951858e+00 1.789302100092e+01 1 1 1 0.0 0.0 0.0
Nb 1.917503972459e+01 8.133983282617e+00 1.789335787515e+01 1 1 1 0.0 0.0 0.0
Nb 2.199697524973e+01 1.010779124340e+01 1.790583529259e+01 1 1 1 0.0 0.0 0.0
Nb 4.602588762852e+00 1.705112920835e+00 1.788197072160e+01 1 1 1 0.0 0.0 0.0
Nb 7.494023729065e+00 3.692696741272e+00 1.789575727064e+01 1 1 1 0.0 0.0 0.0
Nb 1.031542923027e+01 5.641068845064e+00 1.788307569662e+01 1 1 1 0.0 0.0 0.0
Nb 1.318778778000e+01 7.644785480620e+00 1.788722703922e+01 1 1 1 0.0 0.0 0.0
Nb 1.598560441156e+01 9.595272811712e+00 1.788959156192e+01 1 1 1 0.0 0.0 0.0
Nb 1.888628844356e+01 1.157763322936e+01 1.791029795017e+01 1 1 1 0.0 0.0 0.0
Nb 2.170566608463e+01 1.357451326528e+01 1.789502081466e+01 1 1 1 0.0 0.0 0.0
Nb 2.456283587145e+01 1.550579193850e+01 1.790097691627e+01 1 1 1 0.0 0.0 0.0
Nb 1.975248444758e+01 1.231705238771e+00 1.790148169845e+01 1 1 1 0.0 0.0 0.0
Nb 1.492113521754e+00 3.199001091411e+00 1.789947108949e+01 1 1 1 0.0 0.0 0.0
Nb 4.339178563171e+00 5.155557926796e+00 1.790172284452e+01 1 1 1 0.0 0.0 0.0
Nb 7.195779114026e+00 7.138689990708e+00 1.788590541904e+01 1 1 1 0.0 0.0 0.0
Nb 1.004398014024e+01 9.118330543131e+00 1.786821380650e+01 1 1 1 0.0 0.0 0.0
Nb 1.290616102394e+01 1.107052664048e+01 1.788455569955e+01 1 1 1 0.0 0.0 0.0
Nb 1.571188753243e+01 1.305491010275e+01 1.787833744353e+01 1 1 1 0.0 0.0 0.0
Nb 1.862532161400e+01 1.503889657625e+01 1.789798971070e+01 1 1 1 0.0 0.0 0.0
Nb 2.141959550971e+01 1.697133102549e+01 1.789812549758e+01 1 1 1 0.0 0.0 0.0
Nb 2.432916659735e+01 1.898461148147e+01 1.788539910225e+01 1 1 1 0.0 0.0 0.0
Nb 2.710260810772e+01 2.092382421501e+01 1.788601051364e+01 1 1 1 0.0 0.0 0.0
Nb 2.227245222530e+01 6.652263437046e+00 1.791600115797e+01 1 1 1 0.0 0.0 0.0
Nb 4.055088910365e+00 8.621841472409e+00 1.790523213636e+01 1 1 1 0.0 0.0 0.0
Nb 6.892591348468e+00 1.063985065628e+01 1.788522479126e+01 1 1 1 0.0 0.0 0.0
Nb 9.739456149214e+00 1.255750216865e+01 1.788580498120e+01 1 1 1 0.0 0.0 0.0
Nb 1.259823971497e+01 1.457279000560e+01 1.787960810394e+01 1 1 1 0.0 0.0 0.0
Nb 1.541364355241e+01 1.653295461272e+01 1.788341135375e+01 1 1 1 0.0 0.0 0.0
Nb 1.828978677782e+01 1.849851418189e+01 1.788936152857e+01 1 1 1 0.0 0.0 0.0
Nb 2.113478400622e+01 2.050507747354e+01 1.787510030755e+01 1 1 1 0.0 0.0 0.0
Nb 2.400677361357e+01 2.243004232132e+01 1.789757848706e+01 1 1 1 0.0 0.0 0.0
Nb 2.680011218850e+01 2.442416968303e+01 1.789365315606e+01 1 1 1 0.0 0.0 0.0
Nb 2.488156843037e+01 1.208646572984e+01 1.789115596862e+01 1 1 1 0.0 0.0 0.0
Nb 6.620288430953e+00 1.401871692500e+01 1.787900346602e+01 1 1 1 0.0 0.0 0.0
Nb 9.513136459174e+00 1.599942435168e+01 1.786930147742e+01 1 1 1 0.0 0.0 0.0
Nb 1.235594929681e+01 1.796013708059e+01 1.789369051597e+01 1 1 1 0.0 0.0 0.0
Nb 1.515660512306e+01 1.991710932011e+01 1.787980770960e+01 1 1 1 0.0 0.0 0.0
Nb 1.806556601642e+01 2.193472664823e+01 1.789332353155e+01 1 1 1 0.0 0.0 0.0
Nb 2.085055290433e+01 2.385642652531e+01 1.788975650647e+01 1 1 1 0.0 0.0 0.0
Nb 1.377417898522e+01 7.110352549025e-01 1.787897515503e+01 1 1 1 0.0 0.0 0.0
Nb 2.738339437155e+01 1.753245121243e+01 1.787816355589e+01 1 1 1 0.0 0.0 0.0
Nb 9.190079887120e+00 1.947209951177e+01 1.789309323361e+01 1 1 1 0.0 0.0 0.0
Nb 1.201560995455e+01 2.146710223849e+01 1.788817119727e+01 1 1 1 0.0 0.0 0.0
Nb 1.486419659223e+01 2.345506426190e+01 1.787138119692e+01 1 1 1 0.0 0.0 0.0
Nb 7.752078549151e+00 2.601263902626e-01 1.788754645061e+01 1 1 1 0.0 0.0 0.0
Nb 2.999453658464e+01 2.290826498717e+01 1.787900436562e+01 1 1 1 0.0 0.0 0.0
Nb 1.176751747827e+01 2.490755510796e+01 1.790116546212e+01 1 1 1 0.0 0.0 0.0
Nb 1.660277399436e+01 2.705035243648e+00 1.153662612015e+01 1 1 1 0.0 0.0 0.0
Nb 1.942681522161e+01 4.672574941165e+00 1.153823778237e+01 1 1 1 0.0 0.0 0.0
Nb 1.059136992386e+01 2.238586242408e+00 1.151451804720e+01 1 1 1 0.0 0.0 0.0
Nb 1.346848344868e+01 4.220418170736e+00 1.152558907026e+01 1 1 1 0.0 0.0 0.0
Nb 1.629109901950e+01 6.174313191641e+00 1.151882994218e+01 1 1 1 0.0 0.0 0.0
Nb 1.913133989695e+01 8.164264286501e+00 1.152633267013e+01 1 1 1 0.0 0.0 0.0
Nb 2.198659062247e+01 1.015282047013e+01 1.151754451772e+01 1 1 1 0.0 0.0 0.0
Nb 4.609542204822e+00 1.751102710109e+00 1.151824800596e+01 1 1 1 0.0 0.0 0.0
Nb 7.465862556323e+00 3.731237037822e+00 1.151416773186e+01 1 1 1 0.0 0.0 0.0
Nb 1.028835943268e+01 5.704874127273e+00 1.151963476786e+01 1 1 1 0.0 0.0 0.0
Nb 1.317347194788e+01 7.653788426075e+00 1.153348529442e+01 1 1 1 0.0 0.0 0.0
Nb 1.600518254099e+01 9.627098325233e+00 1.151040538746e+01 1 1 1 0.0 0.0 0.0
Nb 1.886331035031e+01 1.160553997368e+01 1.152418892018e+01 1 1 1 0.0 0.0 0.0
Nb 2.170405384031e+01 1.355127259427e+01 1.151010566146e+01 1 1 1 0.0 0.0 0.0
Nb 2.456330498708e+01 1.552373020055e+01 1.150989192677e+01 1 1 1 0.0 0.0 0.0
Nb 1.968464577637e+01 1.241320971480e+00 1.152202199226e+01 1 1 1 0.0 0.0 0.0
Nb 1.493493721855e+00 3.195122645518e+00 1.150196400490e+01 1 1 1 0.0 0.0 0.0
Nb 4.339611747667e+00 5.175164843473e+00 1.151615590370e+01 1 1 1 0.0 0.0 0.0
Nb 7.212458727997e+00 7.151182278025e+00 1.151152020517e+01 1 1 1 0.0 0.0 0.0
Nb 1.003312406898e+01 9.099645294469e+00 1.151967752538e+01 1 1 1 0.0 0.0 0.0
Nb 1.290943006932e+01 1.108324081182e+01 1.151412523893e+01 1 1 1 0.0 0.0 0.0
Nb 1.575894435471e+01 1.306814514325e+01 1.151324849806e+01 1 1 1 0.0 0.0 0.0
Nb 1.858099883889e+01 1.502684419398e+01 1.150722042835e+01 1 1 1 0.0 0.0 0.0
Nb 2.140892147542e+01 1.700784743073e+01 1.150421173818e+01 1 1 1 0.0 0.0 0.0
Nb 2.428753505899e+01 1.900490833944e+01 1.150786777088e+01 1 1 1 0.0 0.0 0.0
Nb 2.711812739474e+01 2.096956253925e+01 1.150381178602e+01 1 1 1 0.0 0.0 0.0
Nb 2.228369380219e+01 6.649708675124e+00 1.151602572610e+01 1 1 1 0.0 0.0 0.0
Nb 4.070091984975e+00 8.653260630720e+00 1.149683230853e+01 1 1 1 0.0 0.0 0.0
Nb 6.908373848249e+00 1.060202570154e+01 1.150610799194e+01 1 1 1 0.0 0.0 0.0
Nb 9.721519950948e+00 1.258633751321e+01 1.148903324131e+01 1 1 1 0.0 0.0 0.0
Nb 1.260859624291e+01 1.459232283747e+01 1.149860245934e+01 1 1 1 0.0 0.0 0.0
Nb 1.543417250752e+01 1.655056600199e+01 1.150272755475e+01 1 1 1 0.0 0.0 0.0
Nb 1.826872726960e+01 1.852617253041e+01 1.150699949685e+01 1 1 1 0.0 0.0 0.0
Nb 2.110679534526e+01 2.050773341415e+01 1.151637418932e+01 1 1 1 0.0 0.0 0.0
Nb 2.397997353763e+01 2.246573643804e+01 1.152024289835e+01 1 1 1 0.0 0.0 0.0
Nb 2.681739554079e+01 2.442174594540e+01 1.151943611472e+01 1 1 1 0.0 0.0 0.0
Nb 2.483684977777e+01 1.210739151497e+01 1.152253074327e+01 1 1 1 0.0 0.0 0.0
Nb 6.600051581679e+00 1.406337630975e+01 1.150999506342e+01 1 1 1 0.0 0.0 0.0
Nb 9.435490704771e+00 1.604176117748e+01 1.151442702871e+01 1 1 1 0.0 0.0 0.0
Nb 1.231775682846e+01 1.800068301183e+01 1.150238607667e+01 1 1 1 0.0 0.0 0.0
Nb 1.515271577612e+01 1.996834013378e+01 1.150619774040e+01 1 1 1 0.0 0.0 0.0
Nb 1.801735897447e+01 2.194912503200e+01 1.151619881998e+01 1 1 1 0.0 0.0 0.0
Nb 2.084101797699e+01 2.390597677787e+01 1.152683575894e+01 1 1 1 0.0 0.0 0.0
Nb 1.376064358371e+01 7.311775402018e-01 1.153223140893e+01 1 1 1 0.0 0.0 0.0
Nb 2.741182605970e+01 1.749900699863e+01 1.151330400876e+01 1 1 1 0.0 0.0 0.0
Nb 9.169745087137e+00 1.946521322239e+01 1.151294766080e+01 1 1 1 0.0 0.0 0.0
Nb 1.203535043557e+01 2.144452266861e+01 1.151275440527e+01 1 1 1 0.0 0.0 0.0
Nb 1.488280579812e+01 2.344255752805e+01 1.151346900622e+01 1 1 1 0.0 0.0 0.0
Nb 7.763407810711e+00 2.507556137020e-01 1.151150485903e+01 1 1 1 0.0 0.0 0.0
Nb 2.993553702561e+01 2.294432598248e+01 1.151707201536e+01 1 1 1 0.0 0.0 0.0
Nb 1.173653991838e+01 2.493590249818e+01 1.150281105892e+01 1 1 1 0.0 0.0 0.0
Bi 1.406083229013e+01 2.143276974775e+00 3.835982763496e+01 1 1 1 0.0 0.0 0.0
Bi 1.606883452055e+01 5.734951239163e+00 3.836296782567e+01 1 1 1 0.0 0.0 0.0
Bi 1.809929921392e+01 9.330851936403e+00 3.836983490592e+01 1 1 1 0.0 0.0 0.0
Bi 2.012062427536e+01 1.292923002985e+01 3.836602890439e+01 1 1 1 0.0 0.0 0.0
Bi 2.215656748787e+01 1.653034455177e+01 3.835703770667e+01 1 1 1 0.0 0.0 0.0
Bi 2.417366378807e+01 2.010725297171e+01 3.834745970430e+01 1 1 1 0.0 0.0 0.0
Bi 2.620819700781e+01 2.371380404902e+01 3.835108631474e+01 1 1 1 0.0 0.0 0.0
Bi 9.826408808484e+00 2.148613621495e+00 3.833981304013e+01 1 1 1 0.0 0.0 0.0
Bi 1.185610402522e+01 5.726906210364e+00 3.836916697839e+01 1 1 1 0.0 0.0 0.0
Bi 1.388018969852e+01 9.336545301508e+00 3.837002228758e+01 1 1 1 0.0 0.0 0.0
Bi 1.591265896823e+01 1.292174730480e+01 3.836629566264e+01 1 1 1 0.0 0.0 0.0
Bi 1.794262295409e+01 1.652890831180e+01 3.836166837802e+01 1 1 1 0.0 0.0 0.0
Bi 1.995815849892e+01 2.011816688205e+01 3.836058065419e+01 1 1 1 0.0 0.0 0.0
Bi 2.199256508653e+01 2.371057474486e+01 3.835231151882e+01 1 1 1 0.0 0.0 0.0
Bi 5.621514740277e+00 2.140541181315e+00 3.836630190693e+01 1 1 1 0.0 0.0 0.0
Bi 7.644566771663e+00 5.737677719103e+00 3.834915391818e+01 1 1 1 0.0 0.0 0.0
Bi 9.683486447449e+00 9.339764180878e+00 3.837048875732e+01 1 1 1 0.0 0.0 0.0
Bi 1.169688131155e+01 1.291742572588e+01 3.834702927152e+01 1 1 1 0.0 0.0 0.0
Bi 1.373173045010e+01 1.652374057846e+01 3.836027145592e+01 1 1 1 0.0 0.0 0.0
Bi 1.574859311854e+01 2.011581971636e+01 3.833398589902e+01 1 1 1 0.0 0.0 0.0
Bi 1.777049149061e+01 2.371123235342e+01 3.834304536060e+01 1 1 1 0.0 0.0 0.0
Bi 1.418531425281e+00 2.156522387153e+00 3.835812024457e+01 1 1 1 0.0 0.0 0.0
Bi 3.428910984497e+00 5.737696822402e+00 3.834264990644e+01 1 1 1 0.0 0.0 0.0
Bi 5.464365872245e+00 9.327579080954e+00 3.834616274378e+01 1 1 1 0.0 0.0 0.0
Bi 7.491010382139e+00 1.293129260402e+01 3.835700849608e+01 1 1 1 0.0 0.0 0.0
Bi 9.515375302279e+00 1.653020765362e+01 3.835234215818e+01 1 1 1 0.0 0.0 0.0
Bi 1.153735209841e+01 2.012433052697e+01 3.834715997830e+01 1 1 1 0.0 0.0 0.0
Bi 1.356606235753e+01 2.370388520358e+01 3.834148174767e+01 1 1 1 0.0 0.0 0.0
Bi 1.825993652422e+01 2.150069441025e+00 3.836056239757e+01 1 1 1 0.0 0.0 0.0
Bi 2.028331971473e+01 5.751443683141e+00 3.834857102944e+01 1 1 1 0.0 0.0 0.0
Bi 2.231078243848e+01 9.339370102580e+00 3.835623430977e+01 1 1 1 0.0 0.0 0.0
Bi 2.434741485144e+01 1.293225623579e+01 3.835594336812e+01 1 1 1 0.0 0.0 0.0
Bi 2.637288755124e+01 1.651865904809e+01 3.834424574627e+01 1 1 1 0.0 0.0 0.0
Bi 2.838951367745e+01 2.011782789110e+01 3.835527110134e+01 1 1 1 0.0 0.0 0.0
Bi 3.042135703631e+01 2.370845549581e+01 3.835649143699e+01 1 1 1 0.0 0.0 0.0
Bi 1.622680239621e+01 9.215762023203e-01 3.446186399132e+01 1 1 1 0.0 0.0 0.0
Bi 1.824504362431e+01 4.522112968521e+00 3.448143772859e+01 1 1 1 0.0 0.0 0.0
Bi 2.027020934838e+01 8.102520943443e+00 3.447320050261e+01 1 1 1 0.0 0.0 0.0
Bi 2.229666473033e+01 1.169382494251e+01 3.447503717101e+01 1 1 1 0.0 0.0 0.0
Bi 2.432393636818e+01 1.529627219733e+01 3.445593318439e+01 1 1 1 0.0 0.0 0.0
Bi 2.635777398442e+01 1.888184928146e+01 3.445950851755e+01 1 1 1 0.0 0.0 0.0
Bi 2.838271591943e+01 2.248085799544e+01 3.446151764481e+01 1 1 1 0.0 0.0 0.0
Bi 1.200340294669e+01 9.134824362970e-01 3.446271781881e+01 1 1 1 0.0 0.0 0.0
Bi 1.404313792586e+01 4.514612304359e+00 3.446520436979e+01 1 1 1 0.0 0.0 0.0
Bi 1.605525551484e+01 8.105508413602e+00 3.448102370031e+01 1 1 1 0.0 0.0 0.0
Bi 1.808086802326e+01 1.170033435185e+01 3.449266634063e+01 1 1 1 0.0 0.0 0.0
Bi 2.011695871747e+01 1.528785298730e+01 3.448732688927e+01 1 1 1 0.0 0.0 0.0
Bi 2.214238331505e+01 1.889136955059e+01 3.446957791392e+01 1 1 1 0.0 0.0 0.0
Bi 2.415838718174e+01 2.246704578131e+01 3.445509655516e+01 1 1 1 0.0 0.0 0.0
Bi 7.797998857452e+00 9.229257101407e-01 3.446586732305e+01 1 1 1 0.0 0.0 0.0
Bi 9.820357825395e+00 4.518342580622e+00 3.447266121808e+01 1 1 1 0.0 0.0 0.0
Bi 1.183262368983e+01 8.092770058864e+00 3.446490363836e+01 1 1 1 0.0 0.0 0.0
Bi 1.387586102863e+01 1.169946247941e+01 3.448723073777e+01 1 1 1 0.0 0.0 0.0
Bi 1.590327067591e+01 1.529126469886e+01 3.445397475231e+01 1 1 1 0.0 0.0 0.0
Bi 1.793166427536e+01 1.889521174784e+01 3.446615932305e+01 1 1 1 0.0 0.0 0.0
Bi 1.994281516333e+01 2.247284625189e+01 3.445654343159e+01 1 1 1 0.0 0.0 0.0
Bi 3.589195809825e+00 9.150859491969e-01 3.445985491698e+01 1 1 1 0.0 0.0 0.0
Bi 5.611687072080e+00 4.512637044441e+00 3.445769259290e+01 1 1 1 0.0 0.0 0.0
Bi 7.642630194603e+00 8.097010461996e+00 3.447082100419e+01 1 1 1 0.0 0.0 0.0
Bi 9.658398683251e+00 1.170273856285e+01 3.446018872199e+01 1 1 1 0.0 0.0 0.0
Bi 1.168917564412e+01 1.529961860842e+01 3.446571788339e+01 1 1 1 0.0 0.0 0.0
Bi 1.371544639612e+01 1.889531086274e+01 3.446466037558e+01 1 1 1 0.0 0.0 0.0
Bi 1.574254816808e+01 2.248444851599e+01 3.446075266618e+01 1 1 1 0.0 0.0 0.0
Bi 2.044202478721e+01 9.370844295325e-01 3.446130041755e+01 1 1 1 0.0 0.0 0.0
Bi 2.244639003532e+01 4.520518134128e+00 3.446377130488e+01 1 1 1 0.0 0.0 0.0
Bi 3.417024287624e+00 8.113966094820e+00 3.445086816435e+01 1 1 1 0.0 0.0 0.0
Bi 5.449678398946e+00 1.169359819006e+01 3.447425044319e+01 1 1 1 0.0 0.0 0.0
Bi 7.484871238120e+00 1.529563961885e+01 3.446592193414e+01 1 1 1 0.0 0.0 0.0
Bi 9.494771680254e+00 1.890091437355e+01 3.447080692808e+01 1 1 1 0.0 0.0 0.0
Bi 1.152663922251e+01 2.247322974664e+01 3.445525790130e+01 1 1 1 0.0 0.0 0.0
Bi 1.623763095026e+01 8.810966299053e-01 2.827005175474e+01 1 1 1 0.0 0.0 0.0
Bi 1.828436361062e+01 4.482936283411e+00 2.828342718597e+01 1 1 1 0.0 0.0 0.0
Bi 2.029598461966e+01 8.088998242187e+00 2.827221513717e+01 1 1 1 0.0 0.0 0.0
Bi 2.232457703101e+01 1.167152176191e+01 2.827502998971e+01 1 1 1 0.0 0.0 0.0
Bi 2.433905946019e+01 1.527429827082e+01 2.827459405349e+01 1 1 1 0.0 0.0 0.0
Bi 2.634552294901e+01 1.886020826035e+01 2.828461905189e+01 1 1 1 0.0 0.0 0.0
Bi 2.838376887632e+01 2.244820431952e+01 2.826670386196e+01 1 1 1 0.0 0.0 0.0
Bi 1.202243427727e+01 8.922594123020e-01 2.828651916863e+01 1 1 1 0.0 0.0 0.0
Bi 1.405739634225e+01 4.488901486868e+00 2.827608347578e+01 1 1 1 0.0 0.0 0.0
Bi 1.609338310605e+01 8.069080963054e+00 2.828020783034e+01 1 1 1 0.0 0.0 0.0
Bi 1.810046927774e+01 1.167455013747e+01 2.827908322285e+01 1 1 1 0.0 0.0 0.0
Bi 2.011096022877e+01 1.526159272507e+01 2.829076438728e+01 1 1 1 0.0 0.0 0.0
Bi 2.213427600209e+01 1.887445688696e+01 2.828051570566e+01 1 1 1 0.0 0.0 0.0
Bi 2.416003249965e+01 2.244561352063e+01 2.828409135633e+01 1 1 1 0.0 0.0 0.0
Bi 7.814861407997e+00 8.947231028201e-01 2.827840502929e+01 1 1 1 0.0 0.0 0.0
Bi 9.838715725011e+00 4.500441255137e+00 2.826855111390e+01 1 1 1 0.0 0.0 0.0
Bi 1.187086166742e+01 8.079989475782e+00 2.829644674550e+01 1 1 1 0.0 0.0 0.0
Bi 1.387763895835e+01 1.166635778573e+01 2.828163692642e+01 1 1 1 0.0 0.0 0.0
Bi 1.590733539219e+01 1.526113810890e+01 2.829246092954e+01 1 1 1 0.0 0.0 0.0
Bi 1.792064892175e+01 1.884313927776e+01 2.828130682565e+01 1 1 1 0.0 0.0 0.0
Bi 1.995166110190e+01 2.244374160903e+01 2.828033948964e+01 1 1 1 0.0 0.0 0.0
Bi 3.607958582954e+00 8.921121951913e-01 2.826158248454e+01 1 1 1 0.0 0.0 0.0
Bi 5.632288524478e+00 4.486875690524e+00 2.827295863120e+01 1 1 1 0.0 0.0 0.0
Bi 7.656601056071e+00 8.083008326152e+00 2.829107374430e+01 1 1 1 0.0 0.0 0.0
Bi 9.683429402141e+00 1.168435240516e+01 2.827996472631e+01 1 1 1 0.0 0.0 0.0
Bi 1.167234944805e+01 1.526898617793e+01 2.827492484219e+01 1 1 1 0.0 0.0 0.0
Bi 1.371679680354e+01 1.884616722998e+01 2.826533927258e+01 1 1 1 0.0 0.0 0.0
Bi 1.574267681106e+01 2.244615010636e+01 2.827503401146e+01 1 1 1 0.0 0.0 0.0
Bi 2.045528708034e+01 8.757053191749e-01 2.827949344105e+01 1 1 1 0.0 0.0 0.0
Bi 2.248756685168e+01 4.497004407658e+00 2.826183622503e+01 1 1 1 0.0 0.0 0.0
Bi 3.450559784507e+00 8.072876222283e+00 2.826742798810e+01 1 1 1 0.0 0.0 0.0
Bi 5.466641440251e+00 1.166530086001e+01 2.827745759034e+01 1 1 1 0.0 0.0 0.0
Bi 7.470319022526e+00 1.527497836942e+01 2.828619626468e+01 1 1 1 0.0 0.0 0.0
Bi 9.493415875225e+00 1.885855976739e+01 2.826417968648e+01 1 1 1 0.0 0.0 0.0
Bi 1.152586418951e+01 2.244808292626e+01 2.828399880323e+01 1 1 1 0.0 0.0 0.0
Bi 2.415031013772e+01 2.480992936692e+01 2.444387317456e+01 1 1 1 0.0 0.0 0.0
Bi 1.621715475412e+01 3.258608939681e+00 2.445446598014e+01 1 1 1 0.0 0.0 0.0
Bi 1.826847945589e+01 6.843892436269e+00 2.444193882004e+01 1 1 1 0.0 0.0 0.0
Bi 2.027798460262e+01 1.044901669296e+01 2.446486119093e+01 1 1 1 0.0 0.0 0.0
Bi 2.230950246455e+01 1.405182505834e+01 2.443302244798e+01 1 1 1 0.0 0.0 0.0
Bi 2.431125368289e+01 1.762752197988e+01 2.444633173205e+01 1 1 1 0.0 0.0 0.0
Bi 2.632874194468e+01 2.121141188818e+01 2.443695592831e+01 1 1 1 0.0 0.0 0.0
Bi 1.993608540459e+01 2.481442192301e+01 2.444915499851e+01 1 1 1 0.0 0.0 0.0
Bi 1.202290635630e+01 3.258971584850e+00 2.444667485058e+01 1 1 1 0.0 0.0 0.0
Bi 1.404417781208e+01 6.845277981060e+00 2.446871492425e+01 1 1 1 0.0 0.0 0.0
Bi 1.604688726457e+01 1.044928678503e+01 2.444602121084e+01 1 1 1 0.0 0.0 0.0
Bi 1.810529077041e+01 1.402848601328e+01 2.444356048372e+01 1 1 1 0.0 0.0 0.0
Bi 2.009123064880e+01 1.761170185560e+01 2.445853556485e+01 1 1 1 0.0 0.0 0.0
Bi 2.210881051117e+01 2.122634479389e+01 2.445175304713e+01 1 1 1 0.0 0.0 0.0
Bi 1.572601561246e+01 2.482016466035e+01 2.446376171936e+01 1 1 1 0.0 0.0 0.0
Bi 7.794149357554e+00 3.267411485712e+00 2.444962189160e+01 1 1 1 0.0 0.0 0.0
Bi 9.824766295221e+00 6.861020051698e+00 2.445975261961e+01 1 1 1 0.0 0.0 0.0
Bi 1.184972093049e+01 1.045323338895e+01 2.445105834324e+01 1 1 1 0.0 0.0 0.0
Bi 1.386665350325e+01 1.404058718569e+01 2.444162882801e+01 1 1 1 0.0 0.0 0.0
Bi 1.587613790623e+01 1.763371356537e+01 2.446267542431e+01 1 1 1 0.0 0.0 0.0
Bi 1.790993488166e+01 2.121914496699e+01 2.443639806965e+01 1 1 1 0.0 0.0 0.0
Bi 1.151777920783e+01 2.480622142194e+01 2.442608847974e+01 1 1 1 0.0 0.0 0.0
Bi 3.571415613012e+00 3.260036342393e+00 2.444560443084e+01 1 1 1 0.0 0.0 0.0
Bi 5.620169677546e+00 6.857840648951e+00 2.446240840147e+01 1 1 1 0.0 0.0 0.0
Bi 7.645886433887e+00 1.046623188722e+01 2.445974976205e+01 1 1 1 0.0 0.0 0.0
Bi 9.668972173863e+00 1.402534063663e+01 2.445030934576e+01 1 1 1 0.0 0.0 0.0
Bi 1.168110024055e+01 1.761213244713e+01 2.444593257366e+01 1 1 1 0.0 0.0 0.0
Bi 1.370286975795e+01 2.122180450601e+01 2.444892020257e+01 1 1 1 0.0 0.0 0.0
Bi 2.837585915815e+01 2.481005732198e+01 2.445141828961e+01 1 1 1 0.0 0.0 0.0
Bi 2.044788367896e+01 3.240721108216e+00 2.446610840879e+01 1 1 1 0.0 0.0 0.0
Bi 2.247019930729e+01 6.853305811598e+00 2.443311140268e+01 1 1 1 0.0 0.0 0.0
Bi 2.448129489624e+01 1.044515110607e+01 2.445104627800e+01 1 1 1 0.0 0.0 0.0
Bi 2.650748277908e+01 1.403968679060e+01 2.445879592006e+01 1 1 1 0.0 0.0 0.0
Bi 7.463302290957e+00 1.764350985335e+01 2.443838206100e+01 1 1 1 0.0 0.0 0.0
Bi 9.493223889719e+00 2.121285781210e+01 2.446011103136e+01 1 1 1 0.0 0.0 0.0
Se 1.572133080628e+01 9.233510628134e-01 9.825996367736e+00 1 1 1 0.0 0.0 0.0
Se 1.856664315973e+01 2.885915594589e+00 9.824734121244e+00 1 1 1 0.0 0.0 0.0
Se 9.755938221318e+00 4.172544087115e-01 9.823946017567e+00 1 1 1 0.0 0.0 0.0
Se 1.260654552232e+01 2.395102214450e+00 9.846234751624e+00 1 1 1 0.0 0.0 0.0
Se 1.545607134378e+01 4.355570728060e+00 9.832789574835e+00 1 1 1 0.0 0.0 0.0
Se 1.830092961023e+01 6.330543566722e+00 9.845390131817e+00 1 1 1 0.0 0.0 0.0
Se 2.114438063563e+01 8.311995810375e+00 9.843602835658e+00 1 1 1 0.0 0.0 0.0
Se 1.373637175791e+01 2.508261509126e+01 9.818813104087e+00 1 1 1 0.0 0.0 0.0
Se 6.612921754470e+00 1.903888935065e+00 9.832525727058e+00 1 1 1 0.0 0.0 0.0
Se 9.465477962364e+00 3.875785719297e+00 9.821026335013e+00 1 1 1 0.0 0.0 0.0
Se 1.230935656298e+01 5.846304208466e+00 9.840914615233e+00 1 1 1 0.0 0.0 0.0
Se 1.515345117374e+01 7.813379076688e+00 9.823322646768e+00 1 1 1 0.0 0.0 0.0
Se 1.800368715107e+01 9.789286548207e+00 9.822113318001e+00 1 1 1 0.0 0.0 0.0
Se 2.083722155357e+01 1.176199212695e+01 9.808691583764e+00 1 1 1 0.0 0.0 0.0
Se 2.369434937664e+01 1.372957161859e+01 9.816307449813e+00 1 1 1 0.0 0.0 0.0
Se 2.881095779412e+01 2.457986670036e+01 9.820818209601e+00 1 1 1 0.0 0.0 0.0
Se 6.147222438638e-01 1.404622160045e+00 9.809904034676e+00 1 1 1 0.0 0.0 0.0
Se 3.480556778961e+00 3.382226332578e+00 9.811378534163e+00 1 1 1 0.0 0.0 0.0
Se 6.326504568452e+00 5.358085225626e+00 9.815424517573e+00 1 1 1 0.0 0.0 0.0
Se 9.180374405949e+00 7.323821592914e+00 9.797625693721e+00 1 1 1 0.0 0.0 0.0
Se 1.203052359821e+01 9.287403626704e+00 9.829656210508e+00 1 1 1 0.0 0.0 0.0
Se 1.487493497447e+01 1.127256291574e+01 9.809974891510e+00 1 1 1 0.0 0.0 0.0
Se 1.772606118669e+01 1.323103902409e+01 9.806757229248e+00 1 1 1 0.0 0.0 0.0
Se 2.056919946833e+01 1.520727040500e+01 9.808487268428e+00 1 1 1 0.0 0.0 0.0
Se 2.341225551583e+01 1.718895151781e+01 9.825992557660e+00 1 1 1 0.0 0.0 0.0
Se 2.626554114164e+01 1.915422072743e+01 9.813761842657e+00 1 1 1 0.0 0.0 0.0
Se 2.140425439667e+01 4.853958645505e+00 9.823915748628e+00 1 1 1 0.0 0.0 0.0
Se 3.196983232726e+00 6.822826789588e+00 9.819199138890e+00 1 1 1 0.0 0.0 0.0
Se 6.054996739753e+00 8.798746749691e+00 9.807549407589e+00 1 1 1 0.0 0.0 0.0
Se 8.906606143714e+00 1.075498248032e+01 9.812294328310e+00 1 1 1 0.0 0.0 0.0
Se 1.175193289079e+01 1.274919980216e+01 9.829930377241e+00 1 1 1 0.0 0.0 0.0
Se 1.460460699937e+01 1.471262519949e+01 9.817955889862e+00 1 1 1 0.0 0.0 0.0
Se 1.744176832982e+01 1.669046670802e+01 9.823490025532e+00 1 1 1 0.0 0.0 0.0
Se 2.028134847656e+01 1.867397284732e+01 9.826872791096e+00 1 1 1 0.0 0.0 0.0
Se 2.311972818470e+01 2.064447969459e+01 9.832065819111e+00 1 1 1 0.0 0.0 0.0
Se 2.596951033962e+01 2.261333085209e+01 9.820477684042e+00 1 1 1 0.0 0.0 0.0
Se 2.398060855033e+01 1.029080137402e+01 9.822559943599e+00 1 1 1 0.0 0.0 0.0
Se 5.761485244782e+00 1.225092713952e+01 9.824273419531e+00 1 1 1 0.0 0.0 0.0
Se 8.596787416802e+00 1.422962644437e+01 9.807686252826e+00 1 1 1 0.0 0.0 0.0
Se 1.143600994555e+01 1.620278002457e+01 9.812486260898e+00 1 1 1 0.0 0.0 0.0
Se 1.429783866179e+01 1.817348197949e+01 9.798445071774e+00 1 1 1 0.0 0.0 0.0
Se 1.714321827367e+01 2.015915007245e+01 9.808394768245e+00 1 1 1 0.0 0.0 0.0
Se 1.998934899974e+01 2.212782930026e+01 9.804851714892e+00 1 1 1 0.0 0.0 0.0
Se 2.283250532632e+01 2.409634935155e+01 9.828870541046e+00 1 1 1 0.0 0.0 0.0
Se 2.653883086889e+01 1.570762257548e+01 9.810752887902e+00 1 1 1 0.0 0.0 0.0
Se 8.314216502700e+00 1.766961988216e+01 9.805596690623e+00 1 1 1 0.0 0.0 0.0
Se 1.116039559557e+01 1.964814731024e+01 9.817381362122e+00 1 1 1 0.0 0.0 0.0
Se 1.401449483140e+01 2.163151517553e+01 9.821040569881e+00 1 1 1 0.0 0.0 0.0
Se 1.686588764311e+01 2.359889955953e+01 9.818622441524e+00 1 1 1 0.0 0.0 0.0
Se 2.911477348140e+01 2.111962048507e+01 9.815378955412e+00 1 1 1 0.0 0.0 0.0
Se 1.087809583189e+01 2.310167890126e+01 9.834106697007e+00 1 1 1 0.0 0.0 0.0
Se 1.773804932684e+01 1.066334967163e+00 1.623438423617e+01 1 1 1 0.0 0.0 0.0
Se 2.057825141560e+01 3.031409809971e+00 1.620484466253e+01 1 1 1 0.0 0.0 0.0
Se 1.174366470794e+01 5.676554201357e-01 1.623393274214e+01 1 1 1 0.0 0.0 0.0
Se 1.459447055625e+01 2.546791931229e+00 1.621276835098e+01 1 1 1 0.0 0.0 0.0
Se 1.744070584774e+01 4.518546260945e+00 1.624200608192e+01 1 1 1 0.0 0.0 0.0
Se 2.029835242326e+01 6.488172610191e+00 1.622084719421e+01 1 1 1 0.0 0.0 0.0
Se 2.314119150809e+01 8.456827707513e+00 1.623463855875e+01 1 1 1 0.0 0.0 0.0
Se 5.776982465107e+00 9.853555548440e-02 1.619450813749e+01 1 1 1 0.0 0.0 0.0
Se 8.608605161880e+00 2.052766974366e+00 1.619832175917e+01 1 1 1 0.0 0.0 0.0
Se 1.147289423482e+01 4.017538969036e+00 1.620529250523e+01 1 1 1 0.0 0.0 0.0
Se 1.430725103169e+01 5.994914219491e+00 1.619594829337e+01 1 1 1 0.0 0.0 0.0
Se 1.716718397043e+01 7.968676141855e+00 1.621941053089e+01 1 1 1 0.0 0.0 0.0
Se 2.001545892271e+01 9.943015343680e+00 1.621776674760e+01 1 1 1 0.0 0.0 0.0
Se 2.285824837071e+01 1.191224338121e+01 1.622941113421e+01 1 1 1 0.0 0.0 0.0
Se 2.570054272047e+01 1.389078123408e+01 1.620055404047e+01 1 1 1 0.0 0.0 0.0
Se 3.083796060993e+01 2.473722120667e+01 1.621812378349e+01 1 1 1 0.0 0.0 0.0
Se 2.630335154401e+00 1.558065199802e+00 1.620557450379e+01 1 1 1 0.0 0.0 0.0
Se 5.491399897446e+00 3.537313790637e+00 1.622325992495e+01 1 1 1 0.0 0.0 0.0
Se 8.330752550883e+00 5.501704301428e+00 1.620689892861e+01 1 1 1 0.0 0.0 0.0
Se 1.118808177881e+01 7.464643331942e+00 1.621382183705e+01 1 1 1 0.0 0.0 0.0
Se 1.403018012132e+01 9.445665036985e+00 1.619220870359e+01 1 1 1 0.0 0.0 0.0
Se 1.689463826639e+01 1.141421001252e+01 1.623159949381e+01 1 1 1 0.0 0.0 0.0
Se 1.972300207800e+01 1.338642022844e+01 1.621699388423e+01 1 1 1 0.0 0.0 0.0
Se 2.258153497249e+01 1.536303150570e+01 1.621259425167e+01 1 1 1 0.0 0.0 0.0
Se 2.541244486751e+01 1.732219760826e+01 1.620431384483e+01 1 1 1 0.0 0.0 0.0
Se 2.827455208974e+01 1.931205689087e+01 1.620302275817e+01 1 1 1 0.0 0.0 0.0
Se 2.341578687436e+00 5.005829129232e+00 1.622933704940e+01 1 1 1 0.0 0.0 0.0
Se 5.188567686082e+00 6.978050246200e+00 1.622829176558e+01 1 1 1 0.0 0.0 0.0
Se 8.030601468969e+00 8.960873852693e+00 1.621499613428e+01 1 1 1 0.0 0.0 0.0
Se 1.090290154461e+01 1.093146065865e+01 1.620759357958e+01 1 1 1 0.0 0.0 0.0
Se 1.373098050010e+01 1.289763089836e+01 1.620760125265e+01 1 1 1 0.0 0.0 0.0
Se 1.660271234521e+01 1.487895836202e+01 1.623199209041e+01 1 1 1 0.0 0.0 0.0
Se 1.944302153945e+01 1.685305133767e+01 1.621410230099e+01 1 1 1 0.0 0.0 0.0
Se 2.229317522971e+01 1.881195179325e+01 1.623843201878e+01 1 1 1 0.0 0.0 0.0
Se 2.513466067913e+01 2.079804613849e+01 1.619937630359e+01 1 1 1 0.0 0.0 0.0
Se 2.798024497677e+01 2.276452568230e+01 1.623008636438e+01 1 1 1 0.0 0.0 0.0
Se 4.914211084582e+00 1.043021793578e+01 1.620904283731e+01 1 1 1 0.0 0.0 0.0
Se 7.776328519928e+00 1.240837314058e+01 1.618944232368e+01 1 1 1 0.0 0.0 0.0
Se 1.062473439066e+01 1.436177560330e+01 1.619333886744e+01 1 1 1 0.0 0.0 0.0
Se 1.346501998359e+01 1.634812146648e+01 1.618075942463e+01 1 1 1 0.0 0.0 0.0
Se 1.632101282729e+01 1.831415089213e+01 1.619642566416e+01 1 1 1 0.0 0.0 0.0
Se 1.915420929720e+01 2.029232488273e+01 1.619853168378e+01 1 1 1 0.0 0.0 0.0
Se 2.202801202456e+01 2.227380834784e+01 1.619631654782e+01 1 1 1 0.0 0.0 0.0
Se 2.484869657468e+01 2.422751535206e+01 1.619326885729e+01 1 1 1 0.0 0.0 0.0
Se 7.483096377627e+00 1.585521566658e+01 1.622068071504e+01 1 1 1 0.0 0.0 0.0
Se 1.033905329019e+01 1.783935025679e+01 1.621966226051e+01 1 1 1 0.0 0.0 0.0
Se 1.316545761136e+01 1.980222652689e+01 1.621916377554e+01 1 1 1 0.0 0.0 0.0
Se 1.602862350559e+01 2.177842658051e+01 1.623917133231e+01 1 1 1 0.0 0.0 0.0
Se 1.886690330507e+01 2.375840993395e+01 1.621619032858e+01 1 1 1 0.0 0.0 0.0
Se 1.004506077310e+01 2.127177264984e+01 1.619605412882e+01 1 1 1 0.0 0.0 0.0
Se 1.288111797522e+01 2.325497086091e+01 1.620375381654e+01 1 1 1 0.0 0.0 0.0
Se 1.572496768276e+01 9.053685086204e-01 1.321419425390e+01 1 1 1 0.0 0.0 0.0
Se 1.857271774412e+01 2.874176538168e+00 1.322470715372e+01 1 1 1 0.0 0.0 0.0
Se 9.753236136449e+00 4.269543864387e-01 1.318728320949e+01 1 1 1 0.0 0.0 0.0
Se 1.259593996357e+01 2.392420397070e+00 1.318095350874e+01 1 1 1 0.0 0.0 0.0
Se 1.544947816568e+01 4.361653726372e+00 1.319951350115e+01 1 1 1 0.0 0.0 0.0
Se 1.829233317874e+01 6.335487669760e+00 1.319305208819e+01 1 1 1 0.0 0.0 0.0
Se 2.114360380343e+01 8.312317920566e+00 1.317927157177e+01 1 1 1 0.0 0.0 0.0
Se 1.372043754302e+01 2.507278932810e+01 1.318203763417e+01 1 1 1 0.0 0.0 0.0
Se 6.615895783527e+00 1.898918267330e+00 1.317290937955e+01 1 1 1 0.0 0.0 0.0
Se 9.450921142928e+00 3.873711185728e+00 1.318937674052e+01 1 1 1 0.0 0.0 0.0
Se 1.229135755137e+01 5.837574635978e+00 1.319130543284e+01 1 1 1 0.0 0.0 0.0
Se 1.516500628815e+01 7.818188821621e+00 1.319258540677e+01 1 1 1 0.0 0.0 0.0
Se 1.799620273265e+01 9.796771866230e+00 1.319391697548e+01 1 1 1 0.0 0.0 0.0
Se 2.085038319719e+01 1.176514485916e+01 1.320567158971e+01 1 1 1 0.0 0.0 0.0
Se 2.368747843340e+01 1.373144543523e+01 1.319548720313e+01 1 1 1 0.0 0.0 0.0
Se 2.881287203990e+01 2.457303634502e+01 1.319971718147e+01 1 1 1 0.0 0.0 0.0
Se 6.256712915696e-01 1.402973190819e+00 1.318072093534e+01 1 1 1 0.0 0.0 0.0
Se 3.472308016921e+00 3.378217021151e+00 1.319455966125e+01 1 1 1 0.0 0.0 0.0
Se 6.318015348270e+00 5.360117213345e+00 1.319136776992e+01 1 1 1 0.0 0.0 0.0
Se 9.170820428225e+00 7.321921740755e+00 1.321759104266e+01 1 1 1 0.0 0.0 0.0
Se 1.202207173794e+01 9.299699430508e+00 1.319639066745e+01 1 1 1 0.0 0.0 0.0
Se 1.487658600749e+01 1.127395999659e+01 1.319447875005e+01 1 1 1 0.0 0.0 0.0
Se 1.772244399560e+01 1.323990274301e+01 1.320602423343e+01 1 1 1 0.0 0.0 0.0
Se 2.056382757840e+01 1.520516009905e+01 1.318330506660e+01 1 1 1 0.0 0.0 0.0
Se 2.340590046749e+01 1.718389205414e+01 1.316640293360e+01 1 1 1 0.0 0.0 0.0
Se 2.626611889736e+01 1.915644649985e+01 1.318093334709e+01 1 1 1 0.0 0.0 0.0
Se 2.142901761646e+01 4.845201820388e+00 1.318753493911e+01 1 1 1 0.0 0.0 0.0
Se 3.202417883073e+00 6.839922336876e+00 1.317693678883e+01 1 1 1 0.0 0.0 0.0
Se 6.046466667088e+00 8.796781067881e+00 1.317653117447e+01 1 1 1 0.0 0.0 0.0
Se 8.899285188145e+00 1.076862636317e+01 1.317405531288e+01 1 1 1 0.0 0.0 0.0
Se 1.173162105710e+01 1.275216224224e+01 1.314595605387e+01 1 1 1 0.0 0.0 0.0
Se 1.459454554066e+01 1.471864744825e+01 1.316971304313e+01 1 1 1 0.0 0.0 0.0
Se 1.743844705465e+01 1.668667404175e+01 1.316583946566e+01 1 1 1 0.0 0.0 0.0
Se 2.027664176243e+01 1.866567847021e+01 1.317202507144e+01 1 1 1 0.0 0.0 0.0
Se 2.312028376790e+01 2.063239958344e+01 1.317407436326e+01 1 1 1 0.0 0.0 0.0
Se 2.597352250861e+01 2.260191538755e+01 1.318468039827e+01 1 1 1 0.0 0.0 0.0
Se 2.398721580454e+01 1.027648628275e+01 1.318108569722e+01 1 1 1 0.0 0.0 0.0
Se 5.770460461349e+00 1.224626688716e+01 1.318557936458e+01 1 1 1 0.0 0.0 0.0
Se 8.600841443706e+00 1.421711817590e+01 1.317863692950e+01 1 1 1 0.0 0.0 0.0
Se 1.144298217332e+01 1.619760107267e+01 1.317790878161e+01 1 1 1 0.0 0.0 0.0
Se 1.429172862252e+01 1.817334688054e+01 1.318600323556e+01 1 1 1 0.0 0.0 0.0
Se 1.713528379000e+01 2.014690432882e+01 1.319010996852e+01 1 1 1 0.0 0.0 0.0
Se 1.997626779106e+01 2.211708742544e+01 1.321623100421e+01 1 1 1 0.0 0.0 0.0
Se 2.282478066143e+01 2.408467522517e+01 1.320194787525e+01 1 1 1 0.0 0.0 0.0
Se 2.653511742046e+01 1.570552237681e+01 1.319120981051e+01 1 1 1 0.0 0.0 0.0
Se 8.313224295359e+00 1.766917881292e+01 1.320552812976e+01 1 1 1 0.0 0.0 0.0
Se 1.116281917445e+01 1.964133918034e+01 1.317961405529e+01 1 1 1 0.0 0.0 0.0
Se 1.402063291707e+01 2.162565326747e+01 1.318280811625e+01 1 1 1 0.0 0.0 0.0
Se 1.686335653541e+01 2.360015127539e+01 1.318817820697e+01 1 1 1 0.0 0.0 0.0
Se 2.910562876936e+01 2.111690109610e+01 1.318316324710e+01 1 1 1 0.0 0.0 0.0
Se 1.088173773555e+01 2.310088577040e+01 1.316923498440e+01 1 1 1 0.0 0.0 0.0
Se 1.773226700704e+01 1.059542765501e+00 1.957728169226e+01 1 1 1 0.0 0.0 0.0
Se 2.057922557800e+01 3.030239534485e+00 1.960172825238e+01 1 1 1 0.0 0.0 0.0
Se 1.174557953582e+01 5.663549670463e-01 1.951708746268e+01 1 1 1 0.0 0.0 0.0
Se 1.457120956483e+01 2.540577591123e+00 1.957608030115e+01 1 1 1 0.0 0.0 0.0
Se 1.743873355121e+01 4.520821035186e+00 1.954687305082e+01 1 1 1 0.0 0.0 0.0
Se 2.027660974721e+01 6.477838678119e+00 1.958526163225e+01 1 1 1 0.0 0.0 0.0
Se 2.314893188954e+01 8.463690660173e+00 1.959360067193e+01 1 1 1 0.0 0.0 0.0
Se 5.770559523330e+00 8.181143770719e-02 1.957363523767e+01 1 1 1 0.0 0.0 0.0
Se 8.611728154332e+00 2.044522710333e+00 1.958756974466e+01 1 1 1 0.0 0.0 0.0
Se 1.146635677909e+01 4.021950190583e+00 1.957421860267e+01 1 1 1 0.0 0.0 0.0
Se 1.429807292856e+01 5.994989891838e+00 1.959113317134e+01 1 1 1 0.0 0.0 0.0
Se 1.716299733171e+01 7.975527717204e+00 1.955989922506e+01 1 1 1 0.0 0.0 0.0
Se 2.000940762211e+01 9.930728694642e+00 1.959735110985e+01 1 1 1 0.0 0.0 0.0
Se 2.286245612360e+01 1.192408388091e+01 1.954842650355e+01 1 1 1 0.0 0.0 0.0
Se 2.571643147904e+01 1.388924577338e+01 1.958908499080e+01 1 1 1 0.0 0.0 0.0
Se 3.083110961667e+01 2.472135705484e+01 1.957218296363e+01 1 1 1 0.0 0.0 0.0
Se 2.642534224604e+00 1.562234058170e+00 1.958534714730e+01 1 1 1 0.0 0.0 0.0
Se 5.487705499400e+00 3.517125466917e+00 1.955925431675e+01 1 1 1 0.0 0.0 0.0
Se 8.337264235685e+00 5.502797740377e+00 1.958214250279e+01 1 1 1 0.0 0.0 0.0
Se 1.117379674481e+01 7.473816090376e+00 1.954212543130e+01 1 1 1 0.0 0.0 0.0
Se 1.401842466041e+01 9.443666916610e+00 1.959401750485e+01 1 1 1 0.0 0.0 0.0
Se 1.686945487987e+01 1.142087637583e+01 1.955917700395e+01 1 1 1 0.0 0.0 0.0
Se 1.972772916544e+01 1.339744087383e+01 1.959492858932e+01 1 1 1 0.0 0.0 0.0
Se 2.258397807802e+01 1.536180810082e+01 1.959353394268e+01 1 1 1 0.0 0.0 0.0
Se 2.541993150848e+01 1.732879454352e+01 1.958167259340e+01 1 1 1 0.0 0.0 0.0
Se 2.826757446437e+01 1.930459591500e+01 1.957774255272e+01 1 1 1 0.0 0.0 0.0
Se 2.347457952508e+00 5.007125666409e+00 1.958194670721e+01 1 1 1 0.0 0.0 0.0
Se 5.207328289585e+00 6.974827503835e+00 1.957984539727e+01 1 1 1 0.0 0.0 0.0
Se 8.042182142639e+00 8.961523259013e+00 1.954015519856e+01 1 1 1 0.0 0.0 0.0
Se 1.089466490073e+01 1.092217772551e+01 1.955956801302e+01 1 1 1 0.0 0.0 0.0
Se 1.372962628260e+01 1.289853002342e+01 1.955659747654e+01 1 1 1 0.0 0.0 0.0
Se 1.659443156795e+01 1.487502292373e+01 1.953201237781e+01 1 1 1 0.0 0.0 0.0
Se 1.943508128774e+01 1.686183086449e+01 1.958752788674e+01 1 1 1 0.0 0.0 0.0
Se 2.229506476291e+01 1.881957268649e+01 1.951394409690e+01 1 1 1 0.0 0.0 0.0
Se 2.513491981723e+01 2.078921136556e+01 1.959187740622e+01 1 1 1 0.0 0.0 0.0
Se 2.798098910582e+01 2.275699422002e+01 1.952700207470e+01 1 1 1 0.0 0.0 0.0
Se 4.922255954627e+00 1.043813892543e+01 1.957893441864e+01 1 1 1 0.0 0.0 0.0
Se 7.773099692026e+00 1.241084138202e+01 1.959073824636e+01 1 1 1 0.0 0.0 0.0
Se 1.061664665726e+01 1.436744753673e+01 1.956836309766e+01 1 1 1 0.0 0.0 0.0
Se 1.346154567036e+01 1.633464199901e+01 1.960217503673e+01 1 1 1 0.0 0.0 0.0
Se 1.631162575207e+01 1.831497852535e+01 1.958034758648e+01 1 1 1 0.0 0.0 0.0
Se 1.916539568090e+01 2.029075407298e+01 1.958261987359e+01 1 1 1 0.0 0.0 0.0
Se 2.201406846864e+01 2.226156493258e+01 1.959088789768e+01 1 1 1 0.0 0.0 0.0
Se 2.483887388074e+01 2.423373995821e+01 1.959698539545e+01 1 1 1 0.0 0.0 0.0
Se 7.487886172578e+00 1.586045176963e+01 1.951272873551e+01 1 1 1 0.0 0.0 0.0
Se 1.033183261371e+01 1.782424277551e+01 1.955628266899e+01 1 1 1 0.0 0.0 0.0
Se 1.316645532215e+01 1.980221816589e+01 1.955715734607e+01 1 1 1 0.0 0.0 0.0
Se 1.601936745466e+01 2.177379458621e+01 1.951438876454e+01 1 1 1 0.0 0.0 0.0
Se 1.886307513102e+01 2.375965016667e+01 1.958042352342e+01 1 1 1 0.0 0.0 0.0
Se 1.004360458315e+01 2.127712993448e+01 1.958796625717e+01 1 1 1 0.0 0.0 0.0
Se 1.290061672807e+01 2.324552568203e+01 1.957789278614e+01 1 1 1 0.0 0.0 0.0
Se 1.617150400871e+01 9.618873376169e-01 3.993953475547e+01 1 1 1 0.0 0.0 0.0
Se 1.819398955585e+01 4.547267726559e+00 3.992210090516e+01 1 1 1 0.0 0.0 0.0
Se 2.021979494938e+01 8.159502220437e+00 3.992791428767e+01 1 1 1 0.0 0.0 0.0
Se 2.224133951353e+01 1.174786753949e+01 3.991822489349e+01 1 1 1 0.0 0.0 0.0
Se 2.428312817669e+01 1.534447807509e+01 3.991768174596e+01 1 1 1 0.0 0.0 0.0
Se 2.629968831451e+01 1.893019554994e+01 3.991104528116e+01 1 1 1 0.0 0.0 0.0
Se 2.832668319266e+01 2.251064876952e+01 3.992041409977e+01 1 1 1 0.0 0.0 0.0
Se 1.195631511463e+01 9.630026315869e-01 3.990769924050e+01 1 1 1 0.0 0.0 0.0
Se 1.397718312567e+01 4.549451958572e+00 3.993197926854e+01 1 1 1 0.0 0.0 0.0
Se 1.600885698906e+01 8.141470188172e+00 3.992635765987e+01 1 1 1 0.0 0.0 0.0
Se 1.803768604847e+01 1.172586196818e+01 3.993667127154e+01 1 1 1 0.0 0.0 0.0
Se 2.007254995107e+01 1.534219112977e+01 3.992556373525e+01 1 1 1 0.0 0.0 0.0
Se 2.207904741306e+01 1.892574977312e+01 3.992759201872e+01 1 1 1 0.0 0.0 0.0
Se 2.411180481979e+01 2.251640404836e+01 3.990693431478e+01 1 1 1 0.0 0.0 0.0
Se 7.740864859903e+00 9.510170314858e-01 3.992532613466e+01 1 1 1 0.0 0.0 0.0
Se 9.752892700414e+00 4.534657538551e+00 3.992589119013e+01 1 1 1 0.0 0.0 0.0
Se 1.178693045149e+01 8.131787990800e+00 3.993364580645e+01 1 1 1 0.0 0.0 0.0
Se 1.382211085500e+01 1.174025315513e+01 3.993519656038e+01 1 1 1 0.0 0.0 0.0
Se 1.584581726697e+01 1.534107133780e+01 3.992408643112e+01 1 1 1 0.0 0.0 0.0
Se 1.786205788756e+01 1.894091853312e+01 3.991984925597e+01 1 1 1 0.0 0.0 0.0
Se 1.989173283681e+01 2.252630172671e+01 3.991108698033e+01 1 1 1 0.0 0.0 0.0
Se 3.531009172893e+00 9.470101542742e-01 3.992297129590e+01 1 1 1 0.0 0.0 0.0
Se 5.545511710808e+00 4.550796174620e+00 3.991231557115e+01 1 1 1 0.0 0.0 0.0
Se 7.578550428155e+00 8.137620847027e+00 3.991388616922e+01 1 1 1 0.0 0.0 0.0
Se 9.616042754147e+00 1.174145840924e+01 3.993629047559e+01 1 1 1 0.0 0.0 0.0
Se 1.162949619817e+01 1.532806315558e+01 3.990528042421e+01 1 1 1 0.0 0.0 0.0
Se 1.367226786098e+01 1.894139241135e+01 3.991057817640e+01 1 1 1 0.0 0.0 0.0
Se 1.569106678898e+01 2.251801343513e+01 3.990442670255e+01 1 1 1 0.0 0.0 0.0
Se 2.038800505069e+01 9.664151369125e-01 3.991524996483e+01 1 1 1 0.0 0.0 0.0
Se 2.239835524057e+01 4.564969922645e+00 3.991668075427e+01 1 1 1 0.0 0.0 0.0
Se 3.355000110200e+00 8.149531092288e+00 3.990821190742e+01 1 1 1 0.0 0.0 0.0
Se 5.395511868657e+00 1.174296058469e+01 3.991319040697e+01 1 1 1 0.0 0.0 0.0
Se 7.431338768010e+00 1.533707615540e+01 3.991998186779e+01 1 1 1 0.0 0.0 0.0
Se 9.461337097473e+00 1.892479677781e+01 3.991800205695e+01 1 1 1 0.0 0.0 0.0
Se 1.148195898818e+01 2.252258473279e+01 3.991849990690e+01 1 1 1 0.0 0.0 0.0
Se 2.409999400693e+01 2.488473296324e+01 3.640091125114e+01 1 1 1 0.0 0.0 0.0
Se 1.613926467858e+01 3.328341483338e+00 3.640626297941e+01 1 1 1 0.0 0.0 0.0
Se 1.816227950880e+01 6.932540738197e+00 3.641208128326e+01 1 1 1 0.0 0.0 0.0
Se 2.019370412970e+01 1.052409122803e+01 3.639862959759e+01 1 1 1 0.0 0.0 0.0
Se 2.222416670637e+01 1.411392522561e+01 3.640017066758e+01 1 1 1 0.0 0.0 0.0
Se 2.426540264389e+01 1.770050689983e+01 3.639921507930e+01 1 1 1 0.0 0.0 0.0
Se 2.629346656592e+01 2.129736509038e+01 3.641724356608e+01 1 1 1 0.0 0.0 0.0
Se 1.987866057122e+01 2.488640029491e+01 3.638364716090e+01 1 1 1 0.0 0.0 0.0
Se 1.193349863210e+01 3.330887937178e+00 3.639748747434e+01 1 1 1 0.0 0.0 0.0
Se 1.395471161379e+01 6.908814705815e+00 3.641628369147e+01 1 1 1 0.0 0.0 0.0
Se 1.595887413410e+01 1.051504695383e+01 3.643152801799e+01 1 1 1 0.0 0.0 0.0
Se 1.800316569981e+01 1.412446596015e+01 3.641121914769e+01 1 1 1 0.0 0.0 0.0
Se 2.004511671455e+01 1.771242661736e+01 3.640598076918e+01 1 1 1 0.0 0.0 0.0
Se 2.206135035000e+01 2.129770709764e+01 3.639340947570e+01 1 1 1 0.0 0.0 0.0
Se 1.566843493640e+01 2.490075724410e+01 3.640473244005e+01 1 1 1 0.0 0.0 0.0
Se 7.723701895434e+00 3.323113794213e+00 3.639707074725e+01 1 1 1 0.0 0.0 0.0
Se 9.731808902953e+00 6.927812327807e+00 3.641472701076e+01 1 1 1 0.0 0.0 0.0
Se 1.176808147539e+01 1.050447790831e+01 3.639909670235e+01 1 1 1 0.0 0.0 0.0
Se 1.381915767552e+01 1.411290470729e+01 3.641692029170e+01 1 1 1 0.0 0.0 0.0
Se 1.583771757416e+01 1.770503416995e+01 3.640293588329e+01 1 1 1 0.0 0.0 0.0
Se 1.786771786158e+01 2.130287895856e+01 3.639007221938e+01 1 1 1 0.0 0.0 0.0
Se 1.145284746601e+01 2.488703192088e+01 3.640905417773e+01 1 1 1 0.0 0.0 0.0
Se 3.509599137658e+00 3.340435247269e+00 3.640115731856e+01 1 1 1 0.0 0.0 0.0
Se 5.525802504169e+00 6.931538741077e+00 3.640240189053e+01 1 1 1 0.0 0.0 0.0
Se 7.561229874700e+00 1.050225816850e+01 3.641019360218e+01 1 1 1 0.0 0.0 0.0
Se 9.596743924465e+00 1.411259275730e+01 3.640586075178e+01 1 1 1 0.0 0.0 0.0
Se 1.161851338895e+01 1.771861418110e+01 3.638567851360e+01 1 1 1 0.0 0.0 0.0
Se 1.363050561583e+01 2.129247702722e+01 3.639745064360e+01 1 1 1 0.0 0.0 0.0
Se 2.830906413031e+01 2.488960271687e+01 3.639948416593e+01 1 1 1 0.0 0.0 0.0
Se 2.035978984895e+01 3.341217053737e+00 3.641674830909e+01 1 1 1 0.0 0.0 0.0
Se 2.237013252451e+01 6.928282395957e+00 3.640572676411e+01 1 1 1 0.0 0.0 0.0
Se 2.441688333565e+01 1.052281019574e+01 3.639907124893e+01 1 1 1 0.0 0.0 0.0
Se 2.646628326102e+01 1.409951509411e+01 3.641843532616e+01 1 1 1 0.0 0.0 0.0
Se 7.403896059219e+00 1.770527579228e+01 3.638943429621e+01 1 1 1 0.0 0.0 0.0
Se 9.440897732066e+00 2.131226476376e+01 3.639601980124e+01 1 1 1 0.0 0.0 0.0
Se 1.409902946815e+01 2.105156950795e+00 3.289706993237e+01 1 1 1 0.0 0.0 0.0
Se 1.614040024004e+01 5.717073620818e+00 3.289678962719e+01 1 1 1 0.0 0.0 0.0
Se 1.814878718232e+01 9.303059282698e+00 3.291304738105e+01 1 1 1 0.0 0.0 0.0
Se 2.015942222831e+01 1.287797582655e+01 3.291445409293e+01 1 1 1 0.0 0.0 0.0
Se 2.221317955790e+01 1.647594396639e+01 3.289463344157e+01 1 1 1 0.0 0.0 0.0
Se 2.423647522249e+01 2.006167228937e+01 3.288565483827e+01 1 1 1 0.0 0.0 0.0
Se 2.626089570624e+01 2.365811534037e+01 3.289489099213e+01 1 1 1 0.0 0.0 0.0
Se 9.886890592980e+00 2.125827513742e+00 3.289331203306e+01 1 1 1 0.0 0.0 0.0
Se 1.191459557408e+01 5.690637565908e+00 3.289476658256e+01 1 1 1 0.0 0.0 0.0
Se 1.392829228088e+01 9.288915539022e+00 3.291688661491e+01 1 1 1 0.0 0.0 0.0
Se 1.596447827992e+01 1.288170599698e+01 3.289914367218e+01 1 1 1 0.0 0.0 0.0
Se 1.800520514893e+01 1.648543671830e+01 3.290722828343e+01 1 1 1 0.0 0.0 0.0
Se 2.003307380455e+01 2.007239056288e+01 3.288174903391e+01 1 1 1 0.0 0.0 0.0
Se 2.204874423665e+01 2.365718208338e+01 3.288464405680e+01 1 1 1 0.0 0.0 0.0
Se 5.677489680897e+00 2.112004557315e+00 3.288893235048e+01 1 1 1 0.0 0.0 0.0
Se 7.704809262208e+00 5.700613297900e+00 3.288249226335e+01 1 1 1 0.0 0.0 0.0
Se 9.725261181181e+00 9.295514855576e+00 3.288642066358e+01 1 1 1 0.0 0.0 0.0
Se 1.175765604857e+01 1.288312054069e+01 3.289911509661e+01 1 1 1 0.0 0.0 0.0
Se 1.378195582699e+01 1.649261421392e+01 3.289599935388e+01 1 1 1 0.0 0.0 0.0
Se 1.581710654366e+01 2.009844476349e+01 3.289009452955e+01 1 1 1 0.0 0.0 0.0
Se 1.782427643118e+01 2.366694233439e+01 3.288169675120e+01 1 1 1 0.0 0.0 0.0
Se 1.473809333629e+00 2.120781967426e+00 3.289131475937e+01 1 1 1 0.0 0.0 0.0
Se 3.481591267565e+00 5.697921690741e+00 3.289855109949e+01 1 1 1 0.0 0.0 0.0
Se 5.515438197324e+00 9.290828356024e+00 3.289570947059e+01 1 1 1 0.0 0.0 0.0
Se 7.534806255455e+00 1.288742248713e+01 3.289453051659e+01 1 1 1 0.0 0.0 0.0
Se 9.576826433661e+00 1.649896487009e+01 3.289738950252e+01 1 1 1 0.0 0.0 0.0
Se 1.159276092521e+01 2.006925778065e+01 3.288218269466e+01 1 1 1 0.0 0.0 0.0
Se 1.362684185715e+01 2.366317173482e+01 3.288240267365e+01 1 1 1 0.0 0.0 0.0
Se 1.832269959183e+01 2.134540364229e+00 3.289357603959e+01 1 1 1 0.0 0.0 0.0
Se 2.032085081734e+01 5.697742458406e+00 3.288809561541e+01 1 1 1 0.0 0.0 0.0
Se 2.235347963399e+01 9.287478134860e+00 3.288589085132e+01 1 1 1 0.0 0.0 0.0
Se 2.439852903444e+01 1.288871542590e+01 3.290454800067e+01 1 1 1 0.0 0.0 0.0
Se 2.642788727111e+01 1.648188646814e+01 3.288788648456e+01 1 1 1 0.0 0.0 0.0
Se 2.844002697969e+01 2.008239005493e+01 3.288459838881e+01 1 1 1 0.0 0.0 0.0
Se 9.409957426248e+00 2.367957294864e+01 3.289167788080e+01 1 1 1 0.0 0.0 0.0
Se 2.409834392643e+01 2.484599602442e+01 2.984943094411e+01 1 1 1 0.0 0.0 0.0
Se 1.618357459467e+01 3.289092777205e+00 2.983248298435e+01 1 1 1 0.0 0.0 0.0
Se 1.822035385432e+01 6.897843856006e+00 2.984922583501e+01 1 1 1 0.0 0.0 0.0
Se 2.022704732357e+01 1.049666492373e+01 2.984344790738e+01 1 1 1 0.0 0.0 0.0
Se 2.225213430607e+01 1.406793395464e+01 2.983666819430e+01 1 1 1 0.0 0.0 0.0
Se 2.424787237749e+01 1.767850873700e+01 2.984746468020e+01 1 1 1 0.0 0.0 0.0
Se 2.629939557365e+01 2.127065529208e+01 2.984251364494e+01 1 1 1 0.0 0.0 0.0
Se 1.989064230833e+01 2.485223862259e+01 2.984511920788e+01 1 1 1 0.0 0.0 0.0
Se 1.196061303932e+01 3.305764030175e+00 2.982949196871e+01 1 1 1 0.0 0.0 0.0
Se 1.398783345282e+01 6.889132222627e+00 2.985137122541e+01 1 1 1 0.0 0.0 0.0
Se 1.599967978553e+01 1.047764401794e+01 2.983120724384e+01 1 1 1 0.0 0.0 0.0
Se 1.801453734847e+01 1.406278664754e+01 2.986199144237e+01 1 1 1 0.0 0.0 0.0
Se 2.004618914516e+01 1.767317780539e+01 2.984513688240e+01 1 1 1 0.0 0.0 0.0
Se 2.207348581310e+01 2.126008407693e+01 2.986448169759e+01 1 1 1 0.0 0.0 0.0
Se 1.568588021693e+01 2.484932132134e+01 2.983913294317e+01 1 1 1 0.0 0.0 0.0
Se 7.744575133267e+00 3.302359039166e+00 2.983739650095e+01 1 1 1 0.0 0.0 0.0
Se 9.781218500198e+00 6.894509615996e+00 2.986064860218e+01 1 1 1 0.0 0.0 0.0
Se 1.179263344762e+01 1.048455967665e+01 2.986353320029e+01 1 1 1 0.0 0.0 0.0
Se 1.381487858954e+01 1.407595040787e+01 2.983336506991e+01 1 1 1 0.0 0.0 0.0
Se 1.583794945963e+01 1.766451946016e+01 2.986105416363e+01 1 1 1 0.0 0.0 0.0
Se 1.785205283915e+01 2.124197785402e+01 2.984058415886e+01 1 1 1 0.0 0.0 0.0
Se 1.148182298963e+01 2.485553925985e+01 2.984225567103e+01 1 1 1 0.0 0.0 0.0
Se 3.532295549867e+00 3.294234633780e+00 2.982352697692e+01 1 1 1 0.0 0.0 0.0
Se 5.557475614642e+00 6.900357818363e+00 2.984601039529e+01 1 1 1 0.0 0.0 0.0
Se 7.574097719111e+00 1.048443939466e+01 2.984180528828e+01 1 1 1 0.0 0.0 0.0
Se 9.591795111750e+00 1.408501976507e+01 2.985404833311e+01 1 1 1 0.0 0.0 0.0
Se 1.161665465387e+01 1.767745345173e+01 2.982881351056e+01 1 1 1 0.0 0.0 0.0
Se 1.365272582144e+01 2.125270697566e+01 2.982810076172e+01 1 1 1 0.0 0.0 0.0
Se 2.833250477741e+01 2.484458095154e+01 2.984358401177e+01 1 1 1 0.0 0.0 0.0
Se 2.039883365766e+01 3.299398451211e+00 2.982980291326e+01 1 1 1 0.0 0.0 0.0
Se 2.242038970496e+01 6.888984264668e+00 2.983538864371e+01 1 1 1 0.0 0.0 0.0
Se 2.443210861179e+01 1.048301813041e+01 2.983592829867e+01 1 1 1 0.0 0.0 0.0
Se 2.645744123837e+01 1.408077253555e+01 2.984111010813e+01 1 1 1 0.0 0.0 0.0
Se 7.399948555695e+00 1.768777674734e+01 2.984700318472e+01 1 1 1 0.0 0.0 0.0
Se 9.432606000834e+00 2.125907747597e+01 2.983944854448e+01 1 1 1 0.0 0.0 0.0
Se 1.412545975503e+01 2.065854850677e+00 2.637468209712e+01 1 1 1 0.0 0.0 0.0
Se 1.616203395849e+01 5.666430088064e+00 2.635620306884e+01 1 1 1 0.0 0.0 0.0
Se 1.816136831850e+01 9.247975582400e+00 2.636243127339e+01 1 1 1 0.0 0.0 0.0
Se 2.018815448914e+01 1.286809127180e+01 2.635073703828e+01 1 1 1 0.0 0.0 0.0
Se 2.221741498676e+01 1.643676003155e+01 2.636572942351e+01 1 1 1 0.0 0.0 0.0
Se 2.422736527740e+01 2.004404936404e+01 2.635595959438e+01 1 1 1 0.0 0.0 0.0
Se 2.626729330043e+01 2.362212536066e+01 2.635350463529e+01 1 1 1 0.0 0.0 0.0
Se 9.897879540651e+00 2.088828604683e+00 2.634861720714e+01 1 1 1 0.0 0.0 0.0
Se 1.193186712572e+01 5.668423340008e+00 2.637433416308e+01 1 1 1 0.0 0.0 0.0
Se 1.397034007007e+01 9.259042372044e+00 2.635586386622e+01 1 1 1 0.0 0.0 0.0
Se 1.599201280096e+01 1.286123339924e+01 2.635962340599e+01 1 1 1 0.0 0.0 0.0
Se 1.800823490035e+01 1.643637092752e+01 2.636513441661e+01 1 1 1 0.0 0.0 0.0
Se 2.002169162527e+01 2.005087188755e+01 2.636210223097e+01 1 1 1 0.0 0.0 0.0
Se 2.204944036933e+01 2.362209159915e+01 2.636920802307e+01 1 1 1 0.0 0.0 0.0
Se 5.700390990537e+00 2.100228564322e+00 2.636837271679e+01 1 1 1 0.0 0.0 0.0
Se 7.741047584808e+00 5.666831045666e+00 2.637323241605e+01 1 1 1 0.0 0.0 0.0
Se 9.759128366363e+00 9.280337999157e+00 2.637194249359e+01 1 1 1 0.0 0.0 0.0
Se 1.174963414482e+01 1.284860209706e+01 2.638388015023e+01 1 1 1 0.0 0.0 0.0
Se 1.378566176110e+01 1.643414531384e+01 2.636579758154e+01 1 1 1 0.0 0.0 0.0
Se 1.581438091040e+01 2.004868538008e+01 2.636232956552e+01 1 1 1 0.0 0.0 0.0
Se 1.786419586948e+01 2.363106374649e+01 2.636154066808e+01 1 1 1 0.0 0.0 0.0
Se 1.513262408016e+00 2.062741436333e+00 2.635641902607e+01 1 1 1 0.0 0.0 0.0
Se 3.510007927083e+00 5.676975056023e+00 2.636255742924e+01 1 1 1 0.0 0.0 0.0
Se 5.550044854794e+00 9.280361865051e+00 2.637871209938e+01 1 1 1 0.0 0.0 0.0
Se 7.565022117620e+00 1.287363191635e+01 2.636853427460e+01 1 1 1 0.0 0.0 0.0
Se 9.579620542453e+00 1.644643720174e+01 2.635524234754e+01 1 1 1 0.0 0.0 0.0
Se 1.162263938396e+01 2.002970321006e+01 2.636805065951e+01 1 1 1 0.0 0.0 0.0
Se 1.362709660308e+01 2.361852827831e+01 2.635005773344e+01 1 1 1 0.0 0.0 0.0
Se 1.833346475045e+01 2.067217164587e+00 2.637853366081e+01 1 1 1 0.0 0.0 0.0
Se 2.037631541943e+01 5.686651432445e+00 2.635353278752e+01 1 1 1 0.0 0.0 0.0
Se 2.239632706293e+01 9.254667875397e+00 2.635018981609e+01 1 1 1 0.0 0.0 0.0
Se 2.439518987308e+01 1.285782761447e+01 2.636051210626e+01 1 1 1 0.0 0.0 0.0
Se 2.644894159339e+01 1.646338833655e+01 2.637449841970e+01 1 1 1 0.0 0.0 0.0
Se 2.844321966478e+01 2.003463900502e+01 2.636520458551e+01 1 1 1 0.0 0.0 0.0
Se 9.430278732210e+00 2.364292350824e+01 2.636221372862e+01 1 1 1 0.0 0.0 0.0
Se 1.628406974643e+01 8.448913808837e-01 2.290269735459e+01 1 1 1 0.0 0.0 0.0
Se 1.834020641568e+01 4.416541048993e+00 2.290767696542e+01 1 1 1 0.0 0.0 0.0
Se 2.035541048388e+01 8.052961218613e+00 2.288595450393e+01 1 1 1 0.0 0.0 0.0
Se 2.235892359786e+01 1.162361121798e+01 2.290021096236e+01 1 1 1 0.0 0.0 0.0
Se 2.440220226540e+01 1.523596477674e+01 2.286987989831e+01 1 1 1 0.0 0.0 0.0
Se 2.640006561849e+01 1.881005934957e+01 2.287130989399e+01 1 1 1 0.0 0.0 0.0
Se 2.845624827324e+01 2.239232341370e+01 2.290700104732e+01 1 1 1 0.0 0.0 0.0
Se 1.207377240809e+01 8.615285019211e-01 2.289443028301e+01 1 1 1 0.0 0.0 0.0
Se 1.410775702976e+01 4.446086549418e+00 2.287931952083e+01 1 1 1 0.0 0.0 0.0
Se 1.611659663027e+01 8.030247555225e+00 2.290688198243e+01 1 1 1 0.0 0.0 0.0
Se 1.817132822809e+01 1.162853695857e+01 2.289607538924e+01 1 1 1 0.0 0.0 0.0
Se 2.018718429557e+01 1.523981311245e+01 2.286387363070e+01 1 1 1 0.0 0.0 0.0
Se 2.218967107028e+01 1.880582228026e+01 2.291509777673e+01 1 1 1 0.0 0.0 0.0
Se 2.421571872116e+01 2.240929238179e+01 2.288265698882e+01 1 1 1 0.0 0.0 0.0
Se 7.857307720576e+00 8.516982407552e-01 2.290094932338e+01 1 1 1 0.0 0.0 0.0
Se 9.905137524127e+00 4.453588959866e+00 2.290096223530e+01 1 1 1 0.0 0.0 0.0
Se 1.192516139162e+01 8.056640005930e+00 2.291642786375e+01 1 1 1 0.0 0.0 0.0
Se 1.393633138290e+01 1.163478013883e+01 2.287929337948e+01 1 1 1 0.0 0.0 0.0
Se 1.593990725730e+01 1.522553686279e+01 2.291538437913e+01 1 1 1 0.0 0.0 0.0
Se 1.797851471851e+01 1.880786876743e+01 2.288939188059e+01 1 1 1 0.0 0.0 0.0
Se 1.999436570589e+01 2.241101802880e+01 2.287595342435e+01 1 1 1 0.0 0.0 0.0
Se 3.662951053093e+00 8.544628743748e-01 2.288581617700e+01 1 1 1 0.0 0.0 0.0
Se 5.667876752828e+00 4.479557222088e+00 2.289936412001e+01 1 1 1 0.0 0.0 0.0
Se 7.701530850397e+00 8.054082862709e+00 2.291046609994e+01 1 1 1 0.0 0.0 0.0
Se 9.727157699523e+00 1.163332225551e+01 2.287665553673e+01 1 1 1 0.0 0.0 0.0
Se 1.175309469944e+01 1.522735797337e+01 2.286637187649e+01 1 1 1 0.0 0.0 0.0
Se 1.377164586665e+01 1.880598394391e+01 2.289415489917e+01 1 1 1 0.0 0.0 0.0
Se 1.578551328603e+01 2.243935647592e+01 2.289767382204e+01 1 1 1 0.0 0.0 0.0
Se 2.049653078471e+01 8.583684670610e-01 2.288118323019e+01 1 1 1 0.0 0.0 0.0
Se 2.251470941114e+01 4.430323047101e+00 2.288854689036e+01 1 1 1 0.0 0.0 0.0
Se 3.515969320463e+00 8.035830269366e+00 2.289091162473e+01 1 1 1 0.0 0.0 0.0
Se 5.515768403927e+00 1.164847360559e+01 2.289881398734e+01 1 1 1 0.0 0.0 0.0
Se 7.541630842765e+00 1.521272908000e+01 2.292055634589e+01 1 1 1 0.0 0.0 0.0
Se 9.564898460962e+00 1.883143519996e+01 2.288857969935e+01 1 1 1 0.0 0.0 0.0
Se 1.157303843622e+01 2.239782548123e+01 2.288218771444e+01 1 1 1 0.0 0.0 0.0
"
