 -1.100000e+01  0.000000e+00 
 -1.099000e+01  0.000000e+00 
 -1.098000e+01  0.000000e+00 
 -1.097000e+01  0.000000e+00 
 -1.096000e+01  0.000000e+00 
 -1.095000e+01  0.000000e+00 
 -1.094000e+01  0.000000e+00 
 -1.093000e+01  0.000000e+00 
 -1.092000e+01  0.000000e+00 
 -1.091000e+01  0.000000e+00 
 -1.090000e+01  0.000000e+00 
 -1.089000e+01  0.000000e+00 
 -1.088000e+01  0.000000e+00 
 -1.087000e+01  0.000000e+00 
 -1.086000e+01  0.000000e+00 
 -1.085000e+01  0.000000e+00 
 -1.084000e+01  0.000000e+00 
 -1.083000e+01  0.000000e+00 
 -1.082000e+01  0.000000e+00 
 -1.081000e+01  0.000000e+00 
 -1.080000e+01  0.000000e+00 
 -1.079000e+01  0.000000e+00 
 -1.078000e+01  0.000000e+00 
 -1.077000e+01  0.000000e+00 
 -1.076000e+01  0.000000e+00 
 -1.075000e+01  0.000000e+00 
 -1.074000e+01  0.000000e+00 
 -1.073000e+01  0.000000e+00 
 -1.072000e+01  0.000000e+00 
 -1.071000e+01  0.000000e+00 
 -1.070000e+01  0.000000e+00 
 -1.069000e+01  0.000000e+00 
 -1.068000e+01  0.000000e+00 
 -1.067000e+01  0.000000e+00 
 -1.066000e+01  0.000000e+00 
 -1.065000e+01  0.000000e+00 
 -1.064000e+01  0.000000e+00 
 -1.063000e+01  0.000000e+00 
 -1.062000e+01  0.000000e+00 
 -1.061000e+01  0.000000e+00 
 -1.060000e+01  0.000000e+00 
 -1.059000e+01  0.000000e+00 
 -1.058000e+01  5.070524e-04 
 -1.057000e+01  5.839542e-03 
 -1.056000e+01  1.699559e-02 
 -1.055000e+01  1.087027e+00 
 -1.054000e+01  9.832234e-01 
 -1.053000e+01  8.943031e-01 
 -1.052000e+01  9.420817e+00 
 -1.051000e+01  1.291858e+00 
 -1.050000e+01  1.216399e+00 
 -1.049000e+01  1.156768e+00 
 -1.048000e+01  1.112966e+00 
 -1.047000e+01  1.084991e+00 
 -1.046000e+01  1.072844e+00 
 -1.045000e+01  1.076648e+00 
 -1.044000e+01  1.096521e+00 
 -1.043000e+01  1.132463e+00 
 -1.042000e+01  1.184476e+00 
 -1.041000e+01  1.252557e+00 
 -1.040000e+01  1.200442e+00 
 -1.039000e+01  6.783073e-01 
 -1.038000e+01  6.777299e-01 
 -1.037000e+01  6.621899e-01 
 -1.036000e+01  6.488990e-01 
 -1.035000e+01  6.378571e-01 
 -1.034000e+01  6.290642e-01 
 -1.033000e+01  6.225204e-01 
 -1.032000e+01  6.182257e-01 
 -1.031000e+01  6.161800e-01 
 -1.030000e+01  6.163834e-01 
 -1.029000e+01  6.188358e-01 
 -1.028000e+01  6.235373e-01 
 -1.027000e+01  6.305290e-01 
 -1.026000e+01  6.398727e-01 
 -1.025000e+01  6.515692e-01 
 -1.024000e+01  6.656184e-01 
 -1.023000e+01  6.820204e-01 
 -1.022000e+01  7.007750e-01 
 -1.021000e+01  7.218824e-01 
 -1.020000e+01  6.054619e-01 
 -1.019000e+01  4.665589e-01 
 -1.018000e+01  4.799942e-01 
 -1.017000e+01  4.722217e-01 
 -1.016000e+01  4.653105e-01 
 -1.015000e+01  4.591297e-01 
 -1.014000e+01  4.536794e-01 
 -1.013000e+01  4.489594e-01 
 -1.012000e+01  4.449699e-01 
 -1.011000e+01  4.417108e-01 
 -1.010000e+01  4.391821e-01 
 -1.009000e+01  4.373838e-01 
 -1.008000e+01  4.363159e-01 
 -1.007000e+01  4.359784e-01 
 -1.006000e+01  4.363714e-01 
 -1.005000e+01  4.374947e-01 
 -1.004000e+01  4.393485e-01 
 -1.003000e+01  4.419327e-01 
 -1.002000e+01  4.452473e-01 
 -1.001000e+01  4.493115e-01 
 -1.000000e+01  4.541593e-01 
 -9.990000e+00  4.597912e-01 
 -9.980000e+00  4.662072e-01 
 -9.970000e+00  4.734073e-01 
 -9.960000e+00  4.813916e-01 
 -9.950000e+00  4.901600e-01 
 -9.940000e+00  4.997126e-01 
 -9.930000e+00  4.829778e-01 
 -9.920000e+00  3.979524e-01 
 -9.910000e+00  3.599517e-01 
 -9.900000e+00  3.735488e-01 
 -9.890000e+00  3.685144e-01 
 -9.880000e+00  3.640802e-01 
 -9.870000e+00  3.601182e-01 
 -9.860000e+00  3.564846e-01 
 -9.850000e+00  3.531792e-01 
 -9.840000e+00  3.502021e-01 
 -9.830000e+00  3.475533e-01 
 -9.820000e+00  3.452327e-01 
 -9.810000e+00  3.432404e-01 
 -9.800000e+00  3.415763e-01 
 -9.790000e+00  3.402406e-01 
 -9.780000e+00  3.392330e-01 
 -9.770000e+00  3.385538e-01 
 -9.760000e+00  3.382028e-01 
 -9.750000e+00  3.381800e-01 
 -9.740000e+00  3.384855e-01 
 -9.730000e+00  3.391193e-01 
 -9.720000e+00  3.400814e-01 
 -9.710000e+00  3.413717e-01 
 -9.700000e+00  3.429902e-01 
 -9.690000e+00  3.449371e-01 
 -9.680000e+00  3.472122e-01 
 -9.670000e+00  3.498279e-01 
 -9.660000e+00  3.528032e-01 
 -9.650000e+00  3.561382e-01 
 -9.640000e+00  3.598328e-01 
 -9.630000e+00  3.638871e-01 
 -9.620000e+00  3.683011e-01 
 -9.610000e+00  3.730747e-01 
 -9.600000e+00  3.782080e-01 
 -9.590000e+00  3.837010e-01 
 -9.580000e+00  3.849939e-01 
 -9.570000e+00  3.512331e-01 
 -9.560000e+00  2.915407e-01 
 -9.550000e+00  2.966101e-01 
 -9.540000e+00  3.060862e-01 
 -9.530000e+00  3.026519e-01 
 -9.520000e+00  2.995068e-01 
 -9.510000e+00  2.966511e-01 
 -9.500000e+00  2.940664e-01 
 -9.490000e+00  2.916683e-01 
 -9.480000e+00  2.894464e-01 
 -9.470000e+00  2.874004e-01 
 -9.460000e+00  2.855306e-01 
 -9.450000e+00  2.838368e-01 
 -9.440000e+00  2.823191e-01 
 -9.430000e+00  2.809774e-01 
 -9.420000e+00  2.798118e-01 
 -9.410000e+00  2.788222e-01 
 -9.400000e+00  2.780088e-01 
 -9.390000e+00  2.773713e-01 
 -9.380000e+00  2.769100e-01 
 -9.370000e+00  2.766247e-01 
 -9.360000e+00  2.765154e-01 
 -9.350000e+00  2.765823e-01 
 -9.340000e+00  2.768252e-01 
 -9.330000e+00  2.772441e-01 
 -9.320000e+00  2.778391e-01 
 -9.310000e+00  2.786102e-01 
 -9.300000e+00  2.795574e-01 
 -9.290000e+00  2.806806e-01 
 -9.280000e+00  2.819798e-01 
 -9.270000e+00  2.834552e-01 
 -9.260000e+00  2.851066e-01 
 -9.250000e+00  2.869449e-01 
 -9.240000e+00  2.889793e-01 
 -9.230000e+00  2.912097e-01 
 -9.220000e+00  2.936362e-01 
 -9.210000e+00  2.962587e-01 
 -9.200000e+00  2.990773e-01 
 -9.190000e+00  3.020919e-01 
 -9.180000e+00  3.053026e-01 
 -9.170000e+00  3.087093e-01 
 -9.160000e+00  3.123120e-01 
 -9.150000e+00  3.152160e-01 
 -9.140000e+00  2.945663e-01 
 -9.130000e+00  2.758666e-01 
 -9.120000e+00  2.370624e-01 
 -9.110000e+00  2.547433e-01 
 -9.100000e+00  2.593187e-01 
 -9.090000e+00  2.568514e-01 
 -9.080000e+00  2.545473e-01 
 -9.070000e+00  2.524066e-01 
 -9.060000e+00  2.504293e-01 
 -9.050000e+00  2.486127e-01 
 -9.040000e+00  2.469161e-01 
 -9.030000e+00  2.453253e-01 
 -9.020000e+00  2.438401e-01 
 -9.010000e+00  2.424606e-01 
 -9.000000e+00  2.411868e-01 
 -8.990000e+00  2.400187e-01 
 -8.980000e+00  2.389563e-01 
 -8.970000e+00  2.379996e-01 
 -8.960000e+00  2.371486e-01 
 -8.950000e+00  2.364033e-01 
 -8.940000e+00  2.357637e-01 
 -8.930000e+00  2.352297e-01 
 -8.920000e+00  2.348015e-01 
 -8.910000e+00  2.344790e-01 
 -8.900000e+00  2.342621e-01 
 -8.890000e+00  2.341510e-01 
 -8.880000e+00  2.341455e-01 
 -8.870000e+00  2.342458e-01 
 -8.860000e+00  2.344517e-01 
 -8.850000e+00  2.347633e-01 
 -8.840000e+00  2.351807e-01 
 -8.830000e+00  2.357037e-01 
 -8.820000e+00  2.363324e-01 
 -8.810000e+00  2.370668e-01 
 -8.800000e+00  2.379069e-01 
 -8.790000e+00  2.388527e-01 
 -8.780000e+00  2.399042e-01 
 -8.770000e+00  2.410614e-01 
 -8.760000e+00  2.423250e-01 
 -8.750000e+00  2.437050e-01 
 -8.740000e+00  2.452042e-01 
 -8.730000e+00  2.468227e-01 
 -8.720000e+00  2.485604e-01 
 -8.710000e+00  2.504173e-01 
 -8.700000e+00  2.523935e-01 
 -8.690000e+00  2.544889e-01 
 -8.680000e+00  2.567036e-01 
 -8.670000e+00  2.590375e-01 
 -8.660000e+00  2.614906e-01 
 -8.650000e+00  2.640630e-01 
 -8.640000e+00  2.659961e-01 
 -8.630000e+00  2.511843e-01 
 -8.620000e+00  2.397844e-01 
 -8.610000e+00  2.154003e-01 
 -8.600000e+00  2.097840e-01 
 -8.590000e+00  2.244569e-01 
 -8.580000e+00  2.249439e-01 
 -8.570000e+00  2.230986e-01 
 -8.560000e+00  2.213553e-01 
 -8.550000e+00  2.197139e-01 
 -8.540000e+00  2.181745e-01 
 -8.530000e+00  2.167371e-01 
 -8.520000e+00  2.154010e-01 
 -8.510000e+00  2.141442e-01 
 -8.500000e+00  2.129561e-01 
 -8.490000e+00  2.118367e-01 
 -8.480000e+00  2.107860e-01 
 -8.470000e+00  2.098039e-01 
 -8.460000e+00  2.088906e-01 
 -8.450000e+00  2.080458e-01 
 -8.440000e+00  2.072698e-01 
 -8.430000e+00  2.065624e-01 
 -8.420000e+00  2.059238e-01 
 -8.410000e+00  2.053537e-01 
 -8.400000e+00  2.048524e-01 
 -8.390000e+00  2.044197e-01 
 -8.380000e+00  2.040558e-01 
 -8.370000e+00  2.037604e-01 
 -8.360000e+00  2.035338e-01 
 -8.350000e+00  2.033758e-01 
 -8.340000e+00  2.032865e-01 
 -8.330000e+00  2.032659e-01 
 -8.320000e+00  2.033140e-01 
 -8.310000e+00  2.034307e-01 
 -8.300000e+00  2.036161e-01 
 -8.290000e+00  2.038702e-01 
 -8.280000e+00  2.041929e-01 
 -8.270000e+00  2.045844e-01 
 -8.260000e+00  2.050445e-01 
 -8.250000e+00  2.055732e-01 
 -8.240000e+00  2.061707e-01 
 -8.230000e+00  2.068368e-01 
 -8.220000e+00  2.075716e-01 
 -8.210000e+00  2.083751e-01 
 -8.200000e+00  2.092472e-01 
 -8.190000e+00  2.101880e-01 
 -8.180000e+00  2.112008e-01 
 -8.170000e+00  2.122918e-01 
 -8.160000e+00  2.134612e-01 
 -8.150000e+00  2.147088e-01 
 -8.140000e+00  2.160348e-01 
 -8.130000e+00  2.174391e-01 
 -8.120000e+00  2.189217e-01 
 -8.110000e+00  2.204827e-01 
 -8.100000e+00  2.221220e-01 
 -8.090000e+00  2.238396e-01 
 -8.080000e+00  2.256356e-01 
 -8.070000e+00  2.275098e-01 
 -8.060000e+00  2.294625e-01 
 -8.050000e+00  2.292585e-01 
 -8.040000e+00  2.163866e-01 
 -8.030000e+00  2.087608e-01 
 -8.020000e+00  1.954569e-01 
 -8.010000e+00  1.827420e-01 
 -8.000000e+00  1.949781e-01 
 -7.990000e+00  2.000554e-01 
 -7.980000e+00  1.986157e-01 
 -7.970000e+00  1.971941e-01 
 -7.960000e+00  1.958408e-01 
 -7.950000e+00  1.945559e-01 
 -7.940000e+00  1.933393e-01 
 -7.930000e+00  1.921911e-01 
 -7.920000e+00  1.911113e-01 
 -7.910000e+00  1.900987e-01 
 -7.900000e+00  1.891379e-01 
 -7.890000e+00  1.882245e-01 
 -7.880000e+00  1.873584e-01 
 -7.870000e+00  1.865397e-01 
 -7.860000e+00  1.857684e-01 
 -7.850000e+00  1.850444e-01 
 -7.840000e+00  1.843679e-01 
 -7.830000e+00  1.837386e-01 
 -7.820000e+00  1.831568e-01 
 -7.810000e+00  1.826223e-01 
 -7.800000e+00  1.821352e-01 
 -7.790000e+00  1.816954e-01 
 -7.780000e+00  1.813030e-01 
 -7.770000e+00  1.809580e-01 
 -7.760000e+00  1.806603e-01 
 -7.750000e+00  1.804100e-01 
 -7.740000e+00  1.802071e-01 
 -7.730000e+00  1.800516e-01 
 -7.720000e+00  1.799434e-01 
 -7.710000e+00  1.798825e-01 
 -7.700000e+00  1.798691e-01 
 -7.690000e+00  1.799030e-01 
 -7.680000e+00  1.799843e-01 
 -7.670000e+00  1.801129e-01 
 -7.660000e+00  1.802889e-01 
 -7.650000e+00  1.805123e-01 
 -7.640000e+00  1.807830e-01 
 -7.630000e+00  1.811011e-01 
 -7.620000e+00  1.814666e-01 
 -7.610000e+00  1.818794e-01 
 -7.600000e+00  1.823396e-01 
 -7.590000e+00  1.828472e-01 
 -7.580000e+00  1.834021e-01 
 -7.570000e+00  1.840044e-01 
 -7.560000e+00  1.846541e-01 
 -7.550000e+00  1.853511e-01 
 -7.540000e+00  1.860955e-01 
 -7.530000e+00  1.868884e-01 
 -7.520000e+00  1.877352e-01 
 -7.510000e+00  1.886365e-01 
 -7.500000e+00  1.895924e-01 
 -7.490000e+00  1.906028e-01 
 -7.480000e+00  1.916678e-01 
 -7.470000e+00  1.927873e-01 
 -7.460000e+00  1.939614e-01 
 -7.450000e+00  1.951900e-01 
 -7.440000e+00  1.964732e-01 
 -7.430000e+00  1.978109e-01 
 -7.420000e+00  1.992032e-01 
 -7.410000e+00  2.006501e-01 
 -7.400000e+00  2.021515e-01 
 -7.390000e+00  2.036602e-01 
 -7.380000e+00  1.980134e-01 
 -7.370000e+00  1.878028e-01 
 -7.360000e+00  1.846677e-01 
 -7.350000e+00  1.721108e-01 
 -7.340000e+00  1.645966e-01 
 -7.330000e+00  1.746057e-01 
 -7.320000e+00  1.798667e-01 
 -7.310000e+00  1.790175e-01 
 -7.300000e+00  1.778503e-01 
 -7.290000e+00  1.767314e-01 
 -7.280000e+00  1.756610e-01 
 -7.270000e+00  1.746390e-01 
 -7.260000e+00  1.736655e-01 
 -7.250000e+00  1.727404e-01 
 -7.240000e+00  1.718637e-01 
 -7.230000e+00  1.710354e-01 
 -7.220000e+00  1.702507e-01 
 -7.210000e+00  1.695005e-01 
 -7.200000e+00  1.687845e-01 
 -7.190000e+00  1.681029e-01 
 -7.180000e+00  1.674555e-01 
 -7.170000e+00  1.668424e-01 
 -7.160000e+00  1.662636e-01 
 -7.150000e+00  1.657191e-01 
 -7.140000e+00  1.652089e-01 
 -7.130000e+00  1.647329e-01 
 -7.120000e+00  1.642913e-01 
 -7.110000e+00  1.638839e-01 
 -7.100000e+00  1.635108e-01 
 -7.090000e+00  1.631720e-01 
 -7.080000e+00  1.628675e-01 
 -7.070000e+00  1.625973e-01 
 -7.060000e+00  1.623614e-01 
 -7.050000e+00  1.621598e-01 
 -7.040000e+00  1.619924e-01 
 -7.030000e+00  1.618594e-01 
 -7.020000e+00  1.617606e-01 
 -7.010000e+00  1.616961e-01 
 -7.000000e+00  1.616659e-01 
 -6.990000e+00  1.616700e-01 
 -6.980000e+00  1.617084e-01 
 -6.970000e+00  1.617810e-01 
 -6.960000e+00  1.618880e-01 
 -6.950000e+00  1.620292e-01 
 -6.940000e+00  1.622048e-01 
 -6.930000e+00  1.624146e-01 
 -6.920000e+00  1.626587e-01 
 -6.910000e+00  1.629371e-01 
 -6.900000e+00  1.632498e-01 
 -6.890000e+00  1.635967e-01 
 -6.880000e+00  1.639780e-01 
 -6.870000e+00  1.643935e-01 
 -6.860000e+00  1.648433e-01 
 -6.850000e+00  1.653275e-01 
 -6.840000e+00  1.658459e-01 
 -6.830000e+00  1.663986e-01 
 -6.820000e+00  1.669855e-01 
 -6.810000e+00  1.676068e-01 
 -6.800000e+00  1.682634e-01 
 -6.790000e+00  1.689595e-01 
 -6.780000e+00  1.696955e-01 
 -6.770000e+00  1.704713e-01 
 -6.760000e+00  1.712870e-01 
 -6.750000e+00  1.721425e-01 
 -6.740000e+00  1.730379e-01 
 -6.730000e+00  1.739732e-01 
 -6.720000e+00  1.749483e-01 
 -6.710000e+00  1.759633e-01 
 -6.700000e+00  1.770182e-01 
 -6.690000e+00  1.781129e-01 
 -6.680000e+00  1.792475e-01 
 -6.670000e+00  1.804219e-01 
 -6.660000e+00  1.816362e-01 
 -6.650000e+00  1.827866e-01 
 -6.640000e+00  1.782578e-01 
 -6.630000e+00  1.694175e-01 
 -6.620000e+00  1.663785e-01 
 -6.610000e+00  1.618961e-01 
 -6.600000e+00  1.507045e-01 
 -6.590000e+00  1.537149e-01 
 -6.580000e+00  1.619823e-01 
 -6.570000e+00  1.640731e-01 
 -6.560000e+00  1.630721e-01 
 -6.550000e+00  1.621071e-01 
 -6.540000e+00  1.611780e-01 
 -6.530000e+00  1.602848e-01 
 -6.520000e+00  1.594276e-01 
 -6.510000e+00  1.586063e-01 
 -6.500000e+00  1.578209e-01 
 -6.490000e+00  1.570715e-01 
 -6.480000e+00  1.563580e-01 
 -6.470000e+00  1.556804e-01 
 -6.460000e+00  1.550353e-01 
 -6.450000e+00  1.544163e-01 
 -6.440000e+00  1.538232e-01 
 -6.430000e+00  1.532560e-01 
 -6.420000e+00  1.527147e-01 
 -6.410000e+00  1.521993e-01 
 -6.400000e+00  1.517098e-01 
 -6.390000e+00  1.512463e-01 
 -6.380000e+00  1.508086e-01 
 -6.370000e+00  1.503969e-01 
 -6.360000e+00  1.500110e-01 
 -6.350000e+00  1.496511e-01 
 -6.340000e+00  1.493171e-01 
 -6.330000e+00  1.490090e-01 
 -6.320000e+00  1.487268e-01 
 -6.310000e+00  1.484705e-01 
 -6.300000e+00  1.482402e-01 
 -6.290000e+00  1.480357e-01 
 -6.280000e+00  1.478571e-01 
 -6.270000e+00  1.477045e-01 
 -6.260000e+00  1.475778e-01 
 -6.250000e+00  1.474770e-01 
 -6.240000e+00  1.474020e-01 
 -6.230000e+00  1.473531e-01 
 -6.220000e+00  1.473300e-01 
 -6.210000e+00  1.473328e-01 
 -6.200000e+00  1.473615e-01 
 -6.190000e+00  1.474162e-01 
 -6.180000e+00  1.474967e-01 
 -6.170000e+00  1.476032e-01 
 -6.160000e+00  1.477356e-01 
 -6.150000e+00  1.478938e-01 
 -6.140000e+00  1.480780e-01 
 -6.130000e+00  1.482881e-01 
 -6.120000e+00  1.485242e-01 
 -6.110000e+00  1.487861e-01 
 -6.100000e+00  1.490739e-01 
 -6.090000e+00  1.493877e-01 
 -6.080000e+00  1.497273e-01 
 -6.070000e+00  1.500929e-01 
 -6.060000e+00  1.504844e-01 
 -6.050000e+00  1.509018e-01 
 -6.040000e+00  1.513451e-01 
 -6.030000e+00  1.518143e-01 
 -6.020000e+00  1.523094e-01 
 -6.010000e+00  1.528304e-01 
 -6.000000e+00  1.533774e-01 
 -5.990000e+00  1.539527e-01 
 -5.980000e+00  1.545584e-01 
 -5.970000e+00  1.551946e-01 
 -5.960000e+00  1.558612e-01 
 -5.950000e+00  1.565583e-01 
 -5.940000e+00  1.572858e-01 
 -5.930000e+00  1.580438e-01 
 -5.920000e+00  1.588323e-01 
 -5.910000e+00  1.596512e-01 
 -5.900000e+00  1.605006e-01 
 -5.890000e+00  1.613804e-01 
 -5.880000e+00  1.622907e-01 
 -5.870000e+00  1.632314e-01 
 -5.860000e+00  1.642026e-01 
 -5.850000e+00  1.652043e-01 
 -5.840000e+00  1.662364e-01 
 -5.830000e+00  1.642031e-01 
 -5.820000e+00  1.564901e-01 
 -5.810000e+00  1.520300e-01 
 -5.800000e+00  1.520248e-01 
 -5.790000e+00  1.443727e-01 
 -5.780000e+00  1.389342e-01 
 -5.770000e+00  1.445113e-01 
 -5.760000e+00  1.506292e-01 
 -5.750000e+00  1.518235e-01 
 -5.740000e+00  1.509652e-01 
 -5.730000e+00  1.501348e-01 
 -5.720000e+00  1.493322e-01 
 -5.710000e+00  1.485576e-01 
 -5.700000e+00  1.478109e-01 
 -5.690000e+00  1.470921e-01 
 -5.680000e+00  1.464012e-01 
 -5.670000e+00  1.457382e-01 
 -5.660000e+00  1.451031e-01 
 -5.650000e+00  1.444959e-01 
 -5.640000e+00  1.439166e-01 
 -5.630000e+00  1.433638e-01 
 -5.620000e+00  1.428320e-01 
 -5.610000e+00  1.423206e-01 
 -5.600000e+00  1.418297e-01 
 -5.590000e+00  1.413593e-01 
 -5.580000e+00  1.409094e-01 
 -5.570000e+00  1.404800e-01 
 -5.560000e+00  1.400711e-01 
 -5.550000e+00  1.396826e-01 
 -5.540000e+00  1.393146e-01 
 -5.530000e+00  1.389671e-01 
 -5.520000e+00  1.386401e-01 
 -5.510000e+00  1.383336e-01 
 -5.500000e+00  1.380476e-01 
 -5.490000e+00  1.377820e-01 
 -5.480000e+00  1.375369e-01 
 -5.470000e+00  1.373123e-01 
 -5.460000e+00  1.371082e-01 
 -5.450000e+00  1.369246e-01 
 -5.440000e+00  1.367614e-01 
 -5.430000e+00  1.366187e-01 
 -5.420000e+00  1.364966e-01 
 -5.410000e+00  1.363949e-01 
 -5.400000e+00  1.363136e-01 
 -5.390000e+00  1.362529e-01 
 -5.380000e+00  1.362127e-01 
 -5.370000e+00  1.361929e-01 
 -5.360000e+00  1.361936e-01 
 -5.350000e+00  1.362148e-01 
 -5.340000e+00  1.362565e-01 
 -5.330000e+00  1.363186e-01 
 -5.320000e+00  1.364013e-01 
 -5.310000e+00  1.365044e-01 
 -5.300000e+00  1.366280e-01 
 -5.290000e+00  1.367721e-01 
 -5.280000e+00  1.369367e-01 
 -5.270000e+00  1.371217e-01 
 -5.260000e+00  1.373272e-01 
 -5.250000e+00  1.375533e-01 
 -5.240000e+00  1.377998e-01 
 -5.230000e+00  1.380668e-01 
 -5.220000e+00  1.383542e-01 
 -5.210000e+00  1.386622e-01 
 -5.200000e+00  1.389906e-01 
 -5.190000e+00  1.393395e-01 
 -5.180000e+00  1.397089e-01 
 -5.170000e+00  1.400988e-01 
 -5.160000e+00  1.405092e-01 
 -5.150000e+00  1.409400e-01 
 -5.140000e+00  1.413913e-01 
 -5.130000e+00  1.418632e-01 
 -5.120000e+00  1.423554e-01 
 -5.110000e+00  1.428686e-01 
 -5.100000e+00  1.434056e-01 
 -5.090000e+00  1.439672e-01 
 -5.080000e+00  1.445532e-01 
 -5.070000e+00  1.451638e-01 
 -5.060000e+00  1.457990e-01 
 -5.050000e+00  1.464586e-01 
 -5.040000e+00  1.471428e-01 
 -5.030000e+00  1.478515e-01 
 -5.020000e+00  1.485848e-01 
 -5.010000e+00  1.493425e-01 
 -5.000000e+00  1.501248e-01 
 -4.990000e+00  1.509317e-01 
 -4.980000e+00  1.517630e-01 
 -4.970000e+00  1.526189e-01 
 -4.960000e+00  1.534990e-01 
 -4.950000e+00  1.516973e-01 
 -4.940000e+00  1.449845e-01 
 -4.930000e+00  1.405617e-01 
 -4.920000e+00  1.412159e-01 
 -4.910000e+00  1.386198e-01 
 -4.900000e+00  1.318876e-01 
 -4.890000e+00  1.332600e-01 
 -4.880000e+00  1.401882e-01 
 -4.870000e+00  1.435191e-01 
 -4.860000e+00  1.432105e-01 
 -4.850000e+00  1.424449e-01 
 -4.840000e+00  1.417023e-01 
 -4.830000e+00  1.409826e-01 
 -4.820000e+00  1.402860e-01 
 -4.810000e+00  1.396123e-01 
 -4.800000e+00  1.389617e-01 
 -4.790000e+00  1.383341e-01 
 -4.780000e+00  1.377294e-01 
 -4.770000e+00  1.371478e-01 
 -4.760000e+00  1.365892e-01 
 -4.750000e+00  1.360535e-01 
 -4.740000e+00  1.355409e-01 
 -4.730000e+00  1.350495e-01 
 -4.720000e+00  1.345756e-01 
 -4.710000e+00  1.341189e-01 
 -4.700000e+00  1.336795e-01 
 -4.690000e+00  1.332574e-01 
 -4.680000e+00  1.328526e-01 
 -4.670000e+00  1.324650e-01 
 -4.660000e+00  1.320947e-01 
 -4.650000e+00  1.317417e-01 
 -4.640000e+00  1.314059e-01 
 -4.630000e+00  1.310874e-01 
 -4.620000e+00  1.307862e-01 
 -4.610000e+00  1.305023e-01 
 -4.600000e+00  1.302356e-01 
 -4.590000e+00  1.299863e-01 
 -4.580000e+00  1.297541e-01 
 -4.570000e+00  1.295393e-01 
 -4.560000e+00  1.293417e-01 
 -4.550000e+00  1.291615e-01 
 -4.540000e+00  1.289984e-01 
 -4.530000e+00  1.288527e-01 
 -4.520000e+00  1.287242e-01 
 -4.510000e+00  1.286130e-01 
 -4.500000e+00  1.285191e-01 
 -4.490000e+00  1.284425e-01 
 -4.480000e+00  1.283831e-01 
 -4.470000e+00  1.283410e-01 
 -4.460000e+00  1.283162e-01 
 -4.450000e+00  1.283086e-01 
 -4.440000e+00  1.283183e-01 
 -4.430000e+00  1.283453e-01 
 -4.420000e+00  1.283896e-01 
 -4.410000e+00  1.284511e-01 
 -4.400000e+00  1.285299e-01 
 -4.390000e+00  1.286260e-01 
 -4.380000e+00  1.287394e-01 
 -4.370000e+00  1.288700e-01 
 -4.360000e+00  1.290179e-01 
 -4.350000e+00  1.291831e-01 
 -4.340000e+00  1.293656e-01 
 -4.330000e+00  1.295653e-01 
 -4.320000e+00  1.297823e-01 
 -4.310000e+00  1.300166e-01 
 -4.300000e+00  1.302681e-01 
 -4.290000e+00  1.305370e-01 
 -4.280000e+00  1.308231e-01 
 -4.270000e+00  1.311264e-01 
 -4.260000e+00  1.314471e-01 
 -4.250000e+00  1.317850e-01 
 -4.240000e+00  1.321402e-01 
 -4.230000e+00  1.325127e-01 
 -4.220000e+00  1.329024e-01 
 -4.210000e+00  1.333094e-01 
 -4.200000e+00  1.337337e-01 
 -4.190000e+00  1.341753e-01 
 -4.180000e+00  1.346341e-01 
 -4.170000e+00  1.351102e-01 
 -4.160000e+00  1.356036e-01 
 -4.150000e+00  1.361142e-01 
 -4.140000e+00  1.366422e-01 
 -4.130000e+00  1.371874e-01 
 -4.120000e+00  1.377505e-01 
 -4.110000e+00  1.383351e-01 
 -4.100000e+00  1.389415e-01 
 -4.090000e+00  1.395699e-01 
 -4.080000e+00  1.402201e-01 
 -4.070000e+00  1.408922e-01 
 -4.060000e+00  1.415862e-01 
 -4.050000e+00  1.423021e-01 
 -4.040000e+00  1.430399e-01 
 -4.030000e+00  1.437996e-01 
 -4.020000e+00  1.442584e-01 
 -4.010000e+00  1.411641e-01 
 -4.000000e+00  1.342986e-01 
 -3.990000e+00  1.315015e-01 
 -3.980000e+00  1.348261e-01 
 -3.970000e+00  1.342983e-01 
 -3.960000e+00  1.303632e-01 
 -3.950000e+00  1.327481e-01 
 -3.940000e+00  1.394255e-01 
 -3.930000e+00  1.425296e-01 
 -3.920000e+00  1.420964e-01 
 -3.910000e+00  1.413061e-01 
 -3.900000e+00  1.405374e-01 
 -3.890000e+00  1.397905e-01 
 -3.880000e+00  1.390652e-01 
 -3.870000e+00  1.383615e-01 
 -3.860000e+00  1.376795e-01 
 -3.850000e+00  1.370192e-01 
 -3.840000e+00  1.363806e-01 
 -3.830000e+00  1.357636e-01 
 -3.820000e+00  1.351683e-01 
 -3.810000e+00  1.345947e-01 
 -3.800000e+00  1.340427e-01 
 -3.790000e+00  1.335124e-01 
 -3.780000e+00  1.330033e-01 
 -3.770000e+00  1.325118e-01 
 -3.760000e+00  1.320373e-01 
 -3.750000e+00  1.315798e-01 
 -3.740000e+00  1.311394e-01 
 -3.730000e+00  1.307160e-01 
 -3.720000e+00  1.303097e-01 
 -3.710000e+00  1.299204e-01 
 -3.700000e+00  1.295481e-01 
 -3.690000e+00  1.291929e-01 
 -3.680000e+00  1.288547e-01 
 -3.670000e+00  1.285335e-01 
 -3.660000e+00  1.282294e-01 
 -3.650000e+00  1.279423e-01 
 -3.640000e+00  1.276722e-01 
 -3.630000e+00  1.274192e-01 
 -3.620000e+00  1.271832e-01 
 -3.610000e+00  1.269643e-01 
 -3.600000e+00  1.267624e-01 
 -3.590000e+00  1.265775e-01 
 -3.580000e+00  1.264096e-01 
 -3.570000e+00  1.262588e-01 
 -3.560000e+00  1.261250e-01 
 -3.550000e+00  1.260083e-01 
 -3.540000e+00  1.259086e-01 
 -3.530000e+00  1.258259e-01 
 -3.520000e+00  1.257603e-01 
 -3.510000e+00  1.257117e-01 
 -3.500000e+00  1.256801e-01 
 -3.490000e+00  1.256656e-01 
 -3.480000e+00  1.256681e-01 
 -3.470000e+00  1.256876e-01 
 -3.460000e+00  1.257242e-01 
 -3.450000e+00  1.257778e-01 
 -3.440000e+00  1.258485e-01 
 -3.430000e+00  1.259361e-01 
 -3.420000e+00  1.260408e-01 
 -3.410000e+00  1.261626e-01 
 -3.400000e+00  1.263014e-01 
 -3.390000e+00  1.264572e-01 
 -3.380000e+00  1.266301e-01 
 -3.370000e+00  1.268200e-01 
 -3.360000e+00  1.270269e-01 
 -3.350000e+00  1.272508e-01 
 -3.340000e+00  1.274918e-01 
 -3.330000e+00  1.277499e-01 
 -3.320000e+00  1.280249e-01 
 -3.310000e+00  1.283170e-01 
 -3.300000e+00  1.286262e-01 
 -3.290000e+00  1.289523e-01 
 -3.280000e+00  1.292956e-01 
 -3.270000e+00  1.296558e-01 
 -3.260000e+00  1.300331e-01 
 -3.250000e+00  1.304274e-01 
 -3.240000e+00  1.308387e-01 
 -3.230000e+00  1.312671e-01 
 -3.220000e+00  1.317125e-01 
 -3.210000e+00  1.321750e-01 
 -3.200000e+00  1.326545e-01 
 -3.190000e+00  1.331510e-01 
 -3.180000e+00  1.336646e-01 
 -3.170000e+00  1.341952e-01 
 -3.160000e+00  1.347428e-01 
 -3.150000e+00  1.353075e-01 
 -3.140000e+00  1.358892e-01 
 -3.130000e+00  1.364879e-01 
 -3.120000e+00  1.371037e-01 
 -3.110000e+00  1.377365e-01 
 -3.100000e+00  1.383863e-01 
 -3.090000e+00  1.390532e-01 
 -3.080000e+00  1.397371e-01 
 -3.070000e+00  1.404380e-01 
 -3.060000e+00  1.411560e-01 
 -3.050000e+00  1.405500e-01 
 -3.040000e+00  1.358641e-01 
 -3.030000e+00  1.270911e-01 
 -3.020000e+00  1.284477e-01 
 -3.010000e+00  1.457578e-01 
 -3.000000e+00  1.544389e-01 
 -2.990000e+00  1.605547e-01 
 -2.980000e+00  1.690744e-01 
 -2.970000e+00  1.742936e-01 
 -2.960000e+00  1.732290e-01 
 -2.950000e+00  1.717788e-01 
 -2.940000e+00  1.703668e-01 
 -2.930000e+00  1.689931e-01 
 -2.920000e+00  1.676576e-01 
 -2.910000e+00  1.663602e-01 
 -2.900000e+00  1.651011e-01 
 -2.890000e+00  1.638802e-01 
 -2.880000e+00  1.626974e-01 
 -2.870000e+00  1.615529e-01 
 -2.860000e+00  1.604466e-01 
 -2.850000e+00  1.593785e-01 
 -2.840000e+00  1.583487e-01 
 -2.830000e+00  1.573570e-01 
 -2.820000e+00  1.564035e-01 
 -2.810000e+00  1.554882e-01 
 -2.800000e+00  1.546095e-01 
 -2.790000e+00  1.537650e-01 
 -2.780000e+00  1.529546e-01 
 -2.770000e+00  1.521784e-01 
 -2.760000e+00  1.514364e-01 
 -2.750000e+00  1.507285e-01 
 -2.740000e+00  1.500547e-01 
 -2.730000e+00  1.494152e-01 
 -2.720000e+00  1.488097e-01 
 -2.710000e+00  1.482385e-01 
 -2.700000e+00  1.477014e-01 
 -2.690000e+00  1.471984e-01 
 -2.680000e+00  1.467297e-01 
 -2.670000e+00  1.462950e-01 
 -2.660000e+00  1.458946e-01 
 -2.650000e+00  1.455283e-01 
 -2.640000e+00  1.451961e-01 
 -2.630000e+00  1.448981e-01 
 -2.620000e+00  1.446343e-01 
 -2.610000e+00  1.444046e-01 
 -2.600000e+00  1.442091e-01 
 -2.590000e+00  1.440478e-01 
 -2.580000e+00  1.439206e-01 
 -2.570000e+00  1.438276e-01 
 -2.560000e+00  1.437687e-01 
 -2.550000e+00  1.437440e-01 
 -2.540000e+00  1.437534e-01 
 -2.530000e+00  1.437970e-01 
 -2.520000e+00  1.438748e-01 
 -2.510000e+00  1.439867e-01 
 -2.500000e+00  1.441328e-01 
 -2.490000e+00  1.443130e-01 
 -2.480000e+00  1.445274e-01 
 -2.470000e+00  1.447760e-01 
 -2.460000e+00  1.450587e-01 
 -2.450000e+00  1.453755e-01 
 -2.440000e+00  1.457266e-01 
 -2.430000e+00  1.461118e-01 
 -2.420000e+00  1.465311e-01 
 -2.410000e+00  1.469846e-01 
 -2.400000e+00  1.474723e-01 
 -2.390000e+00  1.479941e-01 
 -2.380000e+00  1.485501e-01 
 -2.370000e+00  1.491403e-01 
 -2.360000e+00  1.497646e-01 
 -2.350000e+00  1.504230e-01 
 -2.340000e+00  1.511156e-01 
 -2.330000e+00  1.518424e-01 
 -2.320000e+00  1.526034e-01 
 -2.310000e+00  1.533985e-01 
 -2.300000e+00  1.542277e-01 
 -2.290000e+00  1.550911e-01 
 -2.280000e+00  1.559887e-01 
 -2.270000e+00  1.569204e-01 
 -2.260000e+00  1.578863e-01 
 -2.250000e+00  1.588864e-01 
 -2.240000e+00  1.599206e-01 
 -2.230000e+00  1.609890e-01 
 -2.220000e+00  1.620915e-01 
 -2.210000e+00  1.632282e-01 
 -2.200000e+00  1.643990e-01 
 -2.190000e+00  1.656040e-01 
 -2.180000e+00  1.668432e-01 
 -2.170000e+00  1.681165e-01 
 -2.160000e+00  1.694240e-01 
 -2.150000e+00  1.705564e-01 
 -2.140000e+00  1.672771e-01 
 -2.130000e+00  1.579201e-01 
 -2.120000e+00  1.424854e-01 
 -2.110000e+00  1.086847e+00 
 -2.100000e+00  1.838907e+00 
 -2.090000e+00  1.560601e+00 
 -2.080000e+00  1.089377e+00 
 -2.070000e+00  7.088432e-01 
 -2.060000e+00  4.188292e-01 
 -2.050000e+00  2.193352e-01 
 -2.040000e+00  1.103612e-01 
 -2.030000e+00  8.817060e-02 
 -2.020000e+00  8.898656e-02 
 -2.010000e+00  8.983206e-02 
 -2.000000e+00  9.070710e-02 
 -1.990000e+00  9.161169e-02 
 -1.980000e+00  9.254581e-02 
 -1.970000e+00  9.350948e-02 
 -1.960000e+00  9.450269e-02 
 -1.950000e+00  9.552544e-02 
 -1.940000e+00  9.657773e-02 
 -1.930000e+00  9.765957e-02 
 -1.920000e+00  9.877095e-02 
 -1.910000e+00  9.991115e-02 
 -1.900000e+00  1.010770e-01 
 -1.890000e+00  1.022680e-01 
 -1.880000e+00  1.034842e-01 
 -1.870000e+00  1.047257e-01 
 -1.860000e+00  1.059924e-01 
 -1.850000e+00  1.072843e-01 
 -1.840000e+00  1.086014e-01 
 -1.830000e+00  1.099437e-01 
 -1.820000e+00  1.113113e-01 
 -1.810000e+00  1.127040e-01 
 -1.800000e+00  1.141220e-01 
 -1.790000e+00  1.155652e-01 
 -1.780000e+00  1.170336e-01 
 -1.770000e+00  1.185273e-01 
 -1.760000e+00  1.200461e-01 
 -1.750000e+00  1.215902e-01 
 -1.740000e+00  1.231595e-01 
 -1.730000e+00  1.247540e-01 
 -1.720000e+00  1.263737e-01 
 -1.710000e+00  1.280186e-01 
 -1.700000e+00  1.296888e-01 
 -1.690000e+00  1.313841e-01 
 -1.680000e+00  1.331047e-01 
 -1.670000e+00  1.329742e-01 
 -1.660000e+00  9.466592e-02 
 -1.650000e+00  7.920330e-03 
 -1.640000e+00  1.093621e-03 
 -1.630000e+00  9.440171e-04 
 -1.620000e+00  8.054117e-04 
 -1.610000e+00  6.778051e-04 
 -1.600000e+00  5.611974e-04 
 -1.590000e+00  4.555886e-04 
 -1.580000e+00  3.609786e-04 
 -1.570000e+00  2.773674e-04 
 -1.560000e+00  2.047551e-04 
 -1.550000e+00  1.431416e-04 
 -1.540000e+00  9.252703e-05 
 -1.530000e+00  5.291125e-05 
 -1.520000e+00  2.429433e-05 
 -1.510000e+00  6.676242e-06 
 -1.500000e+00  5.700523e-08 
 -1.490000e+00  0.000000e+00 
 -1.480000e+00  0.000000e+00 
 -1.470000e+00  0.000000e+00 
 -1.460000e+00  0.000000e+00 
 -1.450000e+00  0.000000e+00 
 -1.440000e+00  0.000000e+00 
 -1.430000e+00  0.000000e+00 
 -1.420000e+00  0.000000e+00 
 -1.410000e+00  0.000000e+00 
 -1.400000e+00  0.000000e+00 
 -1.390000e+00  0.000000e+00 
 -1.380000e+00  0.000000e+00 
 -1.370000e+00  0.000000e+00 
 -1.360000e+00  0.000000e+00 
 -1.350000e+00  0.000000e+00 
 -1.340000e+00  0.000000e+00 
 -1.330000e+00  0.000000e+00 
 -1.320000e+00  0.000000e+00 
 -1.310000e+00  0.000000e+00 
 -1.300000e+00  0.000000e+00 
 -1.290000e+00  0.000000e+00 
 -1.280000e+00  0.000000e+00 
 -1.270000e+00  0.000000e+00 
 -1.260000e+00  0.000000e+00 
 -1.250000e+00  0.000000e+00 
 -1.240000e+00  0.000000e+00 
 -1.230000e+00  0.000000e+00 
 -1.220000e+00  0.000000e+00 
 -1.210000e+00  0.000000e+00 
 -1.200000e+00  0.000000e+00 
 -1.190000e+00  0.000000e+00 
 -1.180000e+00  0.000000e+00 
 -1.170000e+00  0.000000e+00 
 -1.160000e+00  0.000000e+00 
 -1.150000e+00  0.000000e+00 
 -1.140000e+00  0.000000e+00 
 -1.130000e+00  0.000000e+00 
 -1.120000e+00  0.000000e+00 
 -1.110000e+00  0.000000e+00 
 -1.100000e+00  0.000000e+00 
 -1.090000e+00  0.000000e+00 
 -1.080000e+00  0.000000e+00 
 -1.070000e+00  0.000000e+00 
 -1.060000e+00  0.000000e+00 
 -1.050000e+00  0.000000e+00 
 -1.040000e+00  0.000000e+00 
 -1.030000e+00  0.000000e+00 
 -1.020000e+00  0.000000e+00 
 -1.010000e+00  0.000000e+00 
 -1.000000e+00  0.000000e+00 
 -9.900000e-01  0.000000e+00 
 -9.800000e-01  0.000000e+00 
 -9.700000e-01  0.000000e+00 
 -9.600000e-01  0.000000e+00 
 -9.500000e-01  0.000000e+00 
 -9.400000e-01  0.000000e+00 
 -9.300000e-01  0.000000e+00 
 -9.200000e-01  0.000000e+00 
 -9.100000e-01  0.000000e+00 
 -9.000000e-01  0.000000e+00 
 -8.900000e-01  0.000000e+00 
 -8.800000e-01  0.000000e+00 
 -8.700000e-01  0.000000e+00 
 -8.600000e-01  0.000000e+00 
 -8.500000e-01  0.000000e+00 
 -8.400000e-01  0.000000e+00 
 -8.300000e-01  0.000000e+00 
 -8.200000e-01  0.000000e+00 
 -8.100000e-01  0.000000e+00 
 -8.000000e-01  0.000000e+00 
 -7.900000e-01  0.000000e+00 
 -7.800000e-01  0.000000e+00 
 -7.700000e-01  0.000000e+00 
 -7.600000e-01  0.000000e+00 
 -7.500000e-01  0.000000e+00 
 -7.400000e-01  0.000000e+00 
 -7.300000e-01  0.000000e+00 
 -7.200000e-01  0.000000e+00 
 -7.100000e-01  0.000000e+00 
 -7.000000e-01  0.000000e+00 
 -6.900000e-01  0.000000e+00 
 -6.800000e-01  0.000000e+00 
 -6.700000e-01  0.000000e+00 
 -6.600000e-01  0.000000e+00 
 -6.500000e-01  0.000000e+00 
 -6.400000e-01  0.000000e+00 
 -6.300000e-01  0.000000e+00 
 -6.200000e-01  0.000000e+00 
 -6.100000e-01  0.000000e+00 
 -6.000000e-01  0.000000e+00 
 -5.900000e-01  0.000000e+00 
 -5.800000e-01  0.000000e+00 
 -5.700000e-01  0.000000e+00 
 -5.600000e-01  0.000000e+00 
 -5.500000e-01  0.000000e+00 
 -5.400000e-01  0.000000e+00 
 -5.300000e-01  0.000000e+00 
 -5.200000e-01  0.000000e+00 
 -5.100000e-01  0.000000e+00 
 -5.000000e-01  0.000000e+00 
 -4.900000e-01  0.000000e+00 
 -4.800000e-01  0.000000e+00 
 -4.700000e-01  0.000000e+00 
 -4.600000e-01  0.000000e+00 
 -4.500000e-01  0.000000e+00 
 -4.400000e-01  0.000000e+00 
 -4.300000e-01  0.000000e+00 
 -4.200000e-01  0.000000e+00 
 -4.100000e-01  0.000000e+00 
 -4.000000e-01  0.000000e+00 
 -3.900000e-01  0.000000e+00 
 -3.800000e-01  0.000000e+00 
 -3.700000e-01  0.000000e+00 
 -3.600000e-01  0.000000e+00 
 -3.500000e-01  0.000000e+00 
 -3.400000e-01  0.000000e+00 
 -3.300000e-01  0.000000e+00 
 -3.200000e-01  0.000000e+00 
 -3.100000e-01  0.000000e+00 
 -3.000000e-01  0.000000e+00 
 -2.900000e-01  0.000000e+00 
 -2.800000e-01  0.000000e+00 
 -2.700000e-01  0.000000e+00 
 -2.600000e-01  0.000000e+00 
 -2.500000e-01  0.000000e+00 
 -2.400000e-01  0.000000e+00 
 -2.300000e-01  0.000000e+00 
 -2.200000e-01  0.000000e+00 
 -2.100000e-01  0.000000e+00 
 -2.000000e-01  0.000000e+00 
 -1.900000e-01  0.000000e+00 
 -1.800000e-01  0.000000e+00 
 -1.700000e-01  0.000000e+00 
 -1.600000e-01  0.000000e+00 
 -1.500000e-01  0.000000e+00 
 -1.400000e-01  0.000000e+00 
 -1.300000e-01  0.000000e+00 
 -1.200000e-01  0.000000e+00 
 -1.100000e-01  0.000000e+00 
 -1.000000e-01  0.000000e+00 
 -9.000000e-02  0.000000e+00 
 -8.000000e-02  0.000000e+00 
 -7.000000e-02  0.000000e+00 
 -6.000000e-02  0.000000e+00 
 -5.000000e-02  0.000000e+00 
 -4.000000e-02  0.000000e+00 
 -3.000000e-02  0.000000e+00 
 -2.000000e-02  0.000000e+00 
 -1.000000e-02  0.000000e+00 
 0.000000e+00  0.000000e+00 
 1.000000e-02  0.000000e+00 
 2.000000e-02  0.000000e+00 
 3.000000e-02  0.000000e+00 
 4.000000e-02  0.000000e+00 
 5.000000e-02  0.000000e+00 
 6.000000e-02  0.000000e+00 
 7.000000e-02  0.000000e+00 
 8.000000e-02  0.000000e+00 
 9.000000e-02  0.000000e+00 
 1.000000e-01  0.000000e+00 
 1.100000e-01  0.000000e+00 
 1.200000e-01  0.000000e+00 
 1.300000e-01  0.000000e+00 
 1.400000e-01  0.000000e+00 
 1.500000e-01  0.000000e+00 
 1.600000e-01  0.000000e+00 
 1.700000e-01  0.000000e+00 
 1.800000e-01  0.000000e+00 
 1.900000e-01  0.000000e+00 
 2.000000e-01  0.000000e+00 
 2.100000e-01  0.000000e+00 
 2.200000e-01  0.000000e+00 
 2.300000e-01  0.000000e+00 
 2.400000e-01  0.000000e+00 
 2.500000e-01  0.000000e+00 
 2.600000e-01  0.000000e+00 
 2.700000e-01  0.000000e+00 
 2.800000e-01  0.000000e+00 
 2.900000e-01  0.000000e+00 
 3.000000e-01  0.000000e+00 
 3.100000e-01  0.000000e+00 
 3.200000e-01  0.000000e+00 
 3.300000e-01  0.000000e+00 
 3.400000e-01  0.000000e+00 
 3.500000e-01  0.000000e+00 
 3.600000e-01  0.000000e+00 
 3.700000e-01  0.000000e+00 
 3.800000e-01  0.000000e+00 
 3.900000e-01  0.000000e+00 
 4.000000e-01  0.000000e+00 
 4.100000e-01  0.000000e+00 
 4.200000e-01  0.000000e+00 
 4.300000e-01  0.000000e+00 
 4.400000e-01  0.000000e+00 
 4.500000e-01  0.000000e+00 
 4.600000e-01  0.000000e+00 
 4.700000e-01  0.000000e+00 
 4.800000e-01  0.000000e+00 
 4.900000e-01  0.000000e+00 
 5.000000e-01  0.000000e+00 
 5.100000e-01  0.000000e+00 
 5.200000e-01  0.000000e+00 
 5.300000e-01  0.000000e+00 
 5.400000e-01  0.000000e+00 
 5.500000e-01  0.000000e+00 
 5.600000e-01  0.000000e+00 
 5.700000e-01  0.000000e+00 
 5.800000e-01  0.000000e+00 
 5.900000e-01  0.000000e+00 
 6.000000e-01  0.000000e+00 
 6.100000e-01  0.000000e+00 
 6.200000e-01  0.000000e+00 
 6.300000e-01  0.000000e+00 
 6.400000e-01  0.000000e+00 
 6.500000e-01  0.000000e+00 
 6.600000e-01  0.000000e+00 
 6.700000e-01  0.000000e+00 
 6.800000e-01  0.000000e+00 
 6.900000e-01  0.000000e+00 
 7.000000e-01  0.000000e+00 
 7.100000e-01  0.000000e+00 
 7.200000e-01  0.000000e+00 
 7.300000e-01  0.000000e+00 
 7.400000e-01  0.000000e+00 
 7.500000e-01  0.000000e+00 
 7.600000e-01  0.000000e+00 
 7.700000e-01  0.000000e+00 
 7.800000e-01  0.000000e+00 
 7.900000e-01  0.000000e+00 
 8.000000e-01  0.000000e+00 
 8.100000e-01  0.000000e+00 
 8.200000e-01  0.000000e+00 
 8.300000e-01  0.000000e+00 
 8.400000e-01  0.000000e+00 
 8.500000e-01  0.000000e+00 
 8.600000e-01  0.000000e+00 
 8.700000e-01  0.000000e+00 
 8.800000e-01  0.000000e+00 
 8.900000e-01  0.000000e+00 
 9.000000e-01  0.000000e+00 
 9.100000e-01  0.000000e+00 
 9.200000e-01  0.000000e+00 
 9.300000e-01  0.000000e+00 
 9.400000e-01  0.000000e+00 
 9.500000e-01  0.000000e+00 
 9.600000e-01  1.627649e-06 
 9.700000e-01  8.825733e-06 
 9.800000e-01  2.177001e-05 
 9.900000e-01  4.046046e-05 
 1.000000e+00  6.489711e-05 
 1.010000e+00  9.507994e-05 
 1.020000e+00  1.310090e-04 
 1.030000e+00  1.726842e-04 
 1.040000e+00  2.201056e-04 
 1.050000e+00  2.732731e-04 
 1.060000e+00  3.321869e-04 
 1.070000e+00  3.968469e-04 
 1.080000e+00  4.672530e-04 
 1.090000e+00  5.434053e-04 
 1.100000e+00  6.253039e-04 
 1.110000e+00  7.129486e-04 
 1.120000e+00  8.063394e-04 
 1.130000e+00  9.054765e-04 
 1.140000e+00  1.010360e-03 
 1.150000e+00  1.120989e-03 
 1.160000e+00  2.784233e-02 
 1.170000e+00  8.097242e-02 
 1.180000e+00  1.065725e-01 
 1.190000e+00  1.084908e-01 
 1.200000e+00  1.073622e-01 
 1.210000e+00  1.062469e-01 
 1.220000e+00  1.051448e-01 
 1.230000e+00  1.040561e-01 
 1.240000e+00  1.029808e-01 
 1.250000e+00  1.019187e-01 
 1.260000e+00  1.008699e-01 
 1.270000e+00  9.983450e-02 
 1.280000e+00  9.881238e-02 
 1.290000e+00  9.780356e-02 
 1.300000e+00  9.680806e-02 
 1.310000e+00  9.582587e-02 
 1.320000e+00  9.485700e-02 
 1.330000e+00  9.390144e-02 
 1.340000e+00  9.295919e-02 
 1.350000e+00  9.203026e-02 
 1.360000e+00  9.111464e-02 
 1.370000e+00  9.021233e-02 
 1.380000e+00  8.932334e-02 
 1.390000e+00  8.844766e-02 
 1.400000e+00  8.758529e-02 
 1.410000e+00  8.673624e-02 
 1.420000e+00  8.590085e-02 
 1.430000e+00  8.508043e-02 
 1.440000e+00  8.427512e-02 
 1.450000e+00  8.348490e-02 
 1.460000e+00  8.270979e-02 
 1.470000e+00  8.194977e-02 
 1.480000e+00  8.120485e-02 
 1.490000e+00  8.047503e-02 
 1.500000e+00  7.976031e-02 
 1.510000e+00  7.906068e-02 
 1.520000e+00  7.837616e-02 
 1.530000e+00  7.770674e-02 
 1.540000e+00  7.705241e-02 
 1.550000e+00  7.641319e-02 
 1.560000e+00  7.578906e-02 
 1.570000e+00  7.518003e-02 
 1.580000e+00  7.458610e-02 
 1.590000e+00  7.400727e-02 
 1.600000e+00  7.442666e-02 
 1.610000e+00  1.052951e-01 
 1.620000e+00  1.803698e-01 
 1.630000e+00  2.996507e-01 
 1.640000e+00  4.631378e-01 
 1.650000e+00  6.708312e-01 
 1.660000e+00  9.227308e-01 
 1.670000e+00  1.219155e+00 
 1.680000e+00  1.476628e+00 
 1.690000e+00  1.243923e+00 
 1.700000e+00  4.505891e-01 
 1.710000e+00  1.154438e-01 
 1.720000e+00  1.242749e-01 
 1.730000e+00  1.303790e-01 
 1.740000e+00  1.337560e-01 
 1.750000e+00  1.344060e-01 
 1.760000e+00  1.335732e-01 
 1.770000e+00  1.327544e-01 
 1.780000e+00  1.319526e-01 
 1.790000e+00  1.311679e-01 
 1.800000e+00  1.304002e-01 
 1.810000e+00  1.296496e-01 
 1.820000e+00  1.289161e-01 
 1.830000e+00  1.281996e-01 
 1.840000e+00  1.275002e-01 
 1.850000e+00  1.268178e-01 
 1.860000e+00  1.261525e-01 
 1.870000e+00  1.255043e-01 
 1.880000e+00  1.248731e-01 
 1.890000e+00  1.242589e-01 
 1.900000e+00  1.236619e-01 
 1.910000e+00  1.230818e-01 
 1.920000e+00  1.225189e-01 
 1.930000e+00  1.219730e-01 
 1.940000e+00  1.214441e-01 
 1.950000e+00  1.209324e-01 
 1.960000e+00  1.204376e-01 
 1.970000e+00  1.199600e-01 
 1.980000e+00  1.194994e-01 
 1.990000e+00  1.190558e-01 
 2.000000e+00  1.186293e-01 
 2.010000e+00  1.182199e-01 
 2.020000e+00  1.178275e-01 
 2.030000e+00  1.174522e-01 
 2.040000e+00  1.170939e-01 
 2.050000e+00  1.167527e-01 
 2.060000e+00  1.164286e-01 
 2.070000e+00  1.161215e-01 
 2.080000e+00  1.158315e-01 
 2.090000e+00  1.155585e-01 
 2.100000e+00  1.153026e-01 
 2.110000e+00  1.150638e-01 
 2.120000e+00  1.148420e-01 
 2.130000e+00  1.146373e-01 
 2.140000e+00  1.144496e-01 
 2.150000e+00  1.142790e-01 
 2.160000e+00  1.141254e-01 
 2.170000e+00  1.139889e-01 
 2.180000e+00  1.138695e-01 
 2.190000e+00  1.137671e-01 
 2.200000e+00  1.136818e-01 
 2.210000e+00  1.136135e-01 
 2.220000e+00  1.135623e-01 
 2.230000e+00  1.135281e-01 
 2.240000e+00  1.135111e-01 
 2.250000e+00  1.135110e-01 
 2.260000e+00  1.135281e-01 
 2.270000e+00  1.135621e-01 
 2.280000e+00  1.136133e-01 
 2.290000e+00  1.136815e-01 
 2.300000e+00  1.137668e-01 
 2.310000e+00  1.138691e-01 
 2.320000e+00  1.139884e-01 
 2.330000e+00  1.141249e-01 
 2.340000e+00  1.142784e-01 
 2.350000e+00  1.144489e-01 
 2.360000e+00  1.146365e-01 
 2.370000e+00  1.148412e-01 
 2.380000e+00  1.150629e-01 
 2.390000e+00  1.153017e-01 
 2.400000e+00  1.155576e-01 
 2.410000e+00  1.158305e-01 
 2.420000e+00  1.161204e-01 
 2.430000e+00  1.164275e-01 
 2.440000e+00  1.167515e-01 
 2.450000e+00  1.170927e-01 
 2.460000e+00  1.174509e-01 
 2.470000e+00  1.178261e-01 
 2.480000e+00  1.182184e-01 
 2.490000e+00  1.186278e-01 
 2.500000e+00  1.190542e-01 
 2.510000e+00  1.194977e-01 
 2.520000e+00  1.199588e-01 
 2.530000e+00  1.204381e-01 
 2.540000e+00  1.209357e-01 
 2.550000e+00  1.214515e-01 
 2.560000e+00  1.219857e-01 
 2.570000e+00  1.225381e-01 
 2.580000e+00  1.231088e-01 
 2.590000e+00  1.236977e-01 
 2.600000e+00  1.243050e-01 
 2.610000e+00  1.249305e-01 
 2.620000e+00  1.255743e-01 
 2.630000e+00  1.262363e-01 
 2.640000e+00  1.269166e-01 
 2.650000e+00  1.276153e-01 
 2.660000e+00  1.283321e-01 
 2.670000e+00  1.290673e-01 
 2.680000e+00  1.298207e-01 
 2.690000e+00  1.305924e-01 
 2.700000e+00  1.313824e-01 
 2.710000e+00  1.321906e-01 
 2.720000e+00  1.330172e-01 
 2.730000e+00  1.338620e-01 
 2.740000e+00  1.347250e-01 
 2.750000e+00  1.356064e-01 
 2.760000e+00  1.365060e-01 
 2.770000e+00  1.374239e-01 
 2.780000e+00  1.373819e-01 
 2.790000e+00  1.337483e-01 
 2.800000e+00  1.288950e-01 
 2.810000e+00  1.236621e-01 
 2.820000e+00  1.178782e-01 
 2.830000e+00  1.080881e-01 
 2.840000e+00  9.453556e-02 
 2.850000e+00  8.866356e-02 
 2.860000e+00  9.193779e-02 
 2.870000e+00  9.603704e-02 
 2.880000e+00  9.872462e-02 
 2.890000e+00  9.999631e-02 
 2.900000e+00  9.993778e-02 
 2.910000e+00  9.958242e-02 
 2.920000e+00  9.923327e-02 
 2.930000e+00  9.889035e-02 
 2.940000e+00  9.855364e-02 
 2.950000e+00  9.822316e-02 
 2.960000e+00  9.789889e-02 
 2.970000e+00  9.758084e-02 
 2.980000e+00  9.726901e-02 
 2.990000e+00  9.696340e-02 
 3.000000e+00  9.666401e-02 
 3.010000e+00  9.637084e-02 
 3.020000e+00  9.771137e-02 
 3.030000e+00  1.044121e-01 
 3.040000e+00  1.847914e-01 
 3.050000e+00  1.132378e+00 
 3.060000e+00  1.035958e+00 
 3.070000e+00  9.536347e-01 
 3.080000e+00  1.373547e+01 
 3.090000e+00  1.345787e+00 
 3.100000e+00  1.275879e+00 
 3.110000e+00  1.220960e+00 
 3.120000e+00  1.181030e+00 
 3.130000e+00  1.156091e+00 
 3.140000e+00  1.146144e+00 
 3.150000e+00  1.151330e+00 
 3.160000e+00  1.171734e+00 
 3.170000e+00  1.207357e+00 
 3.180000e+00  1.258197e+00 
 3.190000e+00  1.324256e+00 
 3.200000e+00  1.262952e+00 
 3.210000e+00  7.569746e-01 
 3.220000e+00  7.572804e-01 
 3.230000e+00  7.420784e-01 
 3.240000e+00  7.291295e-01 
 3.250000e+00  7.253014e-01 
 3.260000e+00  7.345784e-01 
 3.270000e+00  2.909271e+00 
 3.280000e+00  2.695183e+00 
 3.290000e+00  2.511334e+00 
 3.300000e+00  5.832491e+00 
 3.310000e+00  3.075456e+00 
 3.320000e+00  3.146930e+00 
 3.330000e+00  3.025082e+00 
 3.340000e+00  2.935348e+00 
 3.350000e+00  2.877733e+00 
 3.360000e+00  2.852238e+00 
 3.370000e+00  2.858919e+00 
 3.380000e+00  2.898119e+00 
 3.390000e+00  2.969894e+00 
 3.400000e+00  3.012444e+00 
 3.410000e+00  2.891634e+00 
 3.420000e+00  3.081497e+00 
 3.430000e+00  2.101168e+00 
 3.440000e+00  1.900417e+00 
 3.450000e+00  1.861388e+00 
 3.460000e+00  1.827298e+00 
 3.470000e+00  1.798146e+00 
 3.480000e+00  1.773932e+00 
 3.490000e+00  1.754656e+00 
 3.500000e+00  1.740319e+00 
 3.510000e+00  1.730920e+00 
 3.520000e+00  1.726459e+00 
 3.530000e+00  1.726937e+00 
 3.540000e+00  1.732353e+00 
 3.550000e+00  1.742707e+00 
 3.560000e+00  1.758105e+00 
 3.570000e+00  1.778637e+00 
 3.580000e+00  1.804301e+00 
 3.590000e+00  1.835099e+00 
 3.600000e+00  1.871063e+00 
 3.610000e+00  1.912211e+00 
 3.620000e+00  1.958542e+00 
 3.630000e+00  1.746381e+00 
 3.640000e+00  1.465067e+00 
 3.650000e+00  1.506025e+00 
 3.660000e+00  1.499608e+00 
 3.670000e+00  1.495629e+00 
 3.680000e+00  1.459281e+00 
 3.690000e+00  1.355225e+00 
 3.700000e+00  1.328564e+00 
 3.710000e+00  1.330633e+00 
 3.720000e+00  1.319448e+00 
 3.730000e+00  1.310211e+00 
 3.740000e+00  1.302796e+00 
 3.750000e+00  1.297071e+00 
 3.760000e+00  1.293037e+00 
 3.770000e+00  1.290694e+00 
 3.780000e+00  1.290042e+00 
 3.790000e+00  1.291080e+00 
 3.800000e+00  1.293809e+00 
 3.810000e+00  1.298229e+00 
 3.820000e+00  1.304352e+00 
 3.830000e+00  1.312252e+00 
 3.840000e+00  1.321945e+00 
 3.850000e+00  1.333428e+00 
 3.860000e+00  1.346703e+00 
 3.870000e+00  1.361769e+00 
 3.880000e+00  1.378627e+00 
 3.890000e+00  1.397276e+00 
 3.900000e+00  1.417612e+00 
 3.910000e+00  1.325836e+00 
 3.920000e+00  1.107831e+00 
 3.930000e+00  1.164812e+00 
 3.940000e+00  1.165972e+00 
 3.950000e+00  1.159738e+00 
 3.960000e+00  1.154954e+00 
 3.970000e+00  1.151257e+00 
 3.980000e+00  1.148521e+00 
 3.990000e+00  1.146747e+00 
 4.000000e+00  1.145934e+00 
 4.010000e+00  1.146082e+00 
 4.020000e+00  1.147192e+00 
 4.030000e+00  1.149263e+00 
 4.040000e+00  1.131821e+00 
 4.050000e+00  1.097381e+00 
 4.060000e+00  1.037402e+00 
 4.070000e+00  1.061255e+00 
 4.080000e+00  1.061849e+00 
 4.090000e+00  1.059025e+00 
 4.100000e+00  1.057097e+00 
 4.110000e+00  1.056066e+00 
 4.120000e+00  1.055118e+00 
 4.130000e+00  1.053359e+00 
 4.140000e+00  1.051126e+00 
 4.150000e+00  1.050452e+00 
 4.160000e+00  1.051678e+00 
 4.170000e+00  1.054806e+00 
 4.180000e+00  1.057627e+00 
 4.190000e+00  1.058607e+00 
 4.200000e+00  1.060896e+00 
 4.210000e+00  1.066926e+00 
 4.220000e+00  1.076696e+00 
 4.230000e+00  1.088141e+00 
 4.240000e+00  1.099332e+00 
 4.250000e+00  1.110268e+00 
 4.260000e+00  1.120997e+00 
 4.270000e+00  1.069880e+00 
 4.280000e+00  9.895302e-01 
 4.290000e+00  9.160693e-01 
 4.300000e+00  9.612981e-01 
 4.310000e+00  9.566318e-01 
 4.320000e+00  9.509754e-01 
 4.330000e+00  9.460332e-01 
 4.340000e+00  9.418043e-01 
 4.350000e+00  9.381626e-01 
 4.360000e+00  9.350222e-01 
 4.370000e+00  9.323897e-01 
 4.380000e+00  9.302770e-01 
 4.390000e+00  9.286829e-01 
 4.400000e+00  9.276069e-01 
 4.410000e+00  9.270491e-01 
 4.420000e+00  9.270095e-01 
 4.430000e+00  9.274880e-01 
 4.440000e+00  9.284846e-01 
 4.450000e+00  9.299995e-01 
 4.460000e+00  9.320324e-01 
 4.470000e+00  9.345836e-01 
 4.480000e+00  9.265891e-01 
 4.490000e+00  9.075787e-01 
 4.500000e+00  8.837092e-01 
 4.510000e+00  1.520813e+00 
 4.520000e+00  1.905638e+00 
 4.530000e+00  1.811187e+00 
 4.540000e+00  1.784980e+00 
 4.550000e+00  1.030961e+01 
 4.560000e+00  2.121484e+00 
 4.570000e+00  2.053963e+00 
 4.580000e+00  2.001860e+00 
 4.590000e+00  1.965135e+00 
 4.600000e+00  1.943804e+00 
 4.610000e+00  1.937889e+00 
 4.620000e+00  1.947546e+00 
 4.630000e+00  1.972841e+00 
 4.640000e+00  2.013773e+00 
 4.650000e+00  2.070343e+00 
 4.660000e+00  2.142551e+00 
 4.670000e+00  2.012018e+00 
 4.680000e+00  1.587070e+00 
 4.690000e+00  1.585142e+00 
 4.700000e+00  1.576880e+00 
 4.710000e+00  1.536763e+00 
 4.720000e+00  1.489045e+00 
 4.730000e+00  1.404916e+00 
 4.740000e+00  1.404300e+00 
 4.750000e+00  1.424362e+00 
 4.760000e+00  1.418011e+00 
 4.770000e+00  1.413627e+00 
 4.780000e+00  1.411772e+00 
 4.790000e+00  1.412445e+00 
 4.800000e+00  1.415677e+00 
 4.810000e+00  1.421497e+00 
 4.820000e+00  1.430083e+00 
 4.830000e+00  1.445342e+00 
 4.840000e+00  1.468632e+00 
 4.850000e+00  2.557737e+00 
 4.860000e+00  2.473252e+00 
 4.870000e+00  2.331168e+00 
 4.880000e+00  5.902486e+00 
 4.890000e+00  2.509210e+00 
 4.900000e+00  2.462633e+00 
 4.910000e+00  2.394255e+00 
 4.920000e+00  2.341893e+00 
 4.930000e+00  2.305547e+00 
 4.940000e+00  2.285217e+00 
 4.950000e+00  2.280955e+00 
 4.960000e+00  2.292926e+00 
 4.970000e+00  2.321142e+00 
 4.980000e+00  2.365603e+00 
 4.990000e+00  2.426308e+00 
 5.000000e+00  2.498297e+00 
 5.010000e+00  1.818782e+00 
 5.020000e+00  1.872720e+00 
 5.030000e+00  1.831785e+00 
 5.040000e+00  1.828140e+00 
 5.050000e+00  1.830530e+00 
 5.060000e+00  1.824802e+00 
 5.070000e+00  1.821552e+00 
 5.080000e+00  1.821467e+00 
 5.090000e+00  1.824549e+00 
 5.100000e+00  1.830799e+00 
 5.110000e+00  1.840232e+00 
 5.120000e+00  1.852856e+00 
 5.130000e+00  1.868649e+00 
 5.140000e+00  1.887672e+00 
 5.150000e+00  1.872707e+00 
 5.160000e+00  1.789961e+00 
 5.170000e+00  1.797532e+00 
 5.180000e+00  1.825518e+00 
 5.190000e+00  1.843052e+00 
 5.200000e+00  1.858319e+00 
 5.210000e+00  1.682729e+00 
 5.220000e+00  1.619533e+00 
 5.230000e+00  1.609008e+00 
 5.240000e+00  1.566559e+00 
 5.250000e+00  1.535509e+00 
 5.260000e+00  1.474318e+00 
 5.270000e+00  1.487348e+00 
 5.280000e+00  1.497786e+00 
 5.290000e+00  1.489597e+00 
 5.300000e+00  1.482109e+00 
 5.310000e+00  1.475878e+00 
 5.320000e+00  1.470905e+00 
 5.330000e+00  1.467190e+00 
 5.340000e+00  1.464731e+00 
 5.350000e+00  1.463525e+00 
 5.360000e+00  1.463524e+00 
 5.370000e+00  1.464719e+00 
 5.380000e+00  1.467109e+00 
 5.390000e+00  1.470694e+00 
 5.400000e+00  1.475487e+00 
 5.410000e+00  1.481530e+00 
 5.420000e+00  1.488970e+00 
 5.430000e+00  1.504704e+00 
 5.440000e+00  1.532684e+00 
 5.450000e+00  3.724257e+00 
 5.460000e+00  3.527235e+00 
 5.470000e+00  3.359589e+00 
 5.480000e+00  6.757041e+00 
 5.490000e+00  3.878409e+00 
 5.500000e+00  3.854297e+00 
 5.510000e+00  3.745715e+00 
 5.520000e+00  3.611989e+00 
 5.530000e+00  3.482112e+00 
 5.540000e+00  3.466069e+00 
 5.550000e+00  3.456975e+00 
 5.560000e+00  3.474487e+00 
 5.570000e+00  3.523124e+00 
 5.580000e+00  3.602867e+00 
 5.590000e+00  3.712918e+00 
 5.600000e+00  3.850801e+00 
 5.610000e+00  2.853632e+00 
 5.620000e+00  2.652010e+00 
 5.630000e+00  2.601412e+00 
 5.640000e+00  2.558474e+00 
 5.650000e+00  2.563043e+00 
 5.660000e+00  2.563639e+00 
 5.670000e+00  2.557680e+00 
 5.680000e+00  2.559470e+00 
 5.690000e+00  2.570375e+00 
 5.700000e+00  3.611482e+00 
 5.710000e+00  3.517744e+00 
 5.720000e+00  3.439851e+00 
 5.730000e+00  1.270484e+01 
 5.740000e+00  3.860798e+00 
 5.750000e+00  3.810043e+00 
 5.760000e+00  3.779383e+00 
 5.770000e+00  3.768819e+00 
 5.780000e+00  3.778352e+00 
 5.790000e+00  3.807980e+00 
 5.800000e+00  3.857804e+00 
 5.810000e+00  3.663583e+00 
 5.820000e+00  3.416868e+00 
 5.830000e+00  3.503070e+00 
 5.840000e+00  3.527554e+00 
 5.850000e+00  3.513512e+00 
 5.860000e+00  2.796383e+00 
 5.870000e+00  2.789751e+00 
 5.880000e+00  2.795933e+00 
 5.890000e+00  2.786589e+00 
 5.900000e+00  2.765675e+00 
 5.910000e+00  2.747834e+00 
 5.920000e+00  2.734129e+00 
 5.930000e+00  2.724481e+00 
 5.940000e+00  2.718874e+00 
 5.950000e+00  2.708296e+00 
 5.960000e+00  2.685434e+00 
 5.970000e+00  2.659290e+00 
 5.980000e+00  2.648085e+00 
 5.990000e+00  2.676538e+00 
 6.000000e+00  2.690372e+00 
 6.010000e+00  2.706179e+00 
 6.020000e+00  2.726154e+00 
 6.030000e+00  2.750296e+00 
 6.040000e+00  2.778607e+00 
 6.050000e+00  2.783077e+00 
 6.060000e+00  2.563035e+00 
 6.070000e+00  2.595445e+00 
 6.080000e+00  2.606184e+00 
 6.090000e+00  2.503943e+00 
 6.100000e+00  2.276246e+00 
 6.110000e+00  2.324172e+00 
 6.120000e+00  2.317208e+00 
 6.130000e+00  2.303585e+00 
 6.140000e+00  2.292176e+00 
 6.150000e+00  2.282616e+00 
 6.160000e+00  2.274781e+00 
 6.170000e+00  2.268671e+00 
 6.180000e+00  2.264300e+00 
 6.190000e+00  2.261673e+00 
 6.200000e+00  2.260789e+00 
 6.210000e+00  2.261647e+00 
 6.220000e+00  2.264249e+00 
 6.230000e+00  2.268593e+00 
 6.240000e+00  2.274681e+00 
 6.250000e+00  2.282532e+00 
 6.260000e+00  2.292176e+00 
 6.270000e+00  2.303614e+00 
 6.280000e+00  2.312486e+00 
 6.290000e+00  2.291071e+00 
 6.300000e+00  2.261947e+00 
 6.310000e+00  2.273993e+00 
 6.320000e+00  2.329788e+00 
 6.330000e+00  2.348510e+00 
 6.340000e+00  2.297393e+00 
 6.350000e+00  2.229938e+00 
 6.360000e+00  2.256343e+00 
 6.370000e+00  2.255326e+00 
 6.380000e+00  2.256005e+00 
 6.390000e+00  2.258278e+00 
 6.400000e+00  2.261951e+00 
 6.410000e+00  2.267017e+00 
 6.420000e+00  2.273474e+00 
 6.430000e+00  2.281327e+00 
 6.440000e+00  2.290590e+00 
 6.450000e+00  2.239018e+00 
 6.460000e+00  2.158866e+00 
 6.470000e+00  2.082718e+00 
 6.480000e+00  2.110647e+00 
 6.490000e+00  2.095297e+00 
 6.500000e+00  2.062566e+00 
 6.510000e+00  2.057811e+00 
 6.520000e+00  2.053368e+00 
 6.530000e+00  2.025715e+00 
 6.540000e+00  2.015423e+00 
 6.550000e+00  1.994573e+00 
 6.560000e+00  1.973158e+00 
 6.570000e+00  1.987220e+00 
 6.580000e+00  1.997212e+00 
 6.590000e+00  1.994530e+00 
 6.600000e+00  1.991344e+00 
 6.610000e+00  1.989241e+00 
 6.620000e+00  1.988221e+00 
 6.630000e+00  1.988282e+00 
 6.640000e+00  1.989427e+00 
 6.650000e+00  1.992173e+00 
 6.660000e+00  2.000641e+00 
 6.670000e+00  2.015725e+00 
 6.680000e+00  3.078327e+00 
 6.690000e+00  2.975782e+00 
 6.700000e+00  2.857561e+00 
 6.710000e+00  9.137167e+00 
 6.720000e+00  3.201395e+00 
 6.730000e+00  3.143786e+00 
 6.740000e+00  3.085343e+00 
 6.750000e+00  3.042953e+00 
 6.760000e+00  3.016615e+00 
 6.770000e+00  3.006314e+00 
 6.780000e+00  3.012069e+00 
 6.790000e+00  3.034033e+00 
 6.800000e+00  3.070168e+00 
 6.810000e+00  3.105999e+00 
 6.820000e+00  3.164095e+00 
 6.830000e+00  3.216947e+00 
 6.840000e+00  2.560985e+00 
 6.850000e+00  2.633828e+00 
 6.860000e+00  2.627479e+00 
 6.870000e+00  2.622283e+00 
 6.880000e+00  2.620142e+00 
 6.890000e+00  2.586921e+00 
 6.900000e+00  2.546135e+00 
 6.910000e+00  2.469789e+00 
 6.920000e+00  2.476479e+00 
 6.930000e+00  2.505221e+00 
 6.940000e+00  2.507773e+00 
 6.950000e+00  2.512681e+00 
 6.960000e+00  2.520559e+00 
 6.970000e+00  2.531480e+00 
 6.980000e+00  2.545461e+00 
 6.990000e+00  2.562467e+00 
 7.000000e+00  2.582428e+00 
 7.010000e+00  2.605342e+00 
 7.020000e+00  2.631211e+00 
 7.030000e+00  2.638038e+00 
 7.040000e+00  2.420823e+00 
 7.050000e+00  2.433494e+00 
 7.060000e+00  2.432290e+00 
 7.070000e+00  2.413744e+00 
 7.080000e+00  2.336100e+00 
 7.090000e+00  2.188148e+00 
 7.100000e+00  2.169788e+00 
 7.110000e+00  2.153493e+00 
 7.120000e+00  2.162342e+00 
 7.130000e+00  2.175824e+00 
 7.140000e+00  2.158597e+00 
 7.150000e+00  2.142548e+00 
 7.160000e+00  2.112104e+00 
 7.170000e+00  2.134671e+00 
 7.180000e+00  2.141668e+00 
 7.190000e+00  2.141789e+00 
 7.200000e+00  2.141185e+00 
 7.210000e+00  2.100688e+00 
 7.220000e+00  1.906490e+00 
 7.230000e+00  1.887810e+00 
 7.240000e+00  1.890435e+00 
 7.250000e+00  1.898136e+00 
 7.260000e+00  1.907115e+00 
 7.270000e+00  1.917374e+00 
 7.280000e+00  1.927371e+00 
 7.290000e+00  1.926383e+00 
 7.300000e+00  1.923692e+00 
 7.310000e+00  1.913820e+00 
 7.320000e+00  1.835716e+00 
 7.330000e+00  1.759453e+00 
 7.340000e+00  1.797162e+00 
 7.350000e+00  1.811204e+00 
 7.360000e+00  1.813584e+00 
 7.370000e+00  1.813180e+00 
 7.380000e+00  1.813615e+00 
 7.390000e+00  1.814880e+00 
 7.400000e+00  1.815061e+00 
 7.410000e+00  1.788064e+00 
 7.420000e+00  1.746193e+00 
 7.430000e+00  1.719788e+00 
 7.440000e+00  1.655080e+00 
 7.450000e+00  1.685926e+00 
 7.460000e+00  1.706220e+00 
 7.470000e+00  1.700178e+00 
 7.480000e+00  1.694298e+00 
 7.490000e+00  1.689195e+00 
 7.500000e+00  1.684867e+00 
 7.510000e+00  1.681316e+00 
 7.520000e+00  1.678539e+00 
 7.530000e+00  1.676532e+00 
 7.540000e+00  1.675249e+00 
 7.550000e+00  1.674668e+00 
 7.560000e+00  1.674786e+00 
 7.570000e+00  1.675611e+00 
 7.580000e+00  1.677165e+00 
 7.590000e+00  1.679456e+00 
 7.600000e+00  1.682482e+00 
 7.610000e+00  1.686245e+00 
 7.620000e+00  1.690744e+00 
 7.630000e+00  1.695979e+00 
 7.640000e+00  1.701951e+00 
 7.650000e+00  1.708356e+00 
 7.660000e+00  1.700513e+00 
 7.670000e+00  1.679738e+00 
 7.680000e+00  1.628793e+00 
 7.690000e+00  1.556574e+00 
 7.700000e+00  1.606109e+00 
 7.710000e+00  1.637872e+00 
 7.720000e+00  3.709658e+00 
 7.730000e+00  3.511567e+00 
 7.740000e+00  3.342548e+00 
 7.750000e+00  2.241236e+01 
 7.760000e+00  4.127536e+00 
 7.770000e+00  3.971054e+00 
 7.780000e+00  3.834000e+00 
 7.790000e+00  3.890742e+00 
 7.800000e+00  3.951251e+00 
 7.810000e+00  3.973437e+00 
 7.820000e+00  3.969584e+00 
 7.830000e+00  3.993731e+00 
 7.840000e+00  4.049444e+00 
 7.850000e+00  4.136725e+00 
 7.860000e+00  4.255572e+00 
 7.870000e+00  4.337117e+00 
 7.880000e+00  3.088945e+00 
 7.890000e+00  3.142949e+00 
 7.900000e+00  3.109478e+00 
 7.910000e+00  3.081482e+00 
 7.920000e+00  3.058975e+00 
 7.930000e+00  3.041955e+00 
 7.940000e+00  3.030417e+00 
 7.950000e+00  3.023727e+00 
 7.960000e+00  3.015750e+00 
 7.970000e+00  3.012121e+00 
 7.980000e+00  3.018238e+00 
 7.990000e+00  3.023523e+00 
 8.000000e+00  3.033767e+00 
 8.010000e+00  3.058172e+00 
 8.020000e+00  3.066950e+00 
 8.030000e+00  3.085548e+00 
 8.040000e+00  3.123026e+00 
 8.050000e+00  3.146621e+00 
 8.060000e+00  3.219902e+00 
 8.070000e+00  3.226149e+00 
 8.080000e+00  2.762922e+00 
 8.090000e+00  2.803086e+00 
 8.100000e+00  2.797559e+00 
 8.110000e+00  2.784608e+00 
 8.120000e+00  2.751413e+00 
 8.130000e+00  2.726924e+00 
 8.140000e+00  2.590540e+00 
 8.150000e+00  2.480398e+00 
 8.160000e+00  2.413661e+00 
 8.170000e+00  2.390719e+00 
 8.180000e+00  2.372132e+00 
 8.190000e+00  2.365360e+00 
 8.200000e+00  2.364159e+00 
 8.210000e+00  2.361050e+00 
 8.220000e+00  2.357105e+00 
 8.230000e+00  2.355220e+00 
 8.240000e+00  2.355542e+00 
 8.250000e+00  2.358022e+00 
 8.260000e+00  2.357417e+00 
 8.270000e+00  2.351699e+00 
 8.280000e+00  2.372647e+00 
 8.290000e+00  3.399280e+00 
 8.300000e+00  3.313046e+00 
 8.310000e+00  3.254794e+00 
 8.320000e+00  1.508226e+01 
 8.330000e+00  3.674425e+00 
 8.340000e+00  3.618336e+00 
 8.350000e+00  3.542488e+00 
 8.360000e+00  3.359596e+00 
 8.370000e+00  3.198356e+00 
 8.380000e+00  3.230482e+00 
 8.390000e+00  3.223162e+00 
 8.400000e+00  3.232546e+00 
 8.410000e+00  3.258476e+00 
 8.420000e+00  3.300596e+00 
 8.430000e+00  3.358888e+00 
 8.440000e+00  3.361494e+00 
 8.450000e+00  2.778559e+00 
 8.460000e+00  2.790778e+00 
 8.470000e+00  2.773775e+00 
 8.480000e+00  2.760032e+00 
 8.490000e+00  2.749554e+00 
 8.500000e+00  2.742342e+00 
 8.510000e+00  2.738395e+00 
 8.520000e+00  2.737714e+00 
 8.530000e+00  2.740299e+00 
 8.540000e+00  2.746150e+00 
 8.550000e+00  2.755272e+00 
 8.560000e+00  2.770777e+00 
 8.570000e+00  2.810625e+00 
 8.580000e+00  2.877256e+00 
 8.590000e+00  2.970645e+00 
 8.600000e+00  2.991125e+00 
 8.610000e+00  3.010219e+00 
 8.620000e+00  3.032890e+00 
 8.630000e+00  3.049327e+00 
 8.640000e+00  3.019550e+00 
 8.650000e+00  2.768466e+00 
 8.660000e+00  2.781593e+00 
 8.670000e+00  2.790776e+00 
 8.680000e+00  2.781662e+00 
 8.690000e+00  2.776021e+00 
 8.700000e+00  2.782080e+00 
 8.710000e+00  2.756131e+00 
 8.720000e+00  2.669529e+00 
 8.730000e+00  2.543666e+00 
 8.740000e+00  2.554224e+00 
 8.750000e+00  2.585974e+00 
 8.760000e+00  2.590798e+00 
 8.770000e+00  2.579742e+00 
 8.780000e+00  2.569341e+00 
 8.790000e+00  2.560783e+00 
 8.800000e+00  2.553908e+00 
 8.810000e+00  2.548698e+00 
 8.820000e+00  2.545151e+00 
 8.830000e+00  2.543262e+00 
 8.840000e+00  2.542210e+00 
 8.850000e+00  2.537614e+00 
 8.860000e+00  2.533416e+00 
 8.870000e+00  2.533213e+00 
 8.880000e+00  2.534056e+00 
 8.890000e+00  2.529055e+00 
 8.900000e+00  2.532932e+00 
 8.910000e+00  2.549027e+00 
 8.920000e+00  2.542774e+00 
 8.930000e+00  2.471684e+00 
 8.940000e+00  2.423573e+00 
 8.950000e+00  2.442429e+00 
 8.960000e+00  2.432150e+00 
 8.970000e+00  2.429678e+00 
 8.980000e+00  2.426470e+00 
 8.990000e+00  2.421936e+00 
 9.000000e+00  2.439053e+00 
 9.010000e+00  2.448118e+00 
 9.020000e+00  2.453002e+00 
 9.030000e+00  2.459145e+00 
 9.040000e+00  2.466548e+00 
 9.050000e+00  2.474848e+00 
 9.060000e+00  2.480704e+00 
 9.070000e+00  2.474983e+00 
 9.080000e+00  2.447022e+00 
 9.090000e+00  2.396474e+00 
 9.100000e+00  2.308009e+00 
 9.110000e+00  2.275966e+00 
 9.120000e+00  2.283417e+00 
 9.130000e+00  2.292600e+00 
 9.140000e+00  2.291213e+00 
 9.150000e+00  2.278274e+00 
 9.160000e+00  2.243016e+00 
 9.170000e+00  2.209930e+00 
 9.180000e+00  2.143611e+00 
 9.190000e+00  2.183703e+00 
 9.200000e+00  2.193743e+00 
 9.210000e+00  2.193648e+00 
 9.220000e+00  2.193915e+00 
 9.230000e+00  2.181613e+00 
 9.240000e+00  2.152452e+00 
 9.250000e+00  2.268073e+00 
 9.260000e+00  2.337654e+00 
 9.270000e+00  2.367761e+00 
 9.280000e+00  2.350407e+00 
 9.290000e+00  2.307599e+00 
 9.300000e+00  2.236458e+00 
 9.310000e+00  2.244395e+00 
 9.320000e+00  2.241857e+00 
 9.330000e+00  2.231580e+00 
 9.340000e+00  2.222425e+00 
 9.350000e+00  2.214392e+00 
 9.360000e+00  2.207461e+00 
 9.370000e+00  2.200847e+00 
 9.380000e+00  2.187722e+00 
 9.390000e+00  2.173849e+00 
 9.400000e+00  2.162665e+00 
 9.410000e+00  2.143914e+00 
 9.420000e+00  2.127366e+00 
 9.430000e+00  2.129400e+00 
 9.440000e+00  2.135600e+00 
 9.450000e+00  2.138310e+00 
 9.460000e+00  2.136431e+00 
 9.470000e+00  2.118231e+00 
 9.480000e+00  2.102162e+00 
 9.490000e+00  2.091674e+00 
 9.500000e+00  2.065362e+00 
 9.510000e+00  2.058433e+00 
 9.520000e+00  2.083246e+00 
 9.530000e+00  3.123374e+00 
 9.540000e+00  3.105990e+00 
 9.550000e+00  3.016721e+00 
 9.560000e+00  3.395503e+00 
 9.570000e+00  3.841188e+00 
 9.580000e+00  3.347337e+00 
 9.590000e+00  3.288662e+00 
 9.600000e+00  3.245944e+00 
 9.610000e+00  3.219182e+00 
 9.620000e+00  3.208378e+00 
 9.630000e+00  3.213658e+00 
 9.640000e+00  3.241886e+00 
 9.650000e+00  3.297268e+00 
 9.660000e+00  5.536036e+00 
 9.670000e+00  5.394976e+00 
 9.680000e+00  5.265328e+00 
 9.690000e+00  8.102368e+00 
 9.700000e+00  5.209413e+00 
 9.710000e+00  5.280395e+00 
 9.720000e+00  5.113543e+00 
 9.730000e+00  4.885755e+00 
 9.740000e+00  4.727586e+00 
 9.750000e+00  4.634910e+00 
 9.760000e+00  4.618753e+00 
 9.770000e+00  4.602547e+00 
 9.780000e+00  4.637000e+00 
 9.790000e+00  4.723463e+00 
 9.800000e+00  4.838927e+00 
 9.810000e+00  4.982966e+00 
 9.820000e+00  4.072823e+00 
 9.830000e+00  3.828972e+00 
 9.840000e+00  3.804491e+00 
 9.850000e+00  3.783557e+00 
 9.860000e+00  3.767420e+00 
 9.870000e+00  3.760519e+00 
 9.880000e+00  3.767790e+00 
 9.890000e+00  3.692245e+00 
 9.900000e+00  3.520177e+00 
 9.910000e+00  3.563166e+00 
 9.920000e+00  3.554186e+00 
 9.930000e+00  3.550859e+00 
 9.940000e+00  3.550403e+00 
 9.950000e+00  3.553405e+00 
 9.960000e+00  3.561884e+00 
 9.970000e+00  3.576038e+00 
 9.980000e+00  3.595869e+00 
 9.990000e+00  3.621376e+00 
 1.000000e+01  3.652559e+00 
 1.001000e+01  3.689414e+00 
 1.002000e+01  3.475027e+00 
 1.003000e+01  3.176287e+00 
 1.004000e+01  3.212620e+00 
 1.005000e+01  3.198675e+00 
 1.006000e+01  3.186077e+00 
 1.007000e+01  3.169454e+00 
 1.008000e+01  3.152003e+00 
 1.009000e+01  3.142327e+00 
 1.010000e+01  3.140596e+00 
 1.011000e+01  3.135635e+00 
 1.012000e+01  3.126225e+00 
 1.013000e+01  3.129661e+00 
 1.014000e+01  3.146882e+00 
 1.015000e+01  3.166427e+00 
 1.016000e+01  3.183509e+00 
 1.017000e+01  3.150210e+00 
 1.018000e+01  3.048930e+00 
 1.019000e+01  3.074783e+00 
 1.020000e+01  3.088401e+00 
 1.021000e+01  3.097379e+00 
 1.022000e+01  3.109191e+00 
 1.023000e+01  3.123684e+00 
 1.024000e+01  3.139987e+00 
 1.025000e+01  3.140441e+00 
 1.026000e+01  3.149268e+00 
 1.027000e+01  3.212111e+00 
 1.028000e+01  3.253639e+00 
 1.029000e+01  3.265551e+00 
 1.030000e+01  3.146465e+00 
 1.031000e+01  3.033090e+00 
 1.032000e+01  3.120002e+00 
 1.033000e+01  3.127534e+00 
 1.034000e+01  3.099021e+00 
 1.035000e+01  3.047575e+00 
 1.036000e+01  3.006536e+00 
 1.037000e+01  3.003619e+00 
 1.038000e+01  3.006362e+00 
 1.039000e+01  2.999498e+00 
 1.040000e+01  2.986261e+00 
 1.041000e+01  2.974556e+00 
 1.042000e+01  2.964797e+00 
 1.043000e+01  2.956959e+00 
 1.044000e+01  2.951055e+00 
 1.045000e+01  2.947090e+00 
 1.046000e+01  2.945068e+00 
 1.047000e+01  2.944988e+00 
 1.048000e+01  2.946850e+00 
 1.049000e+01  2.950654e+00 
 1.050000e+01  2.956401e+00 
 1.051000e+01  2.964080e+00 
 1.052000e+01  2.973682e+00 
 1.053000e+01  2.956193e+00 
 1.054000e+01  2.926185e+00 
 1.055000e+01  2.892093e+00 
 1.056000e+01  2.925878e+00 
 1.057000e+01  2.919771e+00 
 1.058000e+01  2.898652e+00 
 1.059000e+01  2.861059e+00 
 1.060000e+01  2.804882e+00 
 1.061000e+01  2.822078e+00 
 1.062000e+01  2.843839e+00 
 1.063000e+01  2.863186e+00 
 1.064000e+01  2.880093e+00 
 1.065000e+01  2.893223e+00 
 1.066000e+01  2.843287e+00 
 1.067000e+01  2.766329e+00 
 1.068000e+01  2.693476e+00 
 1.069000e+01  2.738418e+00 
 1.070000e+01  2.733691e+00 
 1.071000e+01  2.741149e+00 
 1.072000e+01  2.754514e+00 
 1.073000e+01  2.765585e+00 
 1.074000e+01  2.720256e+00 
 1.075000e+01  2.599898e+00 
 1.076000e+01  2.540646e+00 
 1.077000e+01  2.545809e+00 
 1.078000e+01  2.550548e+00 
 1.079000e+01  2.557206e+00 
 1.080000e+01  2.567643e+00 
 1.081000e+01  2.594968e+00 
 1.082000e+01  2.595103e+00 
 1.083000e+01  2.595197e+00 
 1.084000e+01  2.596533e+00 
 1.085000e+01  2.599092e+00 
 1.086000e+01  2.602293e+00 
 1.087000e+01  2.599594e+00 
 1.088000e+01  2.608307e+00 
 1.089000e+01  2.613112e+00 
 1.090000e+01  2.644750e+00 
 1.091000e+01  2.650103e+00 
 1.092000e+01  2.653448e+00 
 1.093000e+01  2.656362e+00 
 1.094000e+01  2.657476e+00 
 1.095000e+01  2.658797e+00 
 1.096000e+01  2.661979e+00 
 1.097000e+01  2.621579e+00 
 1.098000e+01  2.558594e+00 
 1.099000e+01  2.461455e+00 
 1.100000e+01  2.435248e+00 
 1.101000e+01  2.457021e+00 
 1.102000e+01  2.469502e+00 
 1.103000e+01  2.472743e+00 
 1.104000e+01  2.470503e+00 
 1.105000e+01  2.468519e+00 
 1.106000e+01  2.467483e+00 
 1.107000e+01  2.467376e+00 
 1.108000e+01  2.468163e+00 
 1.109000e+01  2.469833e+00 
 1.110000e+01  2.443551e+00 
 1.111000e+01  2.395210e+00 
 1.112000e+01  2.297681e+00 
 1.113000e+01  2.286727e+00 
 1.114000e+01  2.308185e+00 
 1.115000e+01  2.302338e+00 
 1.116000e+01  2.288880e+00 
 1.117000e+01  2.272555e+00 
 1.118000e+01  2.262242e+00 
 1.119000e+01  2.259126e+00 
 1.120000e+01  2.255131e+00 
 1.121000e+01  2.242700e+00 
 1.122000e+01  2.235574e+00 
 1.123000e+01  2.237116e+00 
 1.124000e+01  2.236958e+00 
 1.125000e+01  2.227090e+00 
 1.126000e+01  2.218729e+00 
 1.127000e+01  2.215532e+00 
 1.128000e+01  2.204449e+00 
 1.129000e+01  2.188778e+00 
 1.130000e+01  2.188234e+00 
 1.131000e+01  2.196918e+00 
 1.132000e+01  2.198384e+00 
 1.133000e+01  2.195610e+00 
 1.134000e+01  2.194050e+00 
 1.135000e+01  2.193242e+00 
 1.136000e+01  2.187650e+00 
 1.137000e+01  2.185319e+00 
 1.138000e+01  2.189440e+00 
 1.139000e+01  2.196921e+00 
 1.140000e+01  2.202542e+00 
 1.141000e+01  2.209385e+00 
 1.142000e+01  2.229872e+00 
 1.143000e+01  2.265595e+00 
 1.144000e+01  2.316550e+00 
 1.145000e+01  2.382735e+00 
 1.146000e+01  2.464149e+00 
 1.147000e+01  2.560789e+00 
 1.148000e+01  2.671327e+00 
 1.149000e+01  2.777905e+00 
 1.150000e+01  2.872244e+00 
 1.151000e+01  3.931361e+00 
 1.152000e+01  4.617662e+00 
 1.153000e+01  4.481675e+00 
 1.154000e+01  3.682447e+00 
 1.155000e+01  2.970828e+00 
 1.156000e+01  2.675873e+00 
 1.157000e+01  2.493603e+00 
 1.158000e+01  2.338973e+00 
 1.159000e+01  2.208118e+00 
 1.160000e+01  2.120762e+00 
 1.161000e+01  2.122842e+00 
 1.162000e+01  2.107031e+00 
 1.163000e+01  2.085707e+00 
 1.164000e+01  2.069158e+00 
 1.165000e+01  2.038110e+00 
 1.166000e+01  2.058185e+00 
 1.167000e+01  2.067661e+00 
 1.168000e+01  2.063483e+00 
 1.169000e+01  2.060786e+00 
 1.170000e+01  2.053184e+00 
 1.171000e+01  2.047336e+00 
 1.172000e+01  2.047929e+00 
 1.173000e+01  2.047640e+00 
 1.174000e+01  2.028456e+00 
 1.175000e+01  2.003069e+00 
 1.176000e+01  1.968756e+00 
 1.177000e+01  1.907350e+00 
 1.178000e+01  1.902293e+00 
 1.179000e+01  1.917166e+00 
 1.180000e+01  1.922578e+00 
 1.181000e+01  1.919004e+00 
 1.182000e+01  1.914563e+00 
 1.183000e+01  1.910509e+00 
 1.184000e+01  1.906841e+00 
 1.185000e+01  1.903561e+00 
 1.186000e+01  1.900667e+00 
 1.187000e+01  1.898160e+00 
 1.188000e+01  1.896038e+00 
 1.189000e+01  1.894296e+00 
 1.190000e+01  1.892910e+00 
 1.191000e+01  1.891870e+00 
 1.192000e+01  1.891169e+00 
 1.193000e+01  1.890805e+00 
 1.194000e+01  1.890778e+00 
 1.195000e+01  1.891088e+00 
 1.196000e+01  1.891734e+00 
 1.197000e+01  1.892717e+00 
 1.198000e+01  1.894036e+00 
 1.199000e+01  1.895692e+00 
 1.200000e+01  1.897919e+00 
 1.201000e+01  1.901459e+00 
 1.202000e+01  1.906366e+00 
 1.203000e+01  1.912641e+00 
 1.204000e+01  1.920283e+00 
 1.205000e+01  1.929292e+00 
 1.206000e+01  1.939669e+00 
 1.207000e+01  1.951414e+00 
 1.208000e+01  1.964526e+00 
 1.209000e+01  2.014393e+00 
 1.210000e+01  2.169016e+00 
 1.211000e+01  2.375254e+00 
 1.212000e+01  2.351162e+00 
 1.213000e+01  2.327214e+00 
 1.214000e+01  2.311394e+00 
 1.215000e+01  2.793051e+00 
 1.216000e+01  3.365361e+00 
 1.217000e+01  3.579983e+00 
 1.218000e+01  3.439188e+00 
 1.219000e+01  3.098652e+00 
 1.220000e+01  2.813824e+00 
 1.221000e+01  2.587978e+00 
 1.222000e+01  2.421113e+00 
 1.223000e+01  2.304113e+00 
 1.224000e+01  2.241717e+00 
 1.225000e+01  2.232008e+00 
 1.226000e+01  2.215126e+00 
 1.227000e+01  2.232308e+00 
 1.228000e+01  2.257682e+00 
 1.229000e+01  2.270583e+00 
 1.230000e+01  2.277126e+00 
 1.231000e+01  2.278527e+00 
 1.232000e+01  2.190859e+00 
 1.233000e+01  1.984517e+00 
 1.234000e+01  1.822665e+00 
 1.235000e+01  1.816487e+00 
 1.236000e+01  1.801035e+00 
 1.237000e+01  2.262067e+00 
 1.238000e+01  3.653323e+00 
 1.239000e+01  4.328408e+00 
 1.240000e+01  4.266619e+00 
 1.241000e+01  3.625771e+00 
 1.242000e+01  3.028130e+00 
 1.243000e+01  2.540379e+00 
 1.244000e+01  2.195000e+00 
 1.245000e+01  1.949892e+00 
 1.246000e+01  1.804361e+00 
 1.247000e+01  1.762154e+00 
 1.248000e+01  1.767584e+00 
 1.249000e+01  1.764041e+00 
 1.250000e+01  1.757928e+00 
 1.251000e+01  1.753281e+00 
 1.252000e+01  1.745600e+00 
 1.253000e+01  1.743408e+00 
 1.254000e+01  1.744631e+00 
 1.255000e+01  1.742660e+00 
 1.256000e+01  1.740727e+00 
 1.257000e+01  1.748981e+00 
 1.258000e+01  1.750208e+00 
 1.259000e+01  1.736289e+00 
 1.260000e+01  1.747878e+00 
 1.261000e+01  1.746799e+00 
 1.262000e+01  1.725398e+00 
 1.263000e+01  1.717059e+00 
 1.264000e+01  1.727229e+00 
 1.265000e+01  1.735095e+00 
 1.266000e+01  1.735048e+00 
 1.267000e+01  1.732144e+00 
 1.268000e+01  1.729569e+00 
 1.269000e+01  1.727327e+00 
 1.270000e+01  1.725445e+00 
 1.271000e+01  1.723923e+00 
 1.272000e+01  1.722756e+00 
 1.273000e+01  1.721474e+00 
 1.274000e+01  1.717994e+00 
 1.275000e+01  1.712062e+00 
 1.276000e+01  1.703681e+00 
 1.277000e+01  1.697164e+00 
 1.278000e+01  1.738857e+00 
 1.279000e+01  1.764140e+00 
 1.280000e+01  1.770428e+00 
 1.281000e+01  1.776374e+00 
 1.282000e+01  1.767687e+00 
 1.283000e+01  1.752652e+00 
 1.284000e+01  1.757338e+00 
 1.285000e+01  1.760842e+00 
 1.286000e+01  1.758024e+00 
 1.287000e+01  1.754888e+00 
 1.288000e+01  1.752116e+00 
 1.289000e+01  1.749706e+00 
 1.290000e+01  1.747520e+00 
 1.291000e+01  1.736980e+00 
 1.292000e+01  1.724486e+00 
 1.293000e+01  1.721079e+00 
 1.294000e+01  1.708823e+00 
 1.295000e+01  1.705403e+00 
 1.296000e+01  1.709905e+00 
 1.297000e+01  1.709224e+00 
 1.298000e+01  1.706992e+00 
 1.299000e+01  1.705105e+00 
 1.300000e+01  1.703561e+00 
 1.301000e+01  1.702360e+00 
 1.302000e+01  1.701500e+00 
 1.303000e+01  1.700980e+00 
 1.304000e+01  1.700802e+00 
 1.305000e+01  1.700964e+00 
 1.306000e+01  1.701467e+00 
 1.307000e+01  1.702303e+00 
 1.308000e+01  1.703466e+00 
 1.309000e+01  1.704957e+00 
 1.310000e+01  1.706776e+00 
 1.311000e+01  1.708922e+00 
 1.312000e+01  1.711397e+00 
 1.313000e+01  1.714199e+00 
 1.314000e+01  1.716490e+00 
 1.315000e+01  1.713822e+00 
 1.316000e+01  1.710178e+00 
 1.317000e+01  1.710950e+00 
 1.318000e+01  1.712215e+00 
 1.319000e+01  1.706429e+00 
 1.320000e+01  1.708264e+00 
 1.321000e+01  1.719096e+00 
 1.322000e+01  1.728256e+00 
 1.323000e+01  1.733657e+00 
 1.324000e+01  1.738054e+00 
 1.325000e+01  1.742933e+00 
 1.326000e+01  1.748553e+00 
 1.327000e+01  1.754917e+00 
 1.328000e+01  1.762025e+00 
 1.329000e+01  1.769878e+00 
 1.330000e+01  1.778475e+00 
 1.331000e+01  1.787816e+00 
 1.332000e+01  1.797902e+00 
 1.333000e+01  1.807154e+00 
 1.334000e+01  1.811781e+00 
 1.335000e+01  1.811619e+00 
 1.336000e+01  1.807409e+00 
 1.337000e+01  1.815556e+00 
 1.338000e+01  1.965194e+00 
 1.339000e+01  2.090356e+00 
 1.340000e+01  2.156282e+00 
 1.341000e+01  2.169606e+00 
 1.342000e+01  2.166673e+00 
 1.343000e+01  2.166105e+00 
 1.344000e+01  2.164422e+00 
 1.345000e+01  2.163964e+00 
 1.346000e+01  2.162140e+00 
 1.347000e+01  2.149244e+00 
 1.348000e+01  2.121811e+00 
 1.349000e+01  2.084319e+00 
 1.350000e+01  2.073146e+00 
 1.351000e+01  2.072388e+00 
 1.352000e+01  2.087261e+00 
 1.353000e+01  2.099514e+00 
 1.354000e+01  2.102444e+00 
 1.355000e+01  2.027235e+00 
 1.356000e+01  1.963229e+00 
 1.357000e+01  1.951713e+00 
 1.358000e+01  1.946205e+00 
 1.359000e+01  1.910134e+00 
 1.360000e+01  1.874964e+00 
 1.361000e+01  1.879830e+00 
 1.362000e+01  1.894912e+00 
 1.363000e+01  2.003050e+00 
 1.364000e+01  2.521953e+00 
 1.365000e+01  3.189561e+00 
 1.366000e+01  3.087606e+00 
 1.367000e+01  2.856285e+00 
 1.368000e+01  2.512524e+00 
 1.369000e+01  2.138522e+00 
 1.370000e+01  1.773337e+00 
 1.371000e+01  1.515480e+00 
 1.372000e+01  1.366445e+00 
 1.373000e+01  1.292879e+00 
 1.374000e+01  1.246871e+00 
 1.375000e+01  1.225109e+00 
 1.376000e+01  1.217825e+00 
 1.377000e+01  1.211288e+00 
 1.378000e+01  1.205440e+00 
 1.379000e+01  1.200280e+00 
 1.380000e+01  1.195809e+00 
 1.381000e+01  1.192024e+00 
 1.382000e+01  1.188925e+00 
 1.383000e+01  1.186387e+00 
 1.384000e+01  1.184098e+00 
 1.385000e+01  1.182042e+00 
 1.386000e+01  1.180215e+00 
 1.387000e+01  1.178597e+00 
 1.388000e+01  1.177174e+00 
 1.389000e+01  1.175935e+00 
 1.390000e+01  1.174877e+00 
 1.391000e+01  1.173999e+00 
 1.392000e+01  1.173300e+00 
 1.393000e+01  1.172783e+00 
 1.394000e+01  1.171931e+00 
 1.395000e+01  1.166619e+00 
 1.396000e+01  1.173795e+00 
 1.397000e+01  1.452660e+00 
 1.398000e+01  2.088504e+00 
 1.399000e+01  2.398453e+00 
 1.400000e+01  2.144605e+00 
 1.401000e+01  1.919096e+00 
 1.402000e+01  1.721017e+00 
 1.403000e+01  1.550368e+00 
 1.404000e+01  1.407148e+00 
 1.405000e+01  1.291357e+00 
 1.406000e+01  1.202999e+00 
 1.407000e+01  1.140390e+00 
 1.408000e+01  1.100811e+00 
 1.409000e+01  1.088334e+00 
 1.410000e+01  1.087747e+00 
 1.411000e+01  1.087871e+00 
 1.412000e+01  1.081691e+00 
 1.413000e+01  1.079757e+00 
 1.414000e+01  1.085510e+00 
 1.415000e+01  1.092503e+00 
 1.416000e+01  1.096424e+00 
 1.417000e+01  1.098044e+00 
 1.418000e+01  1.099685e+00 
 1.419000e+01  1.101505e+00 
 1.420000e+01  1.103502e+00 
 1.421000e+01  1.105676e+00 
 1.422000e+01  1.108030e+00 
 1.423000e+01  1.110564e+00 
 1.424000e+01  1.113278e+00 
 1.425000e+01  1.116173e+00 
 1.426000e+01  1.119249e+00 
 1.427000e+01  1.122504e+00 
 1.428000e+01  1.125941e+00 
 1.429000e+01  1.129557e+00 
 1.430000e+01  1.133353e+00 
 1.431000e+01  1.137326e+00 
 1.432000e+01  1.141473e+00 
 1.433000e+01  1.145796e+00 
 1.434000e+01  1.150296e+00 
 1.435000e+01  1.154975e+00 
 1.436000e+01  1.159833e+00 
 1.437000e+01  1.164870e+00 
 1.438000e+01  1.170087e+00 
 1.439000e+01  1.175045e+00 
 1.440000e+01  1.175335e+00 
 1.441000e+01  1.173194e+00 
 1.442000e+01  1.175244e+00 
 1.443000e+01  1.179399e+00 
 1.444000e+01  1.176319e+00 
 1.445000e+01  1.179629e+00 
 1.446000e+01  1.193118e+00 
 1.447000e+01  1.206454e+00 
 1.448000e+01  1.216297e+00 
 1.449000e+01  1.224998e+00 
 1.450000e+01  1.234313e+00 
 1.451000e+01  1.240114e+00 
 1.452000e+01  1.236793e+00 
 1.453000e+01  1.219348e+00 
 1.454000e+01  1.194027e+00 
 1.455000e+01  1.339395e+00 
 1.456000e+01  1.682179e+00 
 1.457000e+01  2.684940e+00 
 1.458000e+01  3.430443e+00 
 1.459000e+01  3.762015e+00 
 1.460000e+01  3.681915e+00 
 1.461000e+01  3.218173e+00 
 1.462000e+01  2.845138e+00 
 1.463000e+01  2.559821e+00 
 1.464000e+01  2.307238e+00 
 1.465000e+01  2.091667e+00 
 1.466000e+01  1.912281e+00 
 1.467000e+01  1.790148e+00 
 1.468000e+01  1.714565e+00 
 1.469000e+01  1.662460e+00 
 1.470000e+01  1.633141e+00 
 1.471000e+01  1.622917e+00 
 1.472000e+01  1.613017e+00 
 1.473000e+01  1.600645e+00 
 1.474000e+01  1.585802e+00 
 1.475000e+01  2.117146e+00 
 1.476000e+01  2.828359e+00 
 1.477000e+01  2.915853e+00 
 1.478000e+01  2.594971e+00 
 1.479000e+01  2.285589e+00 
 1.480000e+01  8.863998e+00 
 1.481000e+01  1.776245e+00 
 1.482000e+01  1.618632e+00 
 1.483000e+01  1.516196e+00 
 1.484000e+01  1.458279e+00 
 1.485000e+01  1.444881e+00 
 1.486000e+01  1.455973e+00 
 1.487000e+01  1.465423e+00 
 1.488000e+01  1.490961e+00 
 1.489000e+01  1.657453e+00 
 1.490000e+01  2.044694e+00 
 1.491000e+01  2.637833e+00 
 1.492000e+01  3.413533e+00 
 1.493000e+01  4.371793e+00 
 1.494000e+01  4.856900e+00 
 1.495000e+01  2.671361e+00 
 1.496000e+01  1.043637e+00 
 1.497000e+01  7.731886e-01 
 1.498000e+01  7.689602e-01 
 1.499000e+01  7.676820e-01 
 1.500000e+01  7.672235e-01 
 1.501000e+01  7.675848e-01 
 1.502000e+01  7.687657e-01 
 1.503000e+01  7.707664e-01 
 1.504000e+01  7.735869e-01 
 1.505000e+01  7.772270e-01 
 1.506000e+01  7.816870e-01 
 1.507000e+01  7.870022e-01 
 1.508000e+01  7.911405e-01 
 1.509000e+01  7.925027e-01 
 1.510000e+01  7.907715e-01 
 1.511000e+01  7.859368e-01 
 1.512000e+01  8.470552e-01 
 1.513000e+01  9.095588e-01 
 1.514000e+01  9.522848e-01 
 1.515000e+01  9.784083e-01 
 1.516000e+01  9.619275e-01 
 1.517000e+01  9.036954e-01 
 1.518000e+01  8.782269e-01 
 1.519000e+01  8.810120e-01 
 1.520000e+01  8.842543e-01 
 1.521000e+01  8.879540e-01 
 1.522000e+01  8.921110e-01 
 1.523000e+01  8.967253e-01 
 1.524000e+01  9.017970e-01 
 1.525000e+01  9.073259e-01 
 1.526000e+01  9.133121e-01 
 1.527000e+01  9.197557e-01 
 1.528000e+01  8.597115e-01 
 1.529000e+01  6.395940e-01 
 1.530000e+01  6.384213e-01 
 1.531000e+01  6.375708e-01 
 1.532000e+01  6.356434e-01 
 1.533000e+01  6.296333e-01 
 1.534000e+01  6.236981e-01 
 1.535000e+01  6.214183e-01 
 1.536000e+01  6.205318e-01 
 1.537000e+01  6.134038e-01 
 1.538000e+01  6.098726e-01 
 1.539000e+01  6.142440e-01 
 1.540000e+01  6.207086e-01 
 1.541000e+01  6.242294e-01 
 1.542000e+01  6.254284e-01 
 1.543000e+01  6.267008e-01 
 1.544000e+01  6.280319e-01 
 1.545000e+01  6.262024e-01 
 1.546000e+01  6.213193e-01 
 1.547000e+01  6.192434e-01 
 1.548000e+01  6.206313e-01 
 1.549000e+01  6.185429e-01 
 1.550000e+01  6.133663e-01 
 1.551000e+01  6.155612e-01 
 1.552000e+01  6.239694e-01 
 1.553000e+01  6.304921e-01 
 1.554000e+01  6.340282e-01 
 1.555000e+01  6.365622e-01 
 1.556000e+01  6.393334e-01 
 1.557000e+01  6.423412e-01 
 1.558000e+01  6.455856e-01 
 1.559000e+01  6.490666e-01 
 1.560000e+01  6.527842e-01 
 1.561000e+01  6.567385e-01 
 1.562000e+01  6.609294e-01 
 1.563000e+01  6.653569e-01 
 1.564000e+01  6.700210e-01 
 1.565000e+01  6.726368e-01 
 1.566000e+01  7.464196e-01 
 1.567000e+01  9.998678e-01 
 1.568000e+01  1.433680e+00 
 1.569000e+01  1.727934e+00 
 1.570000e+01  1.641861e+00 
 1.571000e+01  1.559547e+00 
 1.572000e+01  1.480991e+00 
 1.573000e+01  1.407549e+00 
 1.574000e+01  1.644907e+00 
 1.575000e+01  2.426406e+00 
 1.576000e+01  3.841663e+00 
 1.577000e+01  3.594021e+00 
 1.578000e+01  1.686352e+00 
 1.579000e+01  2.252971e+00 
 1.580000e+01  3.042608e+00 
 1.581000e+01  3.581503e+00 
 1.582000e+01  3.058381e+00 
 1.583000e+01  2.029810e+00 
 1.584000e+01  1.130803e+00 
 1.585000e+01  9.200763e-01 
 1.586000e+01  8.641933e-01 
 1.587000e+01  8.125138e-01 
 1.588000e+01  7.650335e-01 
 1.589000e+01  7.217521e-01 
 1.590000e+01  6.826695e-01 
 1.591000e+01  6.477777e-01 
 1.592000e+01  6.170171e-01 
 1.593000e+01  5.903754e-01 
 1.594000e+01  5.678527e-01 
 1.595000e+01  5.489846e-01 
 1.596000e+01  5.333568e-01 
 1.597000e+01  5.207625e-01 
 1.598000e+01  5.102418e-01 
 1.599000e+01  5.017848e-01 
 1.600000e+01  4.953916e-01 
 1.601000e+01  4.910621e-01 
 1.602000e+01  4.887965e-01 
 1.603000e+01  4.885946e-01 
 1.604000e+01  5.633922e-01 
 1.605000e+01  6.141287e-01 
 1.606000e+01  6.258145e-01 
 1.607000e+01  6.321232e-01 
 1.608000e+01  6.405079e-01 
 1.609000e+01  6.509685e-01 
 1.610000e+01  6.635052e-01 
 1.611000e+01  6.781184e-01 
 1.612000e+01  6.948180e-01 
 1.613000e+01  7.136075e-01 
 1.614000e+01  7.344869e-01 
 1.615000e+01  7.574563e-01 
 1.616000e+01  7.825156e-01 
 1.617000e+01  8.096648e-01 
 1.618000e+01  8.389039e-01 
 1.619000e+01  8.702329e-01 
 1.620000e+01  9.036519e-01 
 1.621000e+01  9.390839e-01 
 1.622000e+01  9.714800e-01 
 1.623000e+01  9.937174e-01 
 1.624000e+01  8.092548e-01 
 1.625000e+01  3.595406e-01 
 1.626000e+01  3.422541e-01 
 1.627000e+01  3.418766e-01 
 1.628000e+01  3.415569e-01 
 1.629000e+01  3.412950e-01 
 1.630000e+01  3.410908e-01 
 1.631000e+01  3.409445e-01 
 1.632000e+01  3.408472e-01 
 1.633000e+01  3.388193e-01 
 1.634000e+01  3.333490e-01 
 1.635000e+01  3.244363e-01 
 1.636000e+01  3.120812e-01 
 1.637000e+01  4.169966e-01 
 1.638000e+01  6.733554e-01 
 1.639000e+01  8.165682e-01 
 1.640000e+01  8.564792e-01 
 1.641000e+01  8.262183e-01 
 1.642000e+01  8.033534e-01 
 1.643000e+01  7.924541e-01 
 1.644000e+01  7.936936e-01 
 1.645000e+01  8.070316e-01 
 1.646000e+01  8.298934e-01 
 1.647000e+01  8.918318e-01 
 1.648000e+01  1.046899e+00 
 1.649000e+01  1.304628e+00 
 1.650000e+01  1.821456e+00 
 1.651000e+01  2.393089e+00 
 1.652000e+01  3.008409e+00 
 1.653000e+01  3.376732e+00 
 1.654000e+01  2.627941e+00 
 1.655000e+01  1.003270e+00 
 1.656000e+01  6.251445e-01 
 1.657000e+01  6.000842e-01 
 1.658000e+01  5.783616e-01 
 1.659000e+01  5.599739e-01 
 1.660000e+01  5.449209e-01 
 1.661000e+01  5.332025e-01 
 1.662000e+01  5.248187e-01 
 1.663000e+01  5.197696e-01 
 1.664000e+01  5.180550e-01 
 1.665000e+01  5.190982e-01 
 1.666000e+01  5.214869e-01 
 1.667000e+01  5.251567e-01 
 1.668000e+01  5.301077e-01 
 1.669000e+01  5.363398e-01 
 1.670000e+01  5.438530e-01 
 1.671000e+01  5.526452e-01 
 1.672000e+01  5.627148e-01 
 1.673000e+01  5.764465e-01 
 1.674000e+01  6.562058e-01 
 1.675000e+01  8.295471e-01 
 1.676000e+01  1.096470e+00 
 1.677000e+01  1.456976e+00 
 1.678000e+01  1.911063e+00 
 1.679000e+01  2.458732e+00 
 1.680000e+01  1.960884e+00 
 1.681000e+01  4.663460e-01 
 1.682000e+01  1.910901e-01 
 1.683000e+01  1.868022e-01 
 1.684000e+01  1.830667e-01 
 1.685000e+01  1.798838e-01 
 1.686000e+01  1.772533e-01 
 1.687000e+01  1.751754e-01 
 1.688000e+01  1.736499e-01 
 1.689000e+01  1.726769e-01 
 1.690000e+01  1.722563e-01 
 1.691000e+01  1.723883e-01 
 1.692000e+01  1.730727e-01 
 1.693000e+01  1.741531e-01 
 1.694000e+01  1.752854e-01 
 1.695000e+01  1.764575e-01 
 1.696000e+01  1.776692e-01 
 1.697000e+01  1.789206e-01 
 1.698000e+01  1.802116e-01 
 1.699000e+01  1.815424e-01 
 1.700000e+01  1.829128e-01 
 1.701000e+01  1.847604e-01 
 1.702000e+01  2.775473e-01 
 1.703000e+01  4.733716e-01 
 1.704000e+01  4.673445e-01 
 1.705000e+01  4.599704e-01 
 1.706000e+01  4.527820e-01 
 1.707000e+01  4.457792e-01 
 1.708000e+01  4.389619e-01 
 1.709000e+01  4.323302e-01 
 1.710000e+01  4.258842e-01 
 1.711000e+01  4.196237e-01 
 1.712000e+01  4.135488e-01 
 1.713000e+01  4.077973e-01 
 1.714000e+01  4.025294e-01 
 1.715000e+01  3.977454e-01 
 1.716000e+01  3.934452e-01 
 1.717000e+01  3.896288e-01 
 1.718000e+01  3.862962e-01 
 1.719000e+01  3.834475e-01 
 1.720000e+01  3.810825e-01 
 1.721000e+01  3.792015e-01 
 1.722000e+01  3.778042e-01 
 1.723000e+01  3.768908e-01 
 1.724000e+01  3.764611e-01 
 1.725000e+01  3.765154e-01 
 1.726000e+01  3.770534e-01 
 1.727000e+01  3.780753e-01 
 1.728000e+01  3.795810e-01 
 1.729000e+01  3.815705e-01 
 1.730000e+01  3.840438e-01 
 1.731000e+01  3.870010e-01 
 1.732000e+01  3.904420e-01 
 1.733000e+01  3.943668e-01 
 1.734000e+01  3.987754e-01 
 1.735000e+01  4.036679e-01 
 1.736000e+01  4.090442e-01 
 1.737000e+01  4.149043e-01 
 1.738000e+01  4.212483e-01 
 1.739000e+01  4.280761e-01 
 1.740000e+01  4.353877e-01 
 1.741000e+01  4.431831e-01 
 1.742000e+01  4.514624e-01 
 1.743000e+01  4.602254e-01 
 1.744000e+01  4.694723e-01 
 1.745000e+01  4.792031e-01 
 1.746000e+01  4.894176e-01 
 1.747000e+01  5.001160e-01 
 1.748000e+01  5.083573e-01 
 1.749000e+01  4.987320e-01 
 1.750000e+01  4.012626e-01 
 1.751000e+01  3.279485e-01 
 1.752000e+01  3.326095e-01 
 1.753000e+01  3.433724e-01 
 1.754000e+01  3.545892e-01 
 1.755000e+01  3.662599e-01 
 1.756000e+01  3.783845e-01 
 1.757000e+01  3.909629e-01 
 1.758000e+01  4.039953e-01 
 1.759000e+01  4.174815e-01 
 1.760000e+01  4.294765e-01 
 1.761000e+01  4.268193e-01 
 1.762000e+01  2.736895e-01 
 1.763000e+01  3.770939e-02 
 1.764000e+01  6.942732e-04 
 1.765000e+01  4.446310e-04 
 1.766000e+01  3.437617e-04 
 1.767000e+01  2.946851e-04 
 1.768000e+01  2.516292e-04 
 1.769000e+01  2.140167e-04 
 1.770000e+01  1.796319e-04 
 1.771000e+01  1.482564e-04 
 1.772000e+01  1.198901e-04 
 1.773000e+01  9.453297e-05 
 1.774000e+01  7.218508e-05 
 1.775000e+01  5.284642e-05 
 1.776000e+01  3.651699e-05 
 1.777000e+01  2.319677e-05 
 1.778000e+01  1.288578e-05 
 1.779000e+01  5.584009e-06 
 1.780000e+01  1.291462e-06 
 1.781000e+01  0.000000e+00 
 1.782000e+01  0.000000e+00 
 1.783000e+01  0.000000e+00 
 1.784000e+01  0.000000e+00 
 1.785000e+01  0.000000e+00 
 1.786000e+01  0.000000e+00 
 1.787000e+01  0.000000e+00 
 1.788000e+01  0.000000e+00 
 1.789000e+01  0.000000e+00 
 1.790000e+01  0.000000e+00 
 1.791000e+01  0.000000e+00 
 1.792000e+01  0.000000e+00 
 1.793000e+01  0.000000e+00 
 1.794000e+01  0.000000e+00 
 1.795000e+01  0.000000e+00 
 1.796000e+01  0.000000e+00 
 1.797000e+01  0.000000e+00 
 1.798000e+01  0.000000e+00 
 1.799000e+01  0.000000e+00 
 1.800000e+01  0.000000e+00 
