&& absorbtion coefficients, E(eV) xx, yy,zz  
0.000000    0.000000e+00 0.000000e+00 0.000000e+00  
0.010000    6.777502e-06 6.523944e-06 7.595763e-07  
0.020000    1.360650e-05 1.309805e-05 1.523011e-06  
0.030000    2.048745e-05 1.972276e-05 2.290329e-06  
0.040000    2.742081e-05 2.639851e-05 3.061551e-06  
0.050000    3.440705e-05 3.312579e-05 3.836703e-06  
0.060000    4.144666e-05 3.990507e-05 4.615809e-06  
0.070000    4.854016e-05 4.673683e-05 5.398892e-06  
0.080000    5.568805e-05 5.362160e-05 6.185978e-06  
0.090000    6.289084e-05 6.055985e-05 6.977091e-06  
0.100000    7.014903e-05 6.755207e-05 7.772256e-06  
0.110000    7.746310e-05 7.459875e-05 8.571497e-06  
0.120000    8.483354e-05 8.170035e-05 9.374839e-06  
0.130000    9.226081e-05 8.885734e-05 1.018231e-05  
0.140000    9.974540e-05 9.607019e-05 1.099393e-05  
0.150000    1.072878e-04 1.033394e-04 1.180972e-05  
0.160000    1.148885e-04 1.106654e-04 1.262972e-05  
0.170000    1.225480e-04 1.180488e-04 1.345394e-05  
0.180000    1.302668e-04 1.254899e-04 1.428242e-05  
0.190000    1.380455e-04 1.329894e-04 1.511517e-05  
0.200000    1.458845e-04 1.405477e-04 1.595223e-05  
0.210000    1.537843e-04 1.481654e-04 1.679363e-05  
0.220000    1.617456e-04 1.558430e-04 1.763938e-05  
0.230000    1.697689e-04 1.635810e-04 1.848951e-05  
0.240000    1.778546e-04 1.713800e-04 1.934406e-05  
0.250000    1.860034e-04 1.792405e-04 2.020305e-05  
0.260000    1.942159e-04 1.871630e-04 2.106650e-05  
0.270000    2.024925e-04 1.951482e-04 2.193445e-05  
0.280000    2.108340e-04 2.031965e-04 2.280693e-05  
0.290000    2.192408e-04 2.113086e-04 2.368395e-05  
0.300000    2.277135e-04 2.194851e-04 2.456556e-05  
0.310000    2.362528e-04 2.277264e-04 2.545177e-05  
0.320000    2.448592e-04 2.360333e-04 2.634262e-05  
0.330000    2.535334e-04 2.444063e-04 2.723814e-05  
0.340000    2.622759e-04 2.528460e-04 2.813836e-05  
0.350000    2.710875e-04 2.613530e-04 2.904330e-05  
0.360000    2.799686e-04 2.699280e-04 2.995300e-05  
0.370000    2.889201e-04 2.785716e-04 3.086748e-05  
0.380000    2.979424e-04 2.872843e-04 3.178678e-05  
0.390000    3.070363e-04 2.960669e-04 3.271092e-05  
0.400000    3.162024e-04 3.049200e-04 3.363995e-05  
0.410000    3.254414e-04 3.138443e-04 3.457388e-05  
0.420000    3.347539e-04 3.228403e-04 3.551276e-05  
0.430000    3.441407e-04 3.319088e-04 3.645660e-05  
0.440000    3.536024e-04 3.410505e-04 3.740545e-05  
0.450000    3.631397e-04 3.502660e-04 3.835934e-05  
0.460000    3.727534e-04 3.595561e-04 3.931829e-05  
0.470000    3.824441e-04 3.689214e-04 4.028235e-05  
0.480000    3.922125e-04 3.783626e-04 4.125154e-05  
0.490000    4.020595e-04 3.878804e-04 4.222590e-05  
0.500000    4.119856e-04 3.974757e-04 4.320546e-05  
0.510000    4.219918e-04 4.071491e-04 4.419025e-05  
0.520000    4.320787e-04 4.169013e-04 4.518031e-05  
0.530000    4.422470e-04 4.267331e-04 4.617568e-05  
0.540000    4.524977e-04 4.366452e-04 4.717638e-05  
0.550000    4.628313e-04 4.466385e-04 4.818246e-05  
0.560000    4.732488e-04 4.567137e-04 4.919395e-05  
0.570000    4.837510e-04 4.668716e-04 5.021088e-05  
0.580000    4.943385e-04 4.771130e-04 5.123328e-05  
0.590000    5.050124e-04 4.874386e-04 5.226121e-05  
0.600000    5.157733e-04 4.978494e-04 5.329468e-05  
0.610000    5.266221e-04 5.083460e-04 5.433375e-05  
0.620000    5.375597e-04 5.189294e-04 5.537844e-05  
0.630000    5.485870e-04 5.296004e-04 5.642880e-05  
0.640000    5.597047e-04 5.403598e-04 5.748485e-05  
0.650000    5.709138e-04 5.512086e-04 5.854664e-05  
0.660000    5.822151e-04 5.621475e-04 5.961422e-05  
0.670000    5.936096e-04 5.731775e-04 6.068760e-05  
0.680000    6.050982e-04 5.842994e-04 6.176685e-05  
0.690000    6.166817e-04 5.955141e-04 6.285198e-05  
0.700000    6.283612e-04 6.068227e-04 6.394305e-05  
0.710000    6.401375e-04 6.182259e-04 6.504010e-05  
0.720000    6.520116e-04 6.297247e-04 6.614316e-05  
0.730000    6.639844e-04 6.413201e-04 6.725227e-05  
0.740000    6.760570e-04 6.530130e-04 6.836748e-05  
0.750000    6.882304e-04 6.648044e-04 6.948883e-05  
0.760000    7.005054e-04 6.766953e-04 7.061636e-05  
0.770000    7.128832e-04 6.886867e-04 7.175011e-05  
0.780000    7.253647e-04 7.007795e-04 7.289013e-05  
0.790000    7.379511e-04 7.129749e-04 7.403645e-05  
0.800000    7.506433e-04 7.252737e-04 7.518912e-05  
0.810000    7.634424e-04 7.376771e-04 7.634819e-05  
0.820000    7.763494e-04 7.501862e-04 7.751369e-05  
0.830000    7.893655e-04 7.628019e-04 7.868568e-05  
0.840000    8.024918e-04 7.755254e-04 7.986420e-05  
0.850000    8.157294e-04 7.883577e-04 8.104929e-05  
0.860000    8.290793e-04 8.013000e-04 8.224099e-05  
0.870000    8.425428e-04 8.143534e-04 8.343937e-05  
0.880000    8.561210e-04 8.275190e-04 8.464445e-05  
0.890000    8.698151e-04 8.407980e-04 8.585629e-05  
0.900000    8.836262e-04 8.541915e-04 8.707494e-05  
0.910000    8.975556e-04 8.677007e-04 8.830044e-05  
0.920000    9.116045e-04 8.813268e-04 8.953284e-05  
0.930000    9.257740e-04 8.950711e-04 9.077220e-05  
0.940000    9.400655e-04 9.089346e-04 9.201855e-05  
0.950000    9.544801e-04 9.229188e-04 9.327195e-05  
0.960000    9.690193e-04 9.370247e-04 9.453245e-05  
0.970000    9.836842e-04 9.512538e-04 9.580010e-05  
0.980000    9.984762e-04 9.656072e-04 9.707496e-05  
0.990000    1.013397e-03 9.800863e-04 9.835706e-05  
1.000000    1.028447e-03 9.946924e-04 9.964647e-05  
1.010000    1.043628e-03 1.009427e-03 1.009432e-04  
1.020000    1.058942e-03 1.024291e-03 1.022474e-04  
1.030000    1.074389e-03 1.039286e-03 1.035590e-04  
1.040000    1.089972e-03 1.054414e-03 1.048782e-04  
1.050000    1.105692e-03 1.069675e-03 1.062049e-04  
1.060000    1.121549e-03 1.085072e-03 1.075393e-04  
1.070000    1.137547e-03 1.100605e-03 1.088813e-04  
1.080000    1.153685e-03 1.116277e-03 1.102311e-04  
1.090000    1.169966e-03 1.132088e-03 1.115886e-04  
1.100000    1.186391e-03 1.148040e-03 1.129540e-04  
1.110000    1.202962e-03 1.164136e-03 1.143274e-04  
1.120000    1.219680e-03 1.180375e-03 1.157087e-04  
1.130000    1.236547e-03 1.196760e-03 1.170980e-04  
1.140000    1.253565e-03 1.213292e-03 1.184954e-04  
1.150000    1.270734e-03 1.229973e-03 1.199009e-04  
1.160000    1.288057e-03 1.246805e-03 1.213147e-04  
1.170000    1.305536e-03 1.263789e-03 1.227367e-04  
1.180000    1.323172e-03 1.280927e-03 1.241670e-04  
1.190000    1.340966e-03 1.298220e-03 1.256058e-04  
1.200000    1.358921e-03 1.315671e-03 1.270530e-04  
1.210000    1.377038e-03 1.333280e-03 1.285087e-04  
1.220000    1.395320e-03 1.351051e-03 1.299729e-04  
1.230000    1.413767e-03 1.368984e-03 1.314459e-04  
1.240000    1.432382e-03 1.387081e-03 1.329275e-04  
1.250000    1.451167e-03 1.405344e-03 1.344179e-04  
1.260000    1.470123e-03 1.423775e-03 1.359172e-04  
1.270000    1.489252e-03 1.442376e-03 1.374254e-04  
1.280000    1.508557e-03 1.461149e-03 1.389425e-04  
1.290000    1.528039e-03 1.480095e-03 1.404687e-04  
1.300000    1.547700e-03 1.499218e-03 1.420040e-04  
1.310000    1.567543e-03 1.518517e-03 1.435485e-04  
1.320000    1.587568e-03 1.537997e-03 1.451023e-04  
1.330000    1.607780e-03 1.557658e-03 1.466654e-04  
1.340000    1.628179e-03 1.577502e-03 1.482379e-04  
1.350000    1.648767e-03 1.597533e-03 1.498198e-04  
1.360000    1.669547e-03 1.617751e-03 1.514114e-04  
1.370000    1.690521e-03 1.638160e-03 1.530125e-04  
1.380000    1.711692e-03 1.658761e-03 1.546233e-04  
1.390000    1.733060e-03 1.679556e-03 1.562440e-04  
1.400000    1.754630e-03 1.700548e-03 1.578744e-04  
1.410000    1.776402e-03 1.721739e-03 1.595148e-04  
1.420000    1.798380e-03 1.743131e-03 1.611652e-04  
1.430000    1.820566e-03 1.764727e-03 1.628257e-04  
1.440000    1.842962e-03 1.786528e-03 1.644964e-04  
1.450000    1.865570e-03 1.808538e-03 1.661773e-04  
1.460000    1.888394e-03 1.830759e-03 1.678686e-04  
1.470000    1.911435e-03 1.853194e-03 1.695702e-04  
1.480000    1.934696e-03 1.875844e-03 1.712824e-04  
1.490000    1.958181e-03 1.898712e-03 1.730051e-04  
1.500000    1.981890e-03 1.921801e-03 1.747385e-04  
1.510000    2.005828e-03 1.945114e-03 1.764827e-04  
1.520000    2.029996e-03 1.968653e-03 1.782377e-04  
1.530000    2.054398e-03 1.992421e-03 1.800036e-04  
1.540000    2.079037e-03 2.016421e-03 1.817806e-04  
1.550000    2.103914e-03 2.040655e-03 1.835686e-04  
1.560000    2.129034e-03 2.065126e-03 1.853679e-04  
1.570000    2.154398e-03 2.089837e-03 1.871785e-04  
1.580000    2.180010e-03 2.114791e-03 1.890004e-04  
1.590000    2.205873e-03 2.139991e-03 1.908338e-04  
1.600000    2.231990e-03 2.165440e-03 1.926789e-04  
1.610000    2.258364e-03 2.191141e-03 1.945355e-04  
1.620000    2.284999e-03 2.217097e-03 1.964040e-04  
1.630000    2.311896e-03 2.243310e-03 1.982843e-04  
1.640000    2.339060e-03 2.269786e-03 2.001766e-04  
1.650000    2.366494e-03 2.296525e-03 2.020810e-04  
1.660000    2.394201e-03 2.323532e-03 2.039975e-04  
1.670000    2.422184e-03 2.350811e-03 2.059263e-04  
1.680000    2.450448e-03 2.378364e-03 2.078675e-04  
1.690000    2.478995e-03 2.406194e-03 2.098212e-04  
1.700000    2.507828e-03 2.434306e-03 2.117875e-04  
1.710000    2.536953e-03 2.462703e-03 2.137664e-04  
1.720000    2.566371e-03 2.491387e-03 2.157582e-04  
1.730000    2.596088e-03 2.520364e-03 2.177629e-04  
1.740000    2.626106e-03 2.549637e-03 2.197807e-04  
1.750000    2.656429e-03 2.579209e-03 2.218116e-04  
1.760000    2.687062e-03 2.609084e-03 2.238557e-04  
1.770000    2.718008e-03 2.639266e-03 2.259133e-04  
1.780000    2.749271e-03 2.669759e-03 2.279843e-04  
1.790000    2.780856e-03 2.700567e-03 2.300689e-04  
1.800000    2.812766e-03 2.731694e-03 2.321673e-04  
1.810000    2.845005e-03 2.763144e-03 2.342795e-04  
1.820000    2.877579e-03 2.794921e-03 2.364057e-04  
1.830000    2.910491e-03 2.827030e-03 2.385460e-04  
1.840000    2.943745e-03 2.859474e-03 2.407006e-04  
1.850000    2.977346e-03 2.892259e-03 2.428695e-04  
1.860000    3.011299e-03 2.925388e-03 2.450529e-04  
1.870000    3.045608e-03 2.958866e-03 2.472509e-04  
1.880000    3.080278e-03 2.992697e-03 2.494636e-04  
1.890000    3.115313e-03 3.026887e-03 2.516912e-04  
1.900000    3.150719e-03 3.061440e-03 2.539339e-04  
1.910000    3.186500e-03 3.096361e-03 2.561917e-04  
1.920000    3.222661e-03 3.131654e-03 2.584648e-04  
1.930000    3.259208e-03 3.167325e-03 2.607534e-04  
1.940000    3.296145e-03 3.203378e-03 2.630575e-04  
1.950000    3.333478e-03 3.239820e-03 2.653774e-04  
1.960000    3.371213e-03 3.276654e-03 2.677131e-04  
1.970000    3.409353e-03 3.313887e-03 2.700648e-04  
1.980000    3.447906e-03 3.351523e-03 2.724327e-04  
1.990000    3.486876e-03 3.389569e-03 2.748170e-04  
2.000000    3.526270e-03 3.428029e-03 2.772177e-04  
2.010000    3.566093e-03 3.466909e-03 2.796351e-04  
2.020000    3.606350e-03 3.506216e-03 2.820692e-04  
2.030000    3.647049e-03 3.545954e-03 2.845203e-04  
2.040000    3.688195e-03 3.586131e-03 2.869885e-04  
2.050000    3.729793e-03 3.626751e-03 2.894740e-04  
2.060000    3.771852e-03 3.667821e-03 2.919769e-04  
2.070000    3.814376e-03 3.709348e-03 2.944974e-04  
2.080000    3.857372e-03 3.751337e-03 2.970358e-04  
2.090000    3.900848e-03 3.793796e-03 2.995920e-04  
2.100000    3.944810e-03 3.836730e-03 3.021665e-04  
2.110000    3.989264e-03 3.880146e-03 3.047592e-04  
2.120000    4.034217e-03 3.924052e-03 3.073704e-04  
2.130000    4.079678e-03 3.968454e-03 3.100003e-04  
2.140000    4.125652e-03 4.013359e-03 3.126491e-04  
2.150000    4.172147e-03 4.058774e-03 3.153169e-04  
2.160000    4.219171e-03 4.104707e-03 3.180040e-04  
2.170000    4.266732e-03 4.151165e-03 3.207105e-04  
2.180000    4.314836e-03 4.198156e-03 3.234366e-04  
2.190000    4.363493e-03 4.245687e-03 3.261826e-04  
2.200000    4.412710e-03 4.293766e-03 3.289486e-04  
2.210000    4.462494e-03 4.342401e-03 3.317348e-04  
2.220000    4.512855e-03 4.391600e-03 3.345415e-04  
2.230000    4.563801e-03 4.441372e-03 3.373688e-04  
2.240000    4.615341e-03 4.491724e-03 3.402170e-04  
2.250000    4.667483e-03 4.542666e-03 3.430863e-04  
2.260000    4.720236e-03 4.594206e-03 3.459769e-04  
2.270000    4.773610e-03 4.646353e-03 3.488891e-04  
2.280000    4.827613e-03 4.699115e-03 3.518230e-04  
2.290000    4.882255e-03 4.752503e-03 3.547788e-04  
2.300000    4.937546e-03 4.806526e-03 3.577569e-04  
2.310000    4.993495e-03 4.861192e-03 3.607575e-04  
2.320000    5.050113e-03 4.916512e-03 3.637808e-04  
2.330000    5.107409e-03 4.972495e-03 3.668270e-04  
2.340000    5.165395e-03 5.029153e-03 3.698963e-04  
2.350000    5.224080e-03 5.086494e-03 3.729892e-04  
2.360000    5.283475e-03 5.144530e-03 3.761057e-04  
2.370000    5.343591e-03 5.203270e-03 3.792462e-04  
2.380000    5.404440e-03 5.262727e-03 3.824109e-04  
2.390000    5.466032e-03 5.322910e-03 3.856001e-04  
2.400000    5.528380e-03 5.383832e-03 3.888140e-04  
2.410000    5.591495e-03 5.445503e-03 3.920530e-04  
2.420000    5.655389e-03 5.507936e-03 3.953173e-04  
2.430000    5.720075e-03 5.571142e-03 3.986072e-04  
2.440000    5.785564e-03 5.635133e-03 4.019230e-04  
2.450000    5.851871e-03 5.699922e-03 4.052650e-04  
2.460000    5.919007e-03 5.765522e-03 4.086335e-04  
2.470000    5.986987e-03 5.831945e-03 4.120287e-04  
2.480000    6.055823e-03 5.899205e-03 4.154510e-04  
2.490000    6.125529e-03 5.967314e-03 4.189008e-04  
2.500000    6.196120e-03 6.036287e-03 4.223782e-04  
2.510000    6.267610e-03 6.106138e-03 4.258837e-04  
2.520000    6.340014e-03 6.176880e-03 4.294176e-04  
2.530000    6.413346e-03 6.248529e-03 4.329802e-04  
2.540000    6.487622e-03 6.321098e-03 4.365719e-04  
2.550000    6.562857e-03 6.394603e-03 4.401929e-04  
2.560000    6.639067e-03 6.469060e-03 4.438437e-04  
2.570000    6.716269e-03 6.544484e-03 4.475247e-04  
2.580000    6.794479e-03 6.620891e-03 4.512360e-04  
2.590000    6.873714e-03 6.698297e-03 4.549783e-04  
2.600000    6.953992e-03 6.776720e-03 4.587517e-04  
2.610000    7.035328e-03 6.856176e-03 4.625568e-04  
2.620000    7.117743e-03 6.936682e-03 4.663938e-04  
2.630000    7.201254e-03 7.018257e-03 4.702633e-04  
2.640000    7.285880e-03 7.100918e-03 4.741655e-04  
2.650000    7.371639e-03 7.184684e-03 4.781010e-04  
2.660000    7.458553e-03 7.269573e-03 4.820700e-04  
2.670000    7.546640e-03 7.355606e-03 4.860732e-04  
2.680000    7.635920e-03 7.442801e-03 4.901108e-04  
2.690000    7.726416e-03 7.531180e-03 4.941833e-04  
2.700000    7.818148e-03 7.620761e-03 4.982912e-04  
2.710000    7.911137e-03 7.711567e-03 5.024350e-04  
2.720000    8.005407e-03 7.803619e-03 5.066151e-04  
2.730000    8.100980e-03 7.896938e-03 5.108319e-04  
2.740000    8.197878e-03 7.991547e-03 5.150860e-04  
2.750000    8.296127e-03 8.087469e-03 5.193779e-04  
2.760000    8.395749e-03 8.184728e-03 5.237081e-04  
2.770000    8.496771e-03 8.283346e-03 5.280770e-04  
2.780000    8.599216e-03 8.383349e-03 5.324852e-04  
2.790000    8.703112e-03 8.484762e-03 5.369333e-04  
2.800000    8.808485e-03 8.587609e-03 5.414217e-04  
2.810000    8.915362e-03 8.691918e-03 5.459511e-04  
2.820000    9.023770e-03 8.797714e-03 5.505219e-04  
2.830000    9.133738e-03 8.905025e-03 5.551349e-04  
2.840000    9.245296e-03 9.013879e-03 5.597905e-04  
2.850000    9.358472e-03 9.124305e-03 5.644894e-04  
2.860000    9.473298e-03 9.236331e-03 5.692321e-04  
2.870000    9.589804e-03 9.349987e-03 5.740194e-04  
2.880000    9.708022e-03 9.465304e-03 5.788518e-04  
2.890000    9.827986e-03 9.582314e-03 5.837300e-04  
2.900000    9.949727e-03 9.701047e-03 5.886546e-04  
2.910000    1.007328e-02 9.821538e-03 5.936264e-04  
2.920000    1.019868e-02 9.943819e-03 5.986460e-04  
2.930000    1.032597e-02 1.006792e-02 6.037142e-04  
2.940000    1.045517e-02 1.019389e-02 6.088316e-04  
2.950000    1.058634e-02 1.032175e-02 6.139990e-04  
2.960000    1.071950e-02 1.045154e-02 6.192172e-04  
2.970000    1.085469e-02 1.058331e-02 6.244869e-04  
2.980000    1.099196e-02 1.071708e-02 6.298089e-04  
2.990000    1.113135e-02 1.085290e-02 6.351841e-04  
3.000000    1.127290e-02 1.099081e-02 6.406131e-04  
3.010000    1.141666e-02 1.113085e-02 6.460970e-04  
3.020000    1.156266e-02 1.127306e-02 6.516365e-04  
3.030000    1.171095e-02 1.141749e-02 6.572326e-04  
3.040000    1.186159e-02 1.156419e-02 6.628861e-04  
3.050000    1.201462e-02 1.171318e-02 6.685979e-04  
3.060000    1.217009e-02 1.186453e-02 6.743690e-04  
3.070000    1.232804e-02 1.201829e-02 6.802004e-04  
3.080000    1.248854e-02 1.217449e-02 6.860931e-04  
3.090000    1.265163e-02 1.233320e-02 6.920480e-04  
3.100000    1.281737e-02 1.249446e-02 6.980662e-04  
3.110000    1.298582e-02 1.265833e-02 7.041488e-04  
3.120000    1.315703e-02 1.282486e-02 7.102969e-04  
3.130000    1.333107e-02 1.299411e-02 7.165115e-04  
3.140000    1.350798e-02 1.316613e-02 7.227938e-04  
3.150000    1.368785e-02 1.334099e-02 7.291450e-04  
3.160000    1.387072e-02 1.351875e-02 7.355662e-04  
3.170000    1.405667e-02 1.369946e-02 7.420588e-04  
3.180000    1.424577e-02 1.388319e-02 7.486239e-04  
3.190000    1.443808e-02 1.407001e-02 7.552629e-04  
3.200000    1.463367e-02 1.425999e-02 7.619771e-04  
3.210000    1.483262e-02 1.445318e-02 7.687678e-04  
3.220000    1.503501e-02 1.464968e-02 7.756365e-04  
3.230000    1.524091e-02 1.484954e-02 7.825846e-04  
3.240000    1.545039e-02 1.505284e-02 7.896135e-04  
3.250000    1.566356e-02 1.525966e-02 7.967247e-04  
3.260000    1.588048e-02 1.547009e-02 8.039199e-04  
3.270000    1.610125e-02 1.568419e-02 8.112006e-04  
3.280000    1.632595e-02 1.590206e-02 8.185684e-04  
3.290000    1.655468e-02 1.612378e-02 8.260251e-04  
3.300000    1.678753e-02 1.634944e-02 8.335723e-04  
3.310000    1.702460e-02 1.657913e-02 8.412119e-04  
3.320000    1.726599e-02 1.681295e-02 8.489456e-04  
3.330000    1.751181e-02 1.705099e-02 8.567754e-04  
3.340000    1.776215e-02 1.729335e-02 8.647032e-04  
3.350000    1.801714e-02 1.754014e-02 8.727309e-04  
3.360000    1.827688e-02 1.779145e-02 8.808607e-04  
3.370000    1.854149e-02 1.804740e-02 8.890946e-04  
3.380000    1.881108e-02 1.830810e-02 8.974349e-04  
3.390000    1.908580e-02 1.857367e-02 9.058837e-04  
3.400000    1.936575e-02 1.884422e-02 9.144433e-04  
3.410000    1.965108e-02 1.911988e-02 9.231162e-04  
3.420000    1.994192e-02 1.940077e-02 9.319048e-04  
3.430000    2.023842e-02 1.968702e-02 9.408116e-04  
3.440000    2.054070e-02 1.997877e-02 9.498393e-04  
3.450000    2.084894e-02 2.027615e-02 9.589904e-04  
3.460000    2.116327e-02 2.057931e-02 9.682679e-04  
3.470000    2.148386e-02 2.088839e-02 9.776745e-04  
3.480000    2.181088e-02 2.120355e-02 9.872132e-04  
3.490000    2.214449e-02 2.152495e-02 9.968870e-04  
3.500000    2.248487e-02 2.185273e-02 1.006699e-03  
3.510000    2.283220e-02 2.218708e-02 1.016653e-03  
3.520000    2.318667e-02 2.252816e-02 1.026752e-03  
3.530000    2.354848e-02 2.287616e-02 1.036999e-03  
3.540000    2.391782e-02 2.323125e-02 1.047398e-03  
3.550000    2.429491e-02 2.359362e-02 1.057953e-03  
3.560000    2.467996e-02 2.396348e-02 1.068667e-03  
3.570000    2.507319e-02 2.434103e-02 1.079545e-03  
3.580000    2.547483e-02 2.472647e-02 1.090591e-03  
3.590000    2.588512e-02 2.512002e-02 1.101809e-03  
3.600000    2.630431e-02 2.552191e-02 1.113203e-03  
3.610000    2.673265e-02 2.593237e-02 1.124778e-03  
3.620000    2.717042e-02 2.635165e-02 1.136539e-03  
3.630000    2.761788e-02 2.677998e-02 1.148491e-03  
3.640000    2.807533e-02 2.721763e-02 1.160639e-03  
3.650000    2.854305e-02 2.766487e-02 1.172987e-03  
3.660000    2.902136e-02 2.812197e-02 1.185543e-03  
3.670000    2.951057e-02 2.858922e-02 1.198311e-03  
3.680000    3.001102e-02 2.906692e-02 1.211297e-03  
3.690000    3.052304e-02 2.955538e-02 1.224508e-03  
3.700000    3.104701e-02 3.005491e-02 1.237950e-03  
3.710000    3.158328e-02 3.056585e-02 1.251629e-03  
3.720000    3.213224e-02 3.108854e-02 1.265554e-03  
3.730000    3.269430e-02 3.162335e-02 1.279730e-03  
3.740000    3.326987e-02 3.217063e-02 1.294165e-03  
3.750000    3.385938e-02 3.273078e-02 1.308868e-03  
3.760000    3.446329e-02 3.330420e-02 1.323847e-03  
3.770000    3.508206e-02 3.389130e-02 1.339109e-03  
3.780000    3.571619e-02 3.449252e-02 1.354665e-03  
3.790000    3.636619e-02 3.510831e-02 1.370523e-03  
3.800000    3.703258e-02 3.573913e-02 1.386693e-03  
3.810000    3.771593e-02 3.638547e-02 1.403185e-03  
3.820000    3.841680e-02 3.704784e-02 1.420009e-03  
3.830000    3.913580e-02 3.772677e-02 1.437178e-03  
3.840000    3.987356e-02 3.842280e-02 1.454701e-03  
3.850000    4.063074e-02 3.913651e-02 1.472592e-03  
3.860000    4.140801e-02 3.986850e-02 1.490864e-03  
3.870000    4.220611e-02 4.061938e-02 1.509528e-03  
3.880000    4.302577e-02 4.138982e-02 1.528600e-03  
3.890000    4.386778e-02 4.218048e-02 1.548094e-03  
3.900000    4.473296e-02 4.299207e-02 1.568025e-03  
3.910000    4.562217e-02 4.382533e-02 1.588409e-03  
3.920000    4.653630e-02 4.468103e-02 1.609264e-03  
3.930000    4.747630e-02 4.555999e-02 1.630605e-03  
3.940000    4.844315e-02 4.646303e-02 1.652454e-03  
3.950000    4.943788e-02 4.739105e-02 1.674828e-03  
3.960000    5.046158e-02 4.834496e-02 1.697748e-03  
3.970000    5.151538e-02 4.932573e-02 1.721237e-03  
3.980000    5.260049e-02 5.033438e-02 1.745316e-03  
3.990000    5.371815e-02 5.137195e-02 1.770010e-03  
4.000000    5.486969e-02 5.243957e-02 1.795345e-03  
4.010000    5.605649e-02 5.353840e-02 1.821346e-03  
4.020000    5.728002e-02 5.466966e-02 1.848043e-03  
4.030000    5.854181e-02 5.583462e-02 1.875465e-03  
4.040000    5.984347e-02 5.703465e-02 1.903644e-03  
4.050000    6.118673e-02 5.827115e-02 1.932613e-03  
4.060000    6.257337e-02 5.954562e-02 1.962407e-03  
4.070000    6.400530e-02 6.085962e-02 1.993065e-03  
4.080000    6.548452e-02 6.221479e-02 2.024625e-03  
4.090000    6.701316e-02 6.361288e-02 2.057130e-03  
4.100000    6.859345e-02 6.505572e-02 2.090625e-03  
4.110000    7.022777e-02 6.654522e-02 2.125157e-03  
4.120000    7.191863e-02 6.808343e-02 2.160776e-03  
4.130000    7.366868e-02 6.967250e-02 2.197538e-03  
4.140000    7.548076e-02 7.131468e-02 2.235499e-03  
4.150000    7.735784e-02 7.301239e-02 2.274719e-03  
4.160000    7.930312e-02 7.476815e-02 2.315266e-03  
4.170000    8.131996e-02 7.658465e-02 2.357208e-03  
4.180000    8.341195e-02 7.846473e-02 2.400619e-03  
4.190000    8.558293e-02 8.041141e-02 2.445580e-03  
4.200000    8.783696e-02 8.242788e-02 2.492176e-03  
4.210000    9.017838e-02 8.451753e-02 2.540499e-03  
4.220000    9.261182e-02 8.668397e-02 2.590646e-03  
4.230000    9.514224e-02 8.893103e-02 2.642723e-03  
4.240000    9.777491e-02 9.126279e-02 2.696843e-03  
4.250000    1.005155e-01 9.368359e-02 2.753129e-03  
4.260000    1.033701e-01 9.619805e-02 2.811712e-03  
4.270000    1.063451e-01 9.881112e-02 2.872734e-03  
4.280000    1.094477e-01 1.015281e-01 2.936348e-03  
4.290000    1.126851e-01 1.043545e-01 3.002720e-03  
4.300000    1.160656e-01 1.072965e-01 3.072029e-03  
4.310000    1.195978e-01 1.103605e-01 3.144469e-03  
4.320000    1.232910e-01 1.135535e-01 3.220251e-03  
4.330000    1.271554e-01 1.168827e-01 3.299604e-03  
4.340000    1.312019e-01 1.203564e-01 3.382778e-03  
4.350000    1.354423e-01 1.239829e-01 3.470045e-03  
4.360000    1.398894e-01 1.277716e-01 3.561700e-03  
4.370000    1.445570e-01 1.317324e-01 3.658068e-03  
4.380000    1.494603e-01 1.358762e-01 3.759503e-03  
4.390000    1.546157e-01 1.402145e-01 3.866394e-03  
4.400000    1.600411e-01 1.447600e-01 3.979167e-03  
4.410000    1.657559e-01 1.495262e-01 4.098291e-03  
4.420000    1.717816e-01 1.545281e-01 4.224284e-03  
4.430000    1.781415e-01 1.597818e-01 4.357714e-03  
4.440000    1.848613e-01 1.653047e-01 4.499213e-03  
4.450000    1.919689e-01 1.711161e-01 4.649478e-03  
4.460000    1.994956e-01 1.772369e-01 4.809283e-03  
4.470000    2.074752e-01 1.836899e-01 4.979489e-03  
4.480000    2.159457e-01 1.905002e-01 5.161054e-03  
4.490000    2.249487e-01 1.976954e-01 5.355048e-03  
4.500000    2.345306e-01 2.053059e-01 5.562667e-03  
4.510000    2.447426e-01 2.133650e-01 5.785251e-03  
4.520000    2.556423e-01 2.219096e-01 6.024305e-03  
4.530000    2.672934e-01 2.309807e-01 6.281521e-03  
4.540000    2.797674e-01 2.406236e-01 6.558808e-03  
4.550000    2.931446e-01 2.508888e-01 6.858322e-03  
4.560000    3.075149e-01 2.618325e-01 7.182501e-03  
4.570000    3.229799e-01 2.735174e-01 7.534109e-03  
4.580000    3.396539e-01 2.860139e-01 7.916283e-03  
4.590000    3.576667e-01 2.994008e-01 8.332586e-03  
4.600000    3.771651e-01 3.137669e-01 8.787068e-03  
4.610000    3.983164e-01 3.292124e-01 9.284332e-03  
4.620000    4.213108e-01 3.458503e-01 9.829606e-03  
4.630000    4.463660e-01 3.638089e-01 1.042882e-02  
4.640000    4.737308e-01 3.832337e-01 1.108870e-02  
4.650000    5.036906e-01 4.042902e-01 1.181682e-02  
4.660000    5.365730e-01 4.271671e-01 1.262176e-02  
4.670000    5.727544e-01 4.520797e-01 1.351318e-02  
4.680000    6.126678e-01 4.792736e-01 1.450202e-02  
4.690000    6.568107e-01 5.090294e-01 1.560078e-02  
4.700000    7.057538e-01 5.416668e-01 1.682381e-02  
4.710000    7.601500e-01 5.775494e-01 1.818781e-02  
4.720000    8.207417e-01 6.170883e-01 1.971220e-02  
4.730000    8.883658e-01 6.607449e-01 2.141938e-02  
4.740000    9.639532e-01 7.090304e-01 2.333464e-02  
4.750000    1.048518e+00 7.625003e-01 2.548538e-02  
4.760000    1.143129e+00 8.217399e-01 2.789970e-02  
4.770000    1.248857e+00 8.873370e-01 3.060376e-02  
4.780000    1.366676e+00 9.598335e-01 3.361791e-02  
4.790000    1.497308e+00 1.039648e+00 3.695076e-02  
4.800000    1.640997e+00 1.126966e+00 4.059111e-02  
4.810000    1.797185e+00 1.221582e+00 4.449722e-02  
4.820000    1.964117e+00 1.322724e+00 4.858469e-02  
4.830000    2.138419e+00 1.428865e+00 5.271512e-02  
4.840000    2.314768e+00 1.537613e+00 5.669050e-02  
4.850000    2.485844e+00 1.645760e+00 6.025982e-02  
4.860000    2.642779e+00 1.749590e+00 6.314383e-02  
4.870000    2.776221e+00 1.845496e+00 6.507870e-02  
4.880000    2.877924e+00 1.930804e+00 6.586994e-02  
4.890000    2.942464e+00 2.004565e+00 6.543874e-02  
4.900000    2.968511e+00 2.068013e+00 6.384182e-02  
4.910000    2.959195e+00 2.124497e+00 6.125600e-02  
4.920000    2.921440e+00 2.178915e+00 5.793459e-02  
4.930000    2.864557e+00 2.236887e+00 5.415384e-02  
4.940000    2.798592e+00 2.303947e+00 5.016772e-02  
4.950000    2.732901e+00 2.384935e+00 4.618091e-02  
4.960000    2.675193e+00 2.483634e+00 4.233999e-02  
4.970000    2.631072e+00 2.602557e+00 3.873761e-02  
4.980000    2.603943e+00 2.742795e+00 3.542300e-02  
4.990000    2.595112e+00 2.903825e+00 3.241390e-02  
5.000000    2.603961e+00 3.083306e+00 2.970721e-02  
5.010000    2.628167e+00 3.276923e+00 2.728726e-02  
5.020000    2.664012e+00 3.478471e+00 2.513177e-02  
5.030000    2.706876e+00 3.680357e+00 2.321574e-02  
5.040000    2.751956e+00 3.874629e+00 2.151389e-02  
5.050000    2.795121e+00 4.054366e+00 2.000210e-02  
5.060000    2.833663e+00 4.215027e+00 1.865813e-02  
5.070000    2.866635e+00 4.355166e+00 1.746191e-02  
5.080000    2.894591e+00 4.476096e+00 1.639562e-02  
5.090000    2.918791e+00 4.580551e+00 1.544354e-02  
5.100000    2.940197e+00 4.670795e+00 1.459195e-02  
5.110000    2.958684e+00 4.746946e+00 1.382887e-02  
5.120000    2.972798e+00 4.806168e+00 1.314388e-02  
5.130000    2.980198e+00 4.843081e+00 1.252793e-02  
5.140000    2.978614e+00 4.851254e+00 1.197316e-02  
5.150000    2.966979e+00 4.825249e+00 1.147272e-02  
5.160000    2.946263e+00 4.762485e+00 1.102066e-02  
5.170000    2.919694e+00 4.664299e+00 1.061180e-02  
5.180000    2.892328e+00 4.535965e+00 1.024161e-02  
5.190000    2.870187e+00 4.385828e+00 9.906122e-03  
5.200000    2.859302e+00 4.223934e+00 9.601875e-03  
5.210000    2.864935e+00 4.060573e+00 9.325818e-03  
5.220000    2.891051e+00 3.905021e+00 9.075274e-03  
5.230000    2.940003e+00 3.764617e+00 8.847879e-03  
5.240000    3.012300e+00 3.644199e+00 8.641550e-03  
5.250000    3.106350e+00 3.545812e+00 8.454443e-03  
5.260000    3.218172e+00 3.468639e+00 8.284923e-03  
5.270000    3.341154e+00 3.409096e+00 8.131541e-03  
5.280000    3.466051e+00 3.361142e+00 7.993007e-03  
5.290000    3.581466e+00 3.316907e+00 7.868177e-03  
5.300000    3.674970e+00 3.267703e+00 7.756027e-03  
5.310000    3.734803e+00 3.205355e+00 7.655646e-03  
5.320000    3.751769e+00 3.123602e+00 7.566223e-03  
5.330000    3.720776e+00 3.019158e+00 7.487031e-03  
5.340000    3.641539e+00 2.892135e+00 7.417423e-03  
5.350000    3.518285e+00 2.745688e+00 7.356821e-03  
5.360000    3.358670e+00 2.585092e+00 7.304709e-03  
5.370000    3.172309e+00 2.416560e+00 7.260630e-03  
5.380000    2.969316e+00 2.246172e+00 7.224176e-03  
5.390000    2.759120e+00 2.079107e+00 7.194986e-03  
5.400000    2.549682e+00 1.919270e+00 7.172743e-03  
5.410000    2.347119e+00 1.769237e+00 7.157168e-03  
5.420000    2.155664e+00 1.630414e+00 7.148021e-03  
5.430000    1.977864e+00 1.503300e+00 7.145093e-03  
5.440000    1.814915e+00 1.387746e+00 7.148210e-03  
5.450000    1.667013e+00 1.283198e+00 7.157227e-03  
5.460000    1.533685e+00 1.188868e+00 7.172031e-03  
5.470000    1.414055e+00 1.103868e+00 7.192534e-03  
5.480000    1.307041e+00 1.027291e+00 7.218680e-03  
5.490000    1.211492e+00 9.582625e-01 7.250440e-03  
5.500000    1.126272e+00 8.959688e-01 7.287813e-03  
5.510000    1.050314e+00 8.396696e-01 7.330829e-03  
5.520000    9.826423e-01 7.887018e-01 7.379548e-03  
5.530000    9.223840e-01 7.424774e-01 7.434062e-03  
5.540000    8.687663e-01 7.004778e-01 7.494498e-03  
5.550000    8.211087e-01 6.622473e-01 7.561020e-03  
5.560000    7.788087e-01 6.273856e-01 7.633836e-03  
5.570000    7.413240e-01 5.955395e-01 7.713194e-03  
5.580000    7.081509e-01 5.663949e-01 7.799397e-03  
5.590000    6.787977e-01 5.396695e-01 7.892803e-03  
5.600000    6.527582e-01 5.151041e-01 7.993831e-03  
5.610000    6.294858e-01 4.924566e-01 8.102975e-03  
5.620000    6.083785e-01 4.714966e-01 8.220808e-03  
5.630000    5.887845e-01 4.520039e-01 8.347991e-03  
5.640000    5.700368e-01 4.337710e-01 8.485287e-03  
5.650000    5.515195e-01 4.166111e-01 8.633564e-03  
5.660000    5.327512e-01 4.003674e-01 8.793808e-03  
5.670000    5.134561e-01 3.849218e-01 8.967116e-03  
5.680000    4.935938e-01 3.701973e-01 9.154693e-03  
5.690000    4.733319e-01 3.561528e-01 9.357821e-03  
5.700000    4.529742e-01 3.427723e-01 9.577802e-03  
5.710000    4.328731e-01 3.300519e-01 9.815866e-03  
5.720000    4.133553e-01 3.179889e-01 1.007300e-02  
5.730000    3.946768e-01 3.065754e-01 1.034971e-02  
5.740000    3.770080e-01 2.957956e-01 1.064566e-02  
5.750000    3.604389e-01 2.856263e-01 1.095922e-02  
5.760000    3.449957e-01 2.760388e-01 1.128692e-02  
5.770000    3.306593e-01 2.670014e-01 1.162302e-02  
5.780000    3.173815e-01 2.584809e-01 1.195921e-02  
5.790000    3.050983e-01 2.504442e-01 1.228498e-02  
5.800000    2.937390e-01 2.428598e-01 1.258869e-02  
5.810000    2.832319e-01 2.356976e-01 1.285946e-02  
5.820000    2.735080e-01 2.289300e-01 1.308952e-02  
5.830000    2.645033e-01 2.225315e-01 1.327620e-02  
5.840000    2.561594e-01 2.164788e-01 1.342268e-02  
5.850000    2.484238e-01 2.107510e-01 1.353734e-02  
5.860000    2.412502e-01 2.053290e-01 1.363182e-02  
5.870000    2.345979e-01 2.001958e-01 1.371873e-02  
5.880000    2.284311e-01 1.953360e-01 1.380973e-02  
5.890000    2.227195e-01 1.907361e-01 1.391439e-02  
5.900000    2.174366e-01 1.863840e-01 1.403987e-02  
5.910000    2.125606e-01 1.822691e-01 1.419109e-02  
5.920000    2.080734e-01 1.783824e-01 1.437122e-02  
5.930000    2.039604e-01 1.747159e-01 1.458219e-02  
5.940000    2.002108e-01 1.712633e-01 1.482517e-02  
5.950000    1.968169e-01 1.680193e-01 1.510089e-02  
5.960000    1.937747e-01 1.649802e-01 1.540989e-02  
5.970000    1.910835e-01 1.621433e-01 1.575270e-02  
5.980000    1.887462e-01 1.595076e-01 1.612985e-02  
5.990000    1.867695e-01 1.570735e-01 1.654187e-02  
6.000000    1.851639e-01 1.548428e-01 1.698922e-02  
6.010000    1.839446e-01 1.528191e-01 1.747218e-02  
6.020000    1.831315e-01 1.510081e-01 1.799063e-02  
6.030000    1.827497e-01 1.494171e-01 1.854395e-02  
6.040000    1.828302e-01 1.480559e-01 1.913096e-02  
6.050000    1.834108e-01 1.469369e-01 1.975000e-02  
6.060000    1.845364e-01 1.460751e-01 2.039937e-02  
6.070000    1.862595e-01 1.454886e-01 2.107803e-02  
6.080000    1.886412e-01 1.451987e-01 2.178642e-02  
6.090000    1.917505e-01 1.452301e-01 2.252717e-02  
6.100000    1.956643e-01 1.456106e-01 2.330546e-02  
6.110000    2.004646e-01 1.463711e-01 2.412885e-02  
6.120000    2.062351e-01 1.475441e-01 2.500662e-02  
6.130000    2.130534e-01 1.491619e-01 2.594915e-02  
6.140000    2.209793e-01 1.512538e-01 2.696726e-02  
6.150000    2.300364e-01 1.538403e-01 2.807202e-02  
6.160000    2.401854e-01 1.569263e-01 2.927471e-02  
6.170000    2.512901e-01 1.604913e-01 3.058710e-02  
6.180000    2.630773e-01 1.644782e-01 3.202175e-02  
6.190000    2.750991e-01 1.687832e-01 3.359242e-02  
6.200000    2.867136e-01 1.732504e-01 3.531450e-02  
6.210000    2.971043e-01 1.776780e-01 3.720537e-02  
6.220000    3.053587e-01 1.818410e-01 3.928475e-02  
6.230000    3.106091e-01 1.855298e-01 4.157510e-02  
6.240000    3.122084e-01 1.885981e-01 4.410192e-02  
6.250000    3.098839e-01 1.909996e-01 4.689392e-02  
6.260000    3.038073e-01 1.927991e-01 4.998315e-02  
6.270000    2.945480e-01 1.941455e-01 5.340478e-02  
6.280000    2.829337e-01 1.952168e-01 5.719646e-02  
6.290000    2.698744e-01 1.961527e-01 6.139702e-02  
6.300000    2.562129e-01 1.969972e-01 6.604409e-02  
6.310000    2.426332e-01 1.976665e-01 7.117035e-02  
6.320000    2.296297e-01 1.979497e-01 7.679806e-02  
6.330000    2.175197e-01 1.975473e-01 8.293177e-02  
6.340000    2.064779e-01 1.961421e-01 8.954988e-02  
6.350000    1.965758e-01 1.934837e-01 9.659697e-02  
6.360000    1.878172e-01 1.894629e-01 1.039802e-01  
6.370000    1.801666e-01 1.841466e-01 1.115745e-01  
6.380000    1.735684e-01 1.777611e-01 1.192409e-01  
6.390000    1.679610e-01 1.706356e-01 1.268575e-01  
6.400000    1.632846e-01 1.631311e-01 1.343567e-01  
6.410000    1.594866e-01 1.555784e-01 1.417537e-01  
6.420000    1.565239e-01 1.482424e-01 1.491531e-01  
6.430000    1.543640e-01 1.413100e-01 1.567239e-01  
6.440000    1.529852e-01 1.348964e-01 1.646498e-01  
6.450000    1.523752e-01 1.290591e-01 1.730657e-01  
6.460000    1.525288e-01 1.238141e-01 1.819984e-01  
6.470000    1.534445e-01 1.191504e-01 1.913213e-01  
6.480000    1.551184e-01 1.150408e-01 2.007366e-01  
6.490000    1.575356e-01 1.114481e-01 2.097934e-01  
6.500000    1.606584e-01 1.083303e-01 2.179513e-01  
6.510000    1.644102e-01 1.056410e-01 2.246882e-01  
6.520000    1.686577e-01 1.033294e-01 2.296290e-01  
6.530000    1.731929e-01 1.013392e-01 2.326563e-01  
6.540000    1.777234e-01 9.960706e-02 2.339588e-01  
6.550000    1.818780e-01 9.806306e-02 2.339964e-01  
6.560000    1.852392e-01 9.663333e-02 2.333983e-01  
6.570000    1.874026e-01 9.524664e-02 2.328336e-01  
6.580000    1.880547e-01 9.384331e-02 2.328942e-01  
6.590000    1.870440e-01 9.238436e-02 2.340118e-01  
6.600000    1.844181e-01 9.085738e-02 2.364100e-01  
6.610000    1.804096e-01 8.927639e-02 2.400801e-01  
6.620000    1.753793e-01 8.767588e-02 2.447747e-01  
6.630000    1.697380e-01 8.610139e-02 2.500185e-01  
6.640000    1.638774e-01 8.460003e-02 2.551488e-01  
6.650000    1.581241e-01 8.321367e-02 2.593993e-01  
6.660000    1.527217e-01 8.197564e-02 2.620279e-01  
6.670000    1.478338e-01 8.091023e-02 2.624681e-01  
6.680000    1.435582e-01 8.003399e-02 2.604551e-01  
6.690000    1.399444e-01 7.935765e-02 2.560779e-01  
6.700000    1.370103e-01 7.888774e-02 2.497326e-01  
6.710000    1.347551e-01 7.862762e-02 2.419954e-01  
6.720000    1.331689e-01 7.857768e-02 2.334684e-01  
6.730000    1.322390e-01 7.873435e-02 2.246469e-01  
6.740000    1.319537e-01 7.908827e-02 2.158436e-01  
6.750000    1.323039e-01 7.962128e-02 2.071726e-01  
6.760000    1.332837e-01 8.030289e-02 1.985867e-01  
6.770000    1.348911e-01 8.108697e-02 1.899472e-01  
6.780000    1.371274e-01 8.191010e-02 1.811080e-01  
6.790000    1.399996e-01 8.269384e-02 1.719859e-01  
6.800000    1.435230e-01 8.335251e-02 1.626006e-01  
6.810000    1.477261e-01 8.380677e-02 1.530724e-01  
6.820000    1.526564e-01 8.400016e-02 1.435888e-01  
6.830000    1.583833e-01 8.391311e-02 1.343581e-01  
6.840000    1.649981e-01 8.356859e-02 1.255679e-01  
6.850000    1.726061e-01 8.302689e-02 1.173611e-01  
6.860000    1.813134e-01 8.237162e-02 1.098281e-01  
6.870000    1.912062e-01 8.169286e-02 1.030110e-01  
6.880000    2.023244e-01 8.107264e-02 9.691393e-02  
6.890000    2.146278e-01 8.057591e-02 9.151398e-02  
6.900000    2.279560e-01 8.024670e-02 8.677027e-02  
6.910000    2.419845e-01 8.010813e-02 8.263060e-02  
6.920000    2.561865e-01 8.016440e-02 7.903533e-02  
6.930000    2.698187e-01 8.040401e-02 7.591932e-02  
6.940000    2.819528e-01 8.080409e-02 7.321294e-02  
6.950000    2.915738e-01 8.133634e-02 7.084356e-02  
6.960000    2.977434e-01 8.197460e-02 6.873825e-02  
6.970000    2.997934e-01 8.270300e-02 6.682852e-02  
6.980000    2.974855e-01 8.352263e-02 6.505622e-02  
6.990000    2.910713e-01 8.445462e-02 6.337909e-02  
7.000000    2.812266e-01 8.553865e-02 6.177393e-02  
7.010000    2.688892e-01 8.682795e-02 6.023622e-02  
7.020000    2.550665e-01 8.838327e-02 5.877654e-02  
7.030000    2.406769e-01 9.026794e-02 5.741509e-02  
7.040000    2.264566e-01 9.254521e-02 5.617598e-02  
7.050000    2.129322e-01 9.527788e-02 5.508252e-02  
7.060000    2.004374e-01 9.852945e-02 5.415411e-02  
7.070000    1.891523e-01 1.023658e-01 5.340474e-02  
7.080000    1.791468e-01 1.068566e-01 5.284281e-02  
7.090000    1.704182e-01 1.120761e-01 5.247200e-02  
7.100000    1.629204e-01 1.181019e-01 5.229260e-02  
7.110000    1.565844e-01 1.250119e-01 5.230331e-02  
7.120000    1.513302e-01 1.328778e-01 5.250324e-02  
7.130000    1.470733e-01 1.417544e-01 5.289377e-02  
7.140000    1.437265e-01 1.516621e-01 5.347996e-02  
7.150000    1.411983e-01 1.625628e-01 5.427104e-02  
7.160000    1.393888e-01 1.743283e-01 5.527994e-02  
7.170000    1.381856e-01 1.867034e-01 5.652178e-02  
7.180000    1.374601e-01 1.992720e-01 5.801197e-02  
7.190000    1.370683e-01 2.114391e-01 5.976434e-02  
7.200000    1.368559e-01 2.224485e-01 6.178964e-02  
7.210000    1.366719e-01 2.314529e-01 6.409516e-02  
7.220000    1.363867e-01 2.376405e-01 6.668582e-02  
7.230000    1.359135e-01 2.403941e-01 6.956719e-02  
7.240000    1.352241e-01 2.394333e-01 7.275026e-02  
7.250000    1.343534e-01 2.348839e-01 7.625677e-02  
7.260000    1.333903e-01 2.272439e-01 8.012254e-02  
7.270000    1.324577e-01 2.172628e-01 8.439671e-02  
7.280000    1.316883e-01 2.057842e-01 8.913499e-02  
7.290000    1.312036e-01 1.936047e-01 9.438761e-02  
7.300000    1.311009e-01 1.813839e-01 1.001831e-01  
7.310000    1.314460e-01 1.696076e-01 1.065106e-01  
7.320000    1.322723e-01 1.585947e-01 1.133023e-01  
7.330000    1.335823e-01 1.485245e-01 1.204200e-01  
7.340000    1.353525e-01 1.394735e-01 1.276494e-01  
7.350000    1.375402e-01 1.314481e-01 1.347077e-01  
7.360000    1.400956e-01 1.244123e-01 1.412662e-01  
7.370000    1.429770e-01 1.183080e-01 1.469869e-01  
7.380000    1.461691e-01 1.130685e-01 1.515639e-01  
7.390000    1.496967e-01 1.086284e-01 1.547613e-01  
7.400000    1.536319e-01 1.049284e-01 1.564395e-01  
7.410000    1.580888e-01 1.019179e-01 1.565697e-01  
7.420000    1.632113e-01 9.955604e-02 1.552399e-01  
7.430000    1.691555e-01 9.781087e-02 1.526496e-01  
7.440000    1.760737e-01 9.665848e-02 1.490894e-01  
7.450000    1.841000e-01 9.608111e-02 1.449049e-01  
7.460000    1.933372e-01 9.606490e-02 1.404497e-01  
7.470000    2.038421e-01 9.659684e-02 1.360401e-01  
7.480000    2.156075e-01 9.766085e-02 1.319209e-01  
7.490000    2.285399e-01 9.923310e-02 1.282489e-01  
7.500000    2.424378e-01 1.012771e-01 1.250925e-01  
7.510000    2.569778e-01 1.037396e-01 1.224441e-01  
7.520000    2.717209e-01 1.065497e-01 1.202421e-01  
7.530000    2.861492e-01 1.096206e-01 1.183993e-01  
7.540000    2.997335e-01 1.128565e-01 1.168318e-01  
7.550000    3.120145e-01 1.161586e-01 1.154813e-01  
7.560000    3.226649e-01 1.194285e-01 1.143221e-01  
7.570000    3.315003e-01 1.225632e-01 1.133531e-01  
7.580000    3.384342e-01 1.254438e-01 1.125776e-01  
7.590000    3.434041e-01 1.279273e-01 1.119808e-01  
7.600000    3.463207e-01 1.298500e-01 1.115162e-01  
7.610000    3.470756e-01 1.310508e-01 1.111076e-01  
7.620000    3.456100e-01 1.314093e-01 1.106654e-01  
7.630000    3.420020e-01 1.308817e-01 1.101132e-01  
7.640000    3.365206e-01 1.295202e-01 1.094124e-01  
7.650000    3.296114e-01 1.274619e-01 1.085750e-01  
7.660000    3.218191e-01 1.248958e-01 1.076600e-01  
7.670000    3.136811e-01 1.220177e-01 1.067570e-01  
7.680000    3.056299e-01 1.189916e-01 1.059644e-01  
7.690000    2.979315e-01 1.159246e-01 1.053718e-01  
7.700000    2.906698e-01 1.128604e-01 1.050480e-01  
7.710000    2.837741e-01 1.097889e-01 1.050346e-01  
7.720000    2.770817e-01 1.066702e-01 1.053430e-01  
7.730000    2.704156e-01 1.034630e-01 1.059510e-01  
7.740000    2.636523e-01 1.001506e-01 1.067984e-01  
7.750000    2.567573e-01 9.675367e-02 1.077835e-01  
7.760000    2.497802e-01 9.332934e-02 1.087649e-01  
7.770000    2.428208e-01 8.995707e-02 1.095730e-01  
7.780000    2.359889e-01 8.672110e-02 1.100348e-01  
7.790000    2.293796e-01 8.369537e-02 1.100058e-01  
7.800000    2.230708e-01 8.093500e-02 1.094013e-01  
7.810000    2.171348e-01 7.847394e-02 1.082141e-01  
7.820000    2.116507e-01 7.632644e-02 1.065127e-01  
7.830000    2.067066e-01 7.449009e-02 1.044236e-01  
7.840000    2.023905e-01 7.294870e-02 1.021063e-01  
7.850000    1.987765e-01 7.167519e-02 9.972790e-02  
7.860000    1.959146e-01 7.063477e-02 9.744403e-02  
7.870000    1.938290e-01 6.978935e-02 9.538694e-02  
7.880000    1.925260e-01 6.910332e-02 9.366002e-02  
7.890000    1.920084e-01 6.854992e-02 9.233765e-02  
7.900000    1.922897e-01 6.811645e-02 9.146826e-02  
7.910000    1.934052e-01 6.780635e-02 9.107827e-02  
7.920000    1.954153e-01 6.763760e-02 9.117552e-02  
7.930000    1.984030e-01 6.763785e-02 9.175160e-02  
7.940000    2.024685e-01 6.783847e-02 9.278338e-02  
7.950000    2.077240e-01 6.826903e-02 9.423520e-02  
7.960000    2.142909e-01 6.895311e-02 9.606241e-02  
7.970000    2.223000e-01 6.990507e-02 9.821646e-02  
7.980000    2.318927e-01 7.112699e-02 1.006497e-01  
7.990000    2.432230e-01 7.260501e-02 1.033168e-01  
8.000000    2.564580e-01 7.430484e-02 1.061704e-01  
8.010000    2.717751e-01 7.616731e-02 1.091511e-01  
8.020000    2.893542e-01 7.810620e-02 1.121737e-01  
8.030000    3.093621e-01 8.001107e-02 1.151195e-01  
8.040000    3.319268e-01 8.175790e-02 1.178361e-01  
8.050000    3.570982e-01 8.322752e-02 1.201509e-01  
8.060000    3.847907e-01 8.432792e-02 1.218954e-01  
8.070000    4.147076e-01 8.501240e-02 1.229349e-01  
8.080000    4.462509e-01 8.528562e-02 1.231977e-01  
8.090000    4.784355e-01 8.519453e-02 1.226944e-01  
8.100000    5.098405e-01 8.480882e-02 1.215214e-01  
8.110000    5.386493e-01 8.420056e-02 1.198460e-01  
8.120000    5.628226e-01 8.343165e-02 1.178778e-01  
8.130000    5.804144e-01 8.255245e-02 1.158348e-01  
8.140000    5.899717e-01 8.160851e-02 1.139155e-01  
8.150000    5.908885e-01 8.064913e-02 1.122820e-01  
8.160000    5.835709e-01 7.973181e-02 1.110544e-01  
8.170000    5.693392e-01 7.892053e-02 1.103150e-01  
8.180000    5.501109e-01 7.827936e-02 1.101152e-01  
8.190000    5.279971e-01 7.786465e-02 1.104852e-01  
8.200000    5.049494e-01 7.771883e-02 1.114408e-01  
8.210000    4.825399e-01 7.786673e-02 1.129901e-01  
8.220000    4.618785e-01 7.831432e-02 1.151372e-01  
8.230000    4.436330e-01 7.904901e-02 1.178841e-01  
8.240000    4.280999e-01 8.004076e-02 1.212321e-01  
8.250000    4.152894e-01 8.124387e-02 1.251814e-01  
8.260000    4.049999e-01 8.259954e-02 1.297297e-01  
8.270000    3.968770e-01 8.404014e-02 1.348700e-01  
8.280000    3.904639e-01 8.549615e-02 1.405882e-01  
8.290000    3.852564e-01 8.690623e-02 1.468601e-01  
8.300000    3.807711e-01 8.822909e-02 1.536494e-01  
8.310000    3.766246e-01 8.945385e-02 1.609059e-01  
8.320000    3.726030e-01 9.060480e-02 1.685647e-01  
8.330000    3.686988e-01 9.173865e-02 1.765500e-01  
8.340000    3.651016e-01 9.293599e-02 1.847844e-01  
8.350000    3.621524e-01 9.429049e-02 1.932057e-01  
8.360000    3.602789e-01 9.589930e-02 2.017877e-01  
8.370000    3.599334e-01 9.785565e-02 2.105554e-01  
8.380000    3.615417e-01 1.002427e-01 2.195874e-01  
8.390000    3.654649e-01 1.031272e-01 2.290015e-01  
8.400000    3.719675e-01 1.065520e-01 2.389278e-01  
8.410000    3.811863e-01 1.105264e-01 2.494822e-01  
8.420000    3.930927e-01 1.150136e-01 2.607468e-01  
8.430000    4.074441e-01 1.199173e-01 2.727659e-01  
8.440000    4.237259e-01 1.250684e-01 2.855597e-01  
8.450000    4.410961e-01 1.302178e-01 2.991534e-01  
8.460000    4.583589e-01 1.350437e-01 3.136138e-01  
8.470000    4.740051e-01 1.391805e-01 3.290802e-01  
8.480000    4.863532e-01 1.422720e-01 3.457739e-01  
8.490000    4.938008e-01 1.440405e-01 3.639791e-01  
8.500000    4.951381e-01 1.443497e-01 3.840002e-01  
8.510000    4.898230e-01 1.432386e-01 4.061079e-01  
8.520000    4.781076e-01 1.409099e-01 4.304875e-01  
8.530000    4.609593e-01 1.376811e-01 4.571990e-01  
8.540000    4.398135e-01 1.339157e-01 4.861571e-01  
8.550000    4.162611e-01 1.299619e-01 5.171334e-01  
8.560000    3.917790e-01 1.261116e-01 5.497791e-01  
8.570000    3.675647e-01 1.225838e-01 5.836525e-01  
8.580000    3.444791e-01 1.195267e-01 6.182264e-01  
8.590000    3.230675e-01 1.170297e-01 6.528524e-01  
8.600000    3.036194e-01 1.151393e-01 6.866849e-01  
8.610000    2.862398e-01 1.138736e-01 7.185952e-01  
8.620000    2.709126e-01 1.132349e-01 7.471273e-01  
8.630000    2.575513e-01 1.132178e-01 7.705443e-01  
8.640000    2.460339e-01 1.138161e-01 7.869987e-01  
8.650000    2.362271e-01 1.150263e-01 7.948243e-01  
8.660000    2.279993e-01 1.168502e-01 7.928958e-01  
8.670000    2.212287e-01 1.192964e-01 7.809445e-01  
8.680000    2.158070e-01 1.223819e-01 7.596994e-01  
8.690000    2.116405e-01 1.261330e-01 7.307798e-01  
8.700000    2.086511e-01 1.305871e-01 6.963750e-01  
8.710000    2.067753e-01 1.357938e-01 6.588375e-01  
8.720000    2.059636e-01 1.418169e-01 6.203293e-01  
8.730000    2.061787e-01 1.487344e-01 5.826055e-01  
8.740000    2.073938e-01 1.566390e-01 5.469436e-01  
8.750000    2.095915e-01 1.656360e-01 5.141785e-01  
8.760000    2.127634e-01 1.758416e-01 4.847898e-01  
8.770000    2.169133e-01 1.873779e-01 4.590003e-01  
8.780000    2.220616e-01 2.003659e-01 4.368663e-01  
8.790000    2.282513e-01 2.149136e-01 4.183467e-01  
8.800000    2.355531e-01 2.310978e-01 4.033526e-01  
8.810000    2.440657e-01 2.489361e-01 3.917755e-01  
8.820000    2.539128e-01 2.683514e-01 3.834976e-01  
8.830000    2.652350e-01 2.891291e-01 3.783882e-01  
8.840000    2.781815e-01 3.108782e-01 3.762875e-01  
8.850000    2.929038e-01 3.330112e-01 3.769808e-01  
8.860000    3.095551e-01 3.547676e-01 3.801652e-01  
8.870000    3.282949e-01 3.752992e-01 3.854107e-01  
8.880000    3.492973e-01 3.938214e-01 3.921273e-01  
8.890000    3.727576e-01 4.097973e-01 3.995525e-01  
8.900000    3.988858e-01 4.230917e-01 4.067802e-01  
8.910000    4.278771e-01 4.340251e-01 4.128486e-01  
8.920000    4.598533e-01 4.432946e-01 4.168856e-01  
8.930000    4.947723e-01 4.517827e-01 4.182803e-01  
8.940000    5.323151e-01 4.603183e-01 4.168219e-01  
8.950000    5.717661e-01 4.694589e-01 4.127486e-01  
8.960000    6.119124e-01 4.793359e-01 4.066839e-01  
8.970000    6.510041e-01 4.895845e-01 3.994873e-01  
8.980000    6.868201e-01 4.993643e-01 3.920796e-01  
8.990000    7.168775e-01 5.074719e-01 3.852974e-01  
9.000000    7.387816e-01 5.125432e-01 3.798087e-01  
9.010000    7.506556e-01 5.133167e-01 3.760861e-01  
9.020000    7.515347e-01 5.089040e-01 3.744244e-01  
9.030000    7.415917e-01 4.989929e-01 3.749822e-01  
9.040000    7.221105e-01 4.839171e-01 3.778332e-01  
9.050000    6.952144e-01 4.645736e-01 3.830165e-01  
9.060000    6.634472e-01 4.422218e-01 3.905748e-01  
9.070000    6.293482e-01 4.182405e-01 4.005718e-01  
9.080000    5.951310e-01 3.939161e-01 4.130812e-01  
9.090000    5.625140e-01 3.703054e-01 4.281474e-01  
9.100000    5.326857e-01 3.481801e-01 4.457226e-01  
9.110000    5.063540e-01 3.280318e-01 4.655906e-01  
9.120000    4.838321e-01 3.101118e-01 4.872924e-01  
9.130000    4.651216e-01 2.944808e-01 5.100707e-01  
9.140000    4.499773e-01 2.810545e-01 5.328592e-01  
9.150000    4.379523e-01 2.696400e-01 5.543397e-01  
9.160000    4.284315e-01 2.599628e-01 5.730824e-01  
9.170000    4.206720e-01 2.516920e-01 5.877524e-01  
9.180000    4.138667e-01 2.444688e-01 5.973412e-01  
9.190000    4.072361e-01 2.379420e-01 6.013562e-01  
9.200000    4.001390e-01 2.318082e-01 5.999171e-01  
9.210000    3.921704e-01 2.258481e-01 5.937338e-01  
9.220000    3.832119e-01 2.199473e-01 5.839773e-01  
9.230000    3.734161e-01 2.140952e-01 5.720820e-01  
9.240000    3.631351e-01 2.083647e-01 5.595332e-01  
9.250000    3.528217e-01 2.028797e-01 5.476893e-01  
9.260000    3.429382e-01 1.977824e-01 5.376695e-01  
9.270000    3.338886e-01 1.932053e-01 5.303114e-01  
9.280000    3.259816e-01 1.892546e-01 5.261816e-01  
9.290000    3.194191e-01 1.860025e-01 5.256168e-01  
9.300000    3.143026e-01 1.834888e-01 5.287763e-01  
9.310000    3.106527e-01 1.817271e-01 5.356948e-01  
9.320000    3.084368e-01 1.807147e-01 5.463290e-01  
9.330000    3.076012e-01 1.804423e-01 5.605978e-01  
9.340000    3.081031e-01 1.809038e-01 5.784125e-01  
9.350000    3.099362e-01 1.821021e-01 5.996970e-01  
9.360000    3.131437e-01 1.840522e-01 6.243922e-01  
9.370000    3.178180e-01 1.867818e-01 6.524375e-01  
9.380000    3.240886e-01 1.903281e-01 6.837240e-01  
9.390000    3.321050e-01 1.947351e-01 7.180247e-01  
9.400000    3.420209e-01 2.000503e-01 7.549230e-01  
9.410000    3.539825e-01 2.063223e-01 7.937673e-01  
9.420000    3.681236e-01 2.135999e-01 8.336748e-01  
9.430000    3.845668e-01 2.219326e-01 8.735853e-01  
9.440000    4.034330e-01 2.313742e-01 9.123438e-01  
9.450000    4.248586e-01 2.419888e-01 9.487826e-01  
9.460000    4.490201e-01 2.538602e-01 9.817890e-01  
9.470000    4.761598e-01 2.671023e-01 1.010369e+00  
9.480000    5.066004e-01 2.818655e-01 1.033738e+00  
9.490000    5.407376e-01 2.983366e-01 1.051452e+00  
9.500000    5.790013e-01 3.167271e-01 1.063557e+00  
9.510000    6.217852e-01 3.372520e-01 1.070688e+00  
9.520000    6.693495e-01 3.600979e-01 1.074022e+00  
9.530000    7.217020e-01 3.853832e-01 1.075049e+00  
9.540000    7.784700e-01 4.131114e-01 1.075215e+00  
9.550000    8.387799e-01 4.431182e-01 1.075535e+00  
9.560000    9.011776e-01 4.750210e-01 1.076324e+00  
9.570000    9.636387e-01 5.081821e-01 1.077121e+00  
9.580000    1.023710e+00 5.417079e-01 1.076846e+00  
9.590000    1.078792e+00 5.745061e-01 1.074159e+00  
9.600000    1.126491e+00 6.054153e-01 1.067908e+00  
9.610000    1.164933e+00 6.333959e-01 1.057538e+00  
9.620000    1.192898e+00 6.577415e-01 1.043317e+00  
9.630000    1.209769e+00 6.782439e-01 1.026323e+00  
9.640000    1.215369e+00 6.952525e-01 1.008225e+00  
9.650000    1.209863e+00 7.096102e-01 9.909573e-01  
9.660000    1.193798e+00 7.224990e-01 9.763952e-01  
9.670000    1.168246e+00 7.352571e-01 9.660967e-01  
9.680000    1.134906e+00 7.492252e-01 9.611234e-01  
9.690000    1.096043e+00 7.656492e-01 9.619357e-01  
9.700000    1.054248e+00 7.856426e-01 9.683450e-01  
9.710000    1.012125e+00 8.101886e-01 9.795235e-01  
9.720000    9.720025e-01 8.401526e-01 9.940848e-01  
9.730000    9.357391e-01 8.762660e-01 1.010259e+00  
9.740000    9.046265e-01 9.190590e-01 1.026162e+00  
9.750000    8.793593e-01 9.687311e-01 1.040100e+00  
9.760000    8.600400e-01 1.024977e+00 1.050817e+00  
9.770000    8.462040e-01 1.086796e+00 1.057563e+00  
9.780000    8.368698e-01 1.152332e+00 1.059949e+00  
9.790000    8.306376e-01 1.218805e+00 1.057644e+00  
9.800000    8.258592e-01 1.282603e+00 1.050103e+00  
9.810000    8.208841e-01 1.339566e+00 1.036459e+00  
9.820000    8.143434e-01 1.385455e+00 1.015695e+00  
9.830000    8.053887e-01 1.416515e+00 9.870118e-01  
9.840000    7.937953e-01 1.430003e+00 9.502426e-01  
9.850000    7.798893e-01 1.424583e+00 9.060945e-01  
9.860000    7.643288e-01 1.400517e+00 8.561087e-01  
9.870000    7.478276e-01 1.359602e+00 8.023688e-01  
9.880000    7.309153e-01 1.304871e+00 7.470983e-01  
9.890000    7.137893e-01 1.240065e+00 6.923047e-01  
9.900000    6.962781e-01 1.169034e+00 6.395603e-01  
9.910000    6.779032e-01 1.095204e+00 5.899306e-01  
9.920000    6.580144e-01 1.021247e+00 5.440107e-01  
9.930000    6.359679e-01 9.490014e-01 5.020168e-01  
9.940000    6.113118e-01 8.795790e-01 4.638924e-01  
9.950000    5.839347e-01 8.135856e-01 4.294085e-01  
9.960000    5.541332e-01 7.513470e-01 3.982484e-01  
9.970000    5.225811e-01 6.930838e-01 3.700766e-01  
9.980000    4.902222e-01 6.390295e-01 3.445949e-01  
9.990000    4.581866e-01 5.895807e-01 3.216093e-01  
10.000000    4.281644e-01 5.461264e-01 3.012972e-01  