description="Si, conventional cubic cell, diamond cub
"  
#******** REAL SPACE GRID ********   
wavefunction_grid="96 96 96"  
potential_grid_refinement="2"  
  
#******* CONTROL OPTIONS *******  
start_mode          ="LCAO Start"  
calculation_mode    ="Quench Electrons  "  
kohn_sham_solver    ="davidson"  
subdiag_driver      ="auto"  
#auto: if cuda available, use cusolver, otherwise use lapack for n<128 and scaplack for large system  
cube_rho = "True"  
  
#********* K POINT SETUP *********  
kpoint_mesh = "1 1 1"  
kpoint_is_shift = "0 0 0"  
  
#******* Pseudopotentials *******   
internal_pseudo_type = "sg15"  
#use Optimized Norm-Conserving Vanderbilt (ONCV) pseudopotenitals  
#those pseudopotentials are built in with RMG  
write_pseudopotential_plots ="False"  
  
#*****Exchange Correlation ******  
exchange_correlation_type="AUTO_XC"  
#AUTO_XC: XC will be determined from pseudopotential  
  
#****  LATTICE and ATOMS  ****   
bravais_lattice_type="None"  
crds_units = "Angstrom"  
lattice_units = "Angstrom"  
lattice_vector="  
 2.187153717869e+01  0.000000000000e+00  -0.000000000000e+00   
 0.000000000000e+00  2.187153717869e+01  0.000000000000e+00   
 -0.000000000000e+00  0.000000000000e+00  2.187153717869e+01   
"  
atomic_coordinate_type = "Cell Relative"  
atoms="  
Si  0.000000000000e+00 0.000000000000e+00 0.000000000000e+00  1 1 1   0.00   0.00   0.00  
Si  1.250000000000e-01 1.250000000000e-01 0.000000000000e+00  1 1 1   0.00   0.00   0.00  
Si  1.250000000000e-01 0.000000000000e+00 1.250000000000e-01  1 1 1   0.00   0.00   0.00  
Si  0.000000000000e+00 1.250000000000e-01 1.250000000000e-01  1 1 1   0.00   0.00   0.00  
Si  6.250000000000e-02 6.250000000000e-02 6.250000000000e-02  1 1 1   0.00   0.00   0.00  
Si  1.875000000000e-01 1.875000000000e-01 6.250000000000e-02  1 1 1   0.00   0.00   0.00  
Si  1.875000000000e-01 6.250000000000e-02 1.875000000000e-01  1 1 1   0.00   0.00   0.00  
Si  6.250000000000e-02 1.875000000000e-01 1.875000000000e-01  1 1 1   0.00   0.00   0.00  
Si  0.000000000000e+00 0.000000000000e+00 2.500000000000e-01  1 1 1   0.00   0.00   0.00  
Si  1.250000000000e-01 1.250000000000e-01 2.500000000000e-01  1 1 1   0.00   0.00   0.00  
Si  1.250000000000e-01 0.000000000000e+00 3.750000000000e-01  1 1 1   0.00   0.00   0.00  
Si  0.000000000000e+00 1.250000000000e-01 3.750000000000e-01  1 1 1   0.00   0.00   0.00  
Si  6.250000000000e-02 6.250000000000e-02 3.125000000000e-01  1 1 1   0.00   0.00   0.00  
Si  1.875000000000e-01 1.875000000000e-01 3.125000000000e-01  1 1 1   0.00   0.00   0.00  
Si  1.875000000000e-01 6.250000000000e-02 4.375000000000e-01  1 1 1   0.00   0.00   0.00  
Si  6.250000000000e-02 1.875000000000e-01 4.375000000000e-01  1 1 1   0.00   0.00   0.00  
Si  0.000000000000e+00 0.000000000000e+00 5.000000000000e-01  1 1 1   0.00   0.00   0.00  
Si  1.250000000000e-01 1.250000000000e-01 5.000000000000e-01  1 1 1   0.00   0.00   0.00  
Si  1.250000000000e-01 0.000000000000e+00 6.250000000000e-01  1 1 1   0.00   0.00   0.00  
Si  0.000000000000e+00 1.250000000000e-01 6.250000000000e-01  1 1 1   0.00   0.00   0.00  
Si  6.250000000000e-02 6.250000000000e-02 5.625000000000e-01  1 1 1   0.00   0.00   0.00  
Si  1.875000000000e-01 1.875000000000e-01 5.625000000000e-01  1 1 1   0.00   0.00   0.00  
Si  1.875000000000e-01 6.250000000000e-02 6.875000000000e-01  1 1 1   0.00   0.00   0.00  
Si  6.250000000000e-02 1.875000000000e-01 6.875000000000e-01  1 1 1   0.00   0.00   0.00  
Si  0.000000000000e+00 0.000000000000e+00 7.500000000000e-01  1 1 1   0.00   0.00   0.00  
Si  1.250000000000e-01 1.250000000000e-01 7.500000000000e-01  1 1 1   0.00   0.00   0.00  
Si  1.250000000000e-01 0.000000000000e+00 8.750000000000e-01  1 1 1   0.00   0.00   0.00  
Si  0.000000000000e+00 1.250000000000e-01 8.750000000000e-01  1 1 1   0.00   0.00   0.00  
Si  6.250000000000e-02 6.250000000000e-02 8.125000000000e-01  1 1 1   0.00   0.00   0.00  
Si  1.875000000000e-01 1.875000000000e-01 8.125000000000e-01  1 1 1   0.00   0.00   0.00  
Si  1.875000000000e-01 6.250000000000e-02 9.375000000000e-01  1 1 1   0.00   0.00   0.00  
Si  6.250000000000e-02 1.875000000000e-01 9.375000000000e-01  1 1 1   0.00   0.00   0.00  
Si  0.000000000000e+00 2.500000000000e-01 0.000000000000e+00  1 1 1   0.00   0.00   0.00  
Si  1.250000000000e-01 3.750000000000e-01 0.000000000000e+00  1 1 1   0.00   0.00   0.00  
Si  1.250000000000e-01 2.500000000000e-01 1.250000000000e-01  1 1 1   0.00   0.00   0.00  
Si  0.000000000000e+00 3.750000000000e-01 1.250000000000e-01  1 1 1   0.00   0.00   0.00  
Si  6.250000000000e-02 3.125000000000e-01 6.250000000000e-02  1 1 1   0.00   0.00   0.00  
Si  1.875000000000e-01 4.375000000000e-01 6.250000000000e-02  1 1 1   0.00   0.00   0.00  
Si  1.875000000000e-01 3.125000000000e-01 1.875000000000e-01  1 1 1   0.00   0.00   0.00  
Si  6.250000000000e-02 4.375000000000e-01 1.875000000000e-01  1 1 1   0.00   0.00   0.00  
Si  0.000000000000e+00 2.500000000000e-01 2.500000000000e-01  1 1 1   0.00   0.00   0.00  
Si  1.250000000000e-01 3.750000000000e-01 2.500000000000e-01  1 1 1   0.00   0.00   0.00  
Si  1.250000000000e-01 2.500000000000e-01 3.750000000000e-01  1 1 1   0.00   0.00   0.00  
Si  0.000000000000e+00 3.750000000000e-01 3.750000000000e-01  1 1 1   0.00   0.00   0.00  
Si  6.250000000000e-02 3.125000000000e-01 3.125000000000e-01  1 1 1   0.00   0.00   0.00  
Si  1.875000000000e-01 4.375000000000e-01 3.125000000000e-01  1 1 1   0.00   0.00   0.00  
Si  1.875000000000e-01 3.125000000000e-01 4.375000000000e-01  1 1 1   0.00   0.00   0.00  
Si  6.250000000000e-02 4.375000000000e-01 4.375000000000e-01  1 1 1   0.00   0.00   0.00  
Si  0.000000000000e+00 2.500000000000e-01 5.000000000000e-01  1 1 1   0.00   0.00   0.00  
Si  1.250000000000e-01 3.750000000000e-01 5.000000000000e-01  1 1 1   0.00   0.00   0.00  
Si  1.250000000000e-01 2.500000000000e-01 6.250000000000e-01  1 1 1   0.00   0.00   0.00  
Si  0.000000000000e+00 3.750000000000e-01 6.250000000000e-01  1 1 1   0.00   0.00   0.00  
Si  6.250000000000e-02 3.125000000000e-01 5.625000000000e-01  1 1 1   0.00   0.00   0.00  
Si  1.875000000000e-01 4.375000000000e-01 5.625000000000e-01  1 1 1   0.00   0.00   0.00  
Si  1.875000000000e-01 3.125000000000e-01 6.875000000000e-01  1 1 1   0.00   0.00   0.00  
Si  6.250000000000e-02 4.375000000000e-01 6.875000000000e-01  1 1 1   0.00   0.00   0.00  
Si  0.000000000000e+00 2.500000000000e-01 7.500000000000e-01  1 1 1   0.00   0.00   0.00  
Si  1.250000000000e-01 3.750000000000e-01 7.500000000000e-01  1 1 1   0.00   0.00   0.00  
Si  1.250000000000e-01 2.500000000000e-01 8.750000000000e-01  1 1 1   0.00   0.00   0.00  
Si  0.000000000000e+00 3.750000000000e-01 8.750000000000e-01  1 1 1   0.00   0.00   0.00  
Si  6.250000000000e-02 3.125000000000e-01 8.125000000000e-01  1 1 1   0.00   0.00   0.00  
Si  1.875000000000e-01 4.375000000000e-01 8.125000000000e-01  1 1 1   0.00   0.00   0.00  
Si  1.875000000000e-01 3.125000000000e-01 9.375000000000e-01  1 1 1   0.00   0.00   0.00  
Si  6.250000000000e-02 4.375000000000e-01 9.375000000000e-01  1 1 1   0.00   0.00   0.00  
Si  0.000000000000e+00 5.000000000000e-01 0.000000000000e+00  1 1 1   0.00   0.00   0.00  
Si  1.250000000000e-01 6.250000000000e-01 0.000000000000e+00  1 1 1   0.00   0.00   0.00  
Si  1.250000000000e-01 5.000000000000e-01 1.250000000000e-01  1 1 1   0.00   0.00   0.00  
Si  0.000000000000e+00 6.250000000000e-01 1.250000000000e-01  1 1 1   0.00   0.00   0.00  
Si  6.250000000000e-02 5.625000000000e-01 6.250000000000e-02  1 1 1   0.00   0.00   0.00  
Si  1.875000000000e-01 6.875000000000e-01 6.250000000000e-02  1 1 1   0.00   0.00   0.00  
Si  1.875000000000e-01 5.625000000000e-01 1.875000000000e-01  1 1 1   0.00   0.00   0.00  
Si  6.250000000000e-02 6.875000000000e-01 1.875000000000e-01  1 1 1   0.00   0.00   0.00  
Si  0.000000000000e+00 5.000000000000e-01 2.500000000000e-01  1 1 1   0.00   0.00   0.00  
Si  1.250000000000e-01 6.250000000000e-01 2.500000000000e-01  1 1 1   0.00   0.00   0.00  
Si  1.250000000000e-01 5.000000000000e-01 3.750000000000e-01  1 1 1   0.00   0.00   0.00  
Si  0.000000000000e+00 6.250000000000e-01 3.750000000000e-01  1 1 1   0.00   0.00   0.00  
Si  6.250000000000e-02 5.625000000000e-01 3.125000000000e-01  1 1 1   0.00   0.00   0.00  
Si  1.875000000000e-01 6.875000000000e-01 3.125000000000e-01  1 1 1   0.00   0.00   0.00  
Si  1.875000000000e-01 5.625000000000e-01 4.375000000000e-01  1 1 1   0.00   0.00   0.00  
Si  6.250000000000e-02 6.875000000000e-01 4.375000000000e-01  1 1 1   0.00   0.00   0.00  
Si  0.000000000000e+00 5.000000000000e-01 5.000000000000e-01  1 1 1   0.00   0.00   0.00  
Si  1.250000000000e-01 6.250000000000e-01 5.000000000000e-01  1 1 1   0.00   0.00   0.00  
Si  1.250000000000e-01 5.000000000000e-01 6.250000000000e-01  1 1 1   0.00   0.00   0.00  
Si  0.000000000000e+00 6.250000000000e-01 6.250000000000e-01  1 1 1   0.00   0.00   0.00  
Si  6.250000000000e-02 5.625000000000e-01 5.625000000000e-01  1 1 1   0.00   0.00   0.00  
Si  1.875000000000e-01 6.875000000000e-01 5.625000000000e-01  1 1 1   0.00   0.00   0.00  
Si  1.875000000000e-01 5.625000000000e-01 6.875000000000e-01  1 1 1   0.00   0.00   0.00  
Si  6.250000000000e-02 6.875000000000e-01 6.875000000000e-01  1 1 1   0.00   0.00   0.00  
Si  0.000000000000e+00 5.000000000000e-01 7.500000000000e-01  1 1 1   0.00   0.00   0.00  
Si  1.250000000000e-01 6.250000000000e-01 7.500000000000e-01  1 1 1   0.00   0.00   0.00  
Si  1.250000000000e-01 5.000000000000e-01 8.750000000000e-01  1 1 1   0.00   0.00   0.00  
Si  0.000000000000e+00 6.250000000000e-01 8.750000000000e-01  1 1 1   0.00   0.00   0.00  
Si  6.250000000000e-02 5.625000000000e-01 8.125000000000e-01  1 1 1   0.00   0.00   0.00  
Si  1.875000000000e-01 6.875000000000e-01 8.125000000000e-01  1 1 1   0.00   0.00   0.00  
Si  1.875000000000e-01 5.625000000000e-01 9.375000000000e-01  1 1 1   0.00   0.00   0.00  
Si  6.250000000000e-02 6.875000000000e-01 9.375000000000e-01  1 1 1   0.00   0.00   0.00  
Si  0.000000000000e+00 7.500000000000e-01 0.000000000000e+00  1 1 1   0.00   0.00   0.00  
Si  1.250000000000e-01 8.750000000000e-01 0.000000000000e+00  1 1 1   0.00   0.00   0.00  
Si  1.250000000000e-01 7.500000000000e-01 1.250000000000e-01  1 1 1   0.00   0.00   0.00  
Si  0.000000000000e+00 8.750000000000e-01 1.250000000000e-01  1 1 1   0.00   0.00   0.00  
Si  6.250000000000e-02 8.125000000000e-01 6.250000000000e-02  1 1 1   0.00   0.00   0.00  
Si  1.875000000000e-01 9.375000000000e-01 6.250000000000e-02  1 1 1   0.00   0.00   0.00  
Si  1.875000000000e-01 8.125000000000e-01 1.875000000000e-01  1 1 1   0.00   0.00   0.00  
Si  6.250000000000e-02 9.375000000000e-01 1.875000000000e-01  1 1 1   0.00   0.00   0.00  
Si  0.000000000000e+00 7.500000000000e-01 2.500000000000e-01  1 1 1   0.00   0.00   0.00  
Si  1.250000000000e-01 8.750000000000e-01 2.500000000000e-01  1 1 1   0.00   0.00   0.00  
Si  1.250000000000e-01 7.500000000000e-01 3.750000000000e-01  1 1 1   0.00   0.00   0.00  
Si  0.000000000000e+00 8.750000000000e-01 3.750000000000e-01  1 1 1   0.00   0.00   0.00  
Si  6.250000000000e-02 8.125000000000e-01 3.125000000000e-01  1 1 1   0.00   0.00   0.00  
Si  1.875000000000e-01 9.375000000000e-01 3.125000000000e-01  1 1 1   0.00   0.00   0.00  
Si  1.875000000000e-01 8.125000000000e-01 4.375000000000e-01  1 1 1   0.00   0.00   0.00  
Si  6.250000000000e-02 9.375000000000e-01 4.375000000000e-01  1 1 1   0.00   0.00   0.00  
Si  0.000000000000e+00 7.500000000000e-01 5.000000000000e-01  1 1 1   0.00   0.00   0.00  
Si  1.250000000000e-01 8.750000000000e-01 5.000000000000e-01  1 1 1   0.00   0.00   0.00  
Si  1.250000000000e-01 7.500000000000e-01 6.250000000000e-01  1 1 1   0.00   0.00   0.00  
Si  0.000000000000e+00 8.750000000000e-01 6.250000000000e-01  1 1 1   0.00   0.00   0.00  
Si  6.250000000000e-02 8.125000000000e-01 5.625000000000e-01  1 1 1   0.00   0.00   0.00  
Si  1.875000000000e-01 9.375000000000e-01 5.625000000000e-01  1 1 1   0.00   0.00   0.00  
Si  1.875000000000e-01 8.125000000000e-01 6.875000000000e-01  1 1 1   0.00   0.00   0.00  
Si  6.250000000000e-02 9.375000000000e-01 6.875000000000e-01  1 1 1   0.00   0.00   0.00  
Si  0.000000000000e+00 7.500000000000e-01 7.500000000000e-01  1 1 1   0.00   0.00   0.00  
Si  1.250000000000e-01 8.750000000000e-01 7.500000000000e-01  1 1 1   0.00   0.00   0.00  
Si  1.250000000000e-01 7.500000000000e-01 8.750000000000e-01  1 1 1   0.00   0.00   0.00  
Si  0.000000000000e+00 8.750000000000e-01 8.750000000000e-01  1 1 1   0.00   0.00   0.00  
Si  6.250000000000e-02 8.125000000000e-01 8.125000000000e-01  1 1 1   0.00   0.00   0.00  
Si  1.875000000000e-01 9.375000000000e-01 8.125000000000e-01  1 1 1   0.00   0.00   0.00  
Si  1.875000000000e-01 8.125000000000e-01 9.375000000000e-01  1 1 1   0.00   0.00   0.00  
Si  6.250000000000e-02 9.375000000000e-01 9.375000000000e-01  1 1 1   0.00   0.00   0.00  
Si  2.500000000000e-01 0.000000000000e+00 0.000000000000e+00  1 1 1   0.00   0.00   0.00  
Si  3.750000000000e-01 1.250000000000e-01 0.000000000000e+00  1 1 1   0.00   0.00   0.00  
Si  3.750000000000e-01 0.000000000000e+00 1.250000000000e-01  1 1 1   0.00   0.00   0.00  
Si  2.500000000000e-01 1.250000000000e-01 1.250000000000e-01  1 1 1   0.00   0.00   0.00  
Si  3.125000000000e-01 6.250000000000e-02 6.250000000000e-02  1 1 1   0.00   0.00   0.00  
Si  4.375000000000e-01 1.875000000000e-01 6.250000000000e-02  1 1 1   0.00   0.00   0.00  
Si  4.375000000000e-01 6.250000000000e-02 1.875000000000e-01  1 1 1   0.00   0.00   0.00  
Si  3.125000000000e-01 1.875000000000e-01 1.875000000000e-01  1 1 1   0.00   0.00   0.00  
Si  2.500000000000e-01 0.000000000000e+00 2.500000000000e-01  1 1 1   0.00   0.00   0.00  
Si  3.750000000000e-01 1.250000000000e-01 2.500000000000e-01  1 1 1   0.00   0.00   0.00  
Si  3.750000000000e-01 0.000000000000e+00 3.750000000000e-01  1 1 1   0.00   0.00   0.00  
Si  2.500000000000e-01 1.250000000000e-01 3.750000000000e-01  1 1 1   0.00   0.00   0.00  
Si  3.125000000000e-01 6.250000000000e-02 3.125000000000e-01  1 1 1   0.00   0.00   0.00  
Si  4.375000000000e-01 1.875000000000e-01 3.125000000000e-01  1 1 1   0.00   0.00   0.00  
Si  4.375000000000e-01 6.250000000000e-02 4.375000000000e-01  1 1 1   0.00   0.00   0.00  
Si  3.125000000000e-01 1.875000000000e-01 4.375000000000e-01  1 1 1   0.00   0.00   0.00  
Si  2.500000000000e-01 0.000000000000e+00 5.000000000000e-01  1 1 1   0.00   0.00   0.00  
Si  3.750000000000e-01 1.250000000000e-01 5.000000000000e-01  1 1 1   0.00   0.00   0.00  
Si  3.750000000000e-01 0.000000000000e+00 6.250000000000e-01  1 1 1   0.00   0.00   0.00  
Si  2.500000000000e-01 1.250000000000e-01 6.250000000000e-01  1 1 1   0.00   0.00   0.00  
Si  3.125000000000e-01 6.250000000000e-02 5.625000000000e-01  1 1 1   0.00   0.00   0.00  
Si  4.375000000000e-01 1.875000000000e-01 5.625000000000e-01  1 1 1   0.00   0.00   0.00  
Si  4.375000000000e-01 6.250000000000e-02 6.875000000000e-01  1 1 1   0.00   0.00   0.00  
Si  3.125000000000e-01 1.875000000000e-01 6.875000000000e-01  1 1 1   0.00   0.00   0.00  
Si  2.500000000000e-01 0.000000000000e+00 7.500000000000e-01  1 1 1   0.00   0.00   0.00  
Si  3.750000000000e-01 1.250000000000e-01 7.500000000000e-01  1 1 1   0.00   0.00   0.00  
Si  3.750000000000e-01 0.000000000000e+00 8.750000000000e-01  1 1 1   0.00   0.00   0.00  
Si  2.500000000000e-01 1.250000000000e-01 8.750000000000e-01  1 1 1   0.00   0.00   0.00  
Si  3.125000000000e-01 6.250000000000e-02 8.125000000000e-01  1 1 1   0.00   0.00   0.00  
Si  4.375000000000e-01 1.875000000000e-01 8.125000000000e-01  1 1 1   0.00   0.00   0.00  
Si  4.375000000000e-01 6.250000000000e-02 9.375000000000e-01  1 1 1   0.00   0.00   0.00  
Si  3.125000000000e-01 1.875000000000e-01 9.375000000000e-01  1 1 1   0.00   0.00   0.00  
Si  2.500000000000e-01 2.500000000000e-01 0.000000000000e+00  1 1 1   0.00   0.00   0.00  
Si  3.750000000000e-01 3.750000000000e-01 0.000000000000e+00  1 1 1   0.00   0.00   0.00  
Si  3.750000000000e-01 2.500000000000e-01 1.250000000000e-01  1 1 1   0.00   0.00   0.00  
Si  2.500000000000e-01 3.750000000000e-01 1.250000000000e-01  1 1 1   0.00   0.00   0.00  
Si  3.125000000000e-01 3.125000000000e-01 6.250000000000e-02  1 1 1   0.00   0.00   0.00  
Si  4.375000000000e-01 4.375000000000e-01 6.250000000000e-02  1 1 1   0.00   0.00   0.00  
Si  4.375000000000e-01 3.125000000000e-01 1.875000000000e-01  1 1 1   0.00   0.00   0.00  
Si  3.125000000000e-01 4.375000000000e-01 1.875000000000e-01  1 1 1   0.00   0.00   0.00  
Si  2.500000000000e-01 2.500000000000e-01 2.500000000000e-01  1 1 1   0.00   0.00   0.00  
Si  3.750000000000e-01 3.750000000000e-01 2.500000000000e-01  1 1 1   0.00   0.00   0.00  
Si  3.750000000000e-01 2.500000000000e-01 3.750000000000e-01  1 1 1   0.00   0.00   0.00  
Si  2.500000000000e-01 3.750000000000e-01 3.750000000000e-01  1 1 1   0.00   0.00   0.00  
Si  3.125000000000e-01 3.125000000000e-01 3.125000000000e-01  1 1 1   0.00   0.00   0.00  
Si  4.375000000000e-01 4.375000000000e-01 3.125000000000e-01  1 1 1   0.00   0.00   0.00  
Si  4.375000000000e-01 3.125000000000e-01 4.375000000000e-01  1 1 1   0.00   0.00   0.00  
Si  3.125000000000e-01 4.375000000000e-01 4.375000000000e-01  1 1 1   0.00   0.00   0.00  
Si  2.500000000000e-01 2.500000000000e-01 5.000000000000e-01  1 1 1   0.00   0.00   0.00  
Si  3.750000000000e-01 3.750000000000e-01 5.000000000000e-01  1 1 1   0.00   0.00   0.00  
Si  3.750000000000e-01 2.500000000000e-01 6.250000000000e-01  1 1 1   0.00   0.00   0.00  
Si  2.500000000000e-01 3.750000000000e-01 6.250000000000e-01  1 1 1   0.00   0.00   0.00  
Si  3.125000000000e-01 3.125000000000e-01 5.625000000000e-01  1 1 1   0.00   0.00   0.00  
Si  4.375000000000e-01 4.375000000000e-01 5.625000000000e-01  1 1 1   0.00   0.00   0.00  
Si  4.375000000000e-01 3.125000000000e-01 6.875000000000e-01  1 1 1   0.00   0.00   0.00  
Si  3.125000000000e-01 4.375000000000e-01 6.875000000000e-01  1 1 1   0.00   0.00   0.00  
Si  2.500000000000e-01 2.500000000000e-01 7.500000000000e-01  1 1 1   0.00   0.00   0.00  
Si  3.750000000000e-01 3.750000000000e-01 7.500000000000e-01  1 1 1   0.00   0.00   0.00  
Si  3.750000000000e-01 2.500000000000e-01 8.750000000000e-01  1 1 1   0.00   0.00   0.00  
Si  2.500000000000e-01 3.750000000000e-01 8.750000000000e-01  1 1 1   0.00   0.00   0.00  
Si  3.125000000000e-01 3.125000000000e-01 8.125000000000e-01  1 1 1   0.00   0.00   0.00  
Si  4.375000000000e-01 4.375000000000e-01 8.125000000000e-01  1 1 1   0.00   0.00   0.00  
Si  4.375000000000e-01 3.125000000000e-01 9.375000000000e-01  1 1 1   0.00   0.00   0.00  
Si  3.125000000000e-01 4.375000000000e-01 9.375000000000e-01  1 1 1   0.00   0.00   0.00  
Si  2.500000000000e-01 5.000000000000e-01 0.000000000000e+00  1 1 1   0.00   0.00   0.00  
Si  3.750000000000e-01 6.250000000000e-01 0.000000000000e+00  1 1 1   0.00   0.00   0.00  
Si  3.750000000000e-01 5.000000000000e-01 1.250000000000e-01  1 1 1   0.00   0.00   0.00  
Si  2.500000000000e-01 6.250000000000e-01 1.250000000000e-01  1 1 1   0.00   0.00   0.00  
Si  3.125000000000e-01 5.625000000000e-01 6.250000000000e-02  1 1 1   0.00   0.00   0.00  
Si  4.375000000000e-01 6.875000000000e-01 6.250000000000e-02  1 1 1   0.00   0.00   0.00  
Si  4.375000000000e-01 5.625000000000e-01 1.875000000000e-01  1 1 1   0.00   0.00   0.00  
Si  3.125000000000e-01 6.875000000000e-01 1.875000000000e-01  1 1 1   0.00   0.00   0.00  
Si  2.500000000000e-01 5.000000000000e-01 2.500000000000e-01  1 1 1   0.00   0.00   0.00  
Si  3.750000000000e-01 6.250000000000e-01 2.500000000000e-01  1 1 1   0.00   0.00   0.00  
Si  3.750000000000e-01 5.000000000000e-01 3.750000000000e-01  1 1 1   0.00   0.00   0.00  
Si  2.500000000000e-01 6.250000000000e-01 3.750000000000e-01  1 1 1   0.00   0.00   0.00  
Si  3.125000000000e-01 5.625000000000e-01 3.125000000000e-01  1 1 1   0.00   0.00   0.00  
Si  4.375000000000e-01 6.875000000000e-01 3.125000000000e-01  1 1 1   0.00   0.00   0.00  
Si  4.375000000000e-01 5.625000000000e-01 4.375000000000e-01  1 1 1   0.00   0.00   0.00  
Si  3.125000000000e-01 6.875000000000e-01 4.375000000000e-01  1 1 1   0.00   0.00   0.00  
Si  2.500000000000e-01 5.000000000000e-01 5.000000000000e-01  1 1 1   0.00   0.00   0.00  
Si  3.750000000000e-01 6.250000000000e-01 5.000000000000e-01  1 1 1   0.00   0.00   0.00  
Si  3.750000000000e-01 5.000000000000e-01 6.250000000000e-01  1 1 1   0.00   0.00   0.00  
Si  2.500000000000e-01 6.250000000000e-01 6.250000000000e-01  1 1 1   0.00   0.00   0.00  
Si  3.125000000000e-01 5.625000000000e-01 5.625000000000e-01  1 1 1   0.00   0.00   0.00  
Si  4.375000000000e-01 6.875000000000e-01 5.625000000000e-01  1 1 1   0.00   0.00   0.00  
Si  4.375000000000e-01 5.625000000000e-01 6.875000000000e-01  1 1 1   0.00   0.00   0.00  
Si  3.125000000000e-01 6.875000000000e-01 6.875000000000e-01  1 1 1   0.00   0.00   0.00  
Si  2.500000000000e-01 5.000000000000e-01 7.500000000000e-01  1 1 1   0.00   0.00   0.00  
Si  3.750000000000e-01 6.250000000000e-01 7.500000000000e-01  1 1 1   0.00   0.00   0.00  
Si  3.750000000000e-01 5.000000000000e-01 8.750000000000e-01  1 1 1   0.00   0.00   0.00  
Si  2.500000000000e-01 6.250000000000e-01 8.750000000000e-01  1 1 1   0.00   0.00   0.00  
Si  3.125000000000e-01 5.625000000000e-01 8.125000000000e-01  1 1 1   0.00   0.00   0.00  
Si  4.375000000000e-01 6.875000000000e-01 8.125000000000e-01  1 1 1   0.00   0.00   0.00  
Si  4.375000000000e-01 5.625000000000e-01 9.375000000000e-01  1 1 1   0.00   0.00   0.00  
Si  3.125000000000e-01 6.875000000000e-01 9.375000000000e-01  1 1 1   0.00   0.00   0.00  
Si  2.500000000000e-01 7.500000000000e-01 0.000000000000e+00  1 1 1   0.00   0.00   0.00  
Si  3.750000000000e-01 8.750000000000e-01 0.000000000000e+00  1 1 1   0.00   0.00   0.00  
Si  3.750000000000e-01 7.500000000000e-01 1.250000000000e-01  1 1 1   0.00   0.00   0.00  
Si  2.500000000000e-01 8.750000000000e-01 1.250000000000e-01  1 1 1   0.00   0.00   0.00  
Si  3.125000000000e-01 8.125000000000e-01 6.250000000000e-02  1 1 1   0.00   0.00   0.00  
Si  4.375000000000e-01 9.375000000000e-01 6.250000000000e-02  1 1 1   0.00   0.00   0.00  
Si  4.375000000000e-01 8.125000000000e-01 1.875000000000e-01  1 1 1   0.00   0.00   0.00  
Si  3.125000000000e-01 9.375000000000e-01 1.875000000000e-01  1 1 1   0.00   0.00   0.00  
Si  2.500000000000e-01 7.500000000000e-01 2.500000000000e-01  1 1 1   0.00   0.00   0.00  
Si  3.750000000000e-01 8.750000000000e-01 2.500000000000e-01  1 1 1   0.00   0.00   0.00  
Si  3.750000000000e-01 7.500000000000e-01 3.750000000000e-01  1 1 1   0.00   0.00   0.00  
Si  2.500000000000e-01 8.750000000000e-01 3.750000000000e-01  1 1 1   0.00   0.00   0.00  
Si  3.125000000000e-01 8.125000000000e-01 3.125000000000e-01  1 1 1   0.00   0.00   0.00  
Si  4.375000000000e-01 9.375000000000e-01 3.125000000000e-01  1 1 1   0.00   0.00   0.00  
Si  4.375000000000e-01 8.125000000000e-01 4.375000000000e-01  1 1 1   0.00   0.00   0.00  
Si  3.125000000000e-01 9.375000000000e-01 4.375000000000e-01  1 1 1   0.00   0.00   0.00  
Si  2.500000000000e-01 7.500000000000e-01 5.000000000000e-01  1 1 1   0.00   0.00   0.00  
Si  3.750000000000e-01 8.750000000000e-01 5.000000000000e-01  1 1 1   0.00   0.00   0.00  
Si  3.750000000000e-01 7.500000000000e-01 6.250000000000e-01  1 1 1   0.00   0.00   0.00  
Si  2.500000000000e-01 8.750000000000e-01 6.250000000000e-01  1 1 1   0.00   0.00   0.00  
Si  3.125000000000e-01 8.125000000000e-01 5.625000000000e-01  1 1 1   0.00   0.00   0.00  
Si  4.375000000000e-01 9.375000000000e-01 5.625000000000e-01  1 1 1   0.00   0.00   0.00  
Si  4.375000000000e-01 8.125000000000e-01 6.875000000000e-01  1 1 1   0.00   0.00   0.00  
Si  3.125000000000e-01 9.375000000000e-01 6.875000000000e-01  1 1 1   0.00   0.00   0.00  
Si  2.500000000000e-01 7.500000000000e-01 7.500000000000e-01  1 1 1   0.00   0.00   0.00  
Si  3.750000000000e-01 8.750000000000e-01 7.500000000000e-01  1 1 1   0.00   0.00   0.00  
Si  3.750000000000e-01 7.500000000000e-01 8.750000000000e-01  1 1 1   0.00   0.00   0.00  
Si  2.500000000000e-01 8.750000000000e-01 8.750000000000e-01  1 1 1   0.00   0.00   0.00  
Si  3.125000000000e-01 8.125000000000e-01 8.125000000000e-01  1 1 1   0.00   0.00   0.00  
Si  4.375000000000e-01 9.375000000000e-01 8.125000000000e-01  1 1 1   0.00   0.00   0.00  
Si  4.375000000000e-01 8.125000000000e-01 9.375000000000e-01  1 1 1   0.00   0.00   0.00  
Si  3.125000000000e-01 9.375000000000e-01 9.375000000000e-01  1 1 1   0.00   0.00   0.00  
Si  5.000000000000e-01 0.000000000000e+00 0.000000000000e+00  1 1 1   0.00   0.00   0.00  
Si  6.250000000000e-01 1.250000000000e-01 0.000000000000e+00  1 1 1   0.00   0.00   0.00  
Si  6.250000000000e-01 0.000000000000e+00 1.250000000000e-01  1 1 1   0.00   0.00   0.00  
Si  5.000000000000e-01 1.250000000000e-01 1.250000000000e-01  1 1 1   0.00   0.00   0.00  
Si  5.625000000000e-01 6.250000000000e-02 6.250000000000e-02  1 1 1   0.00   0.00   0.00  
Si  6.875000000000e-01 1.875000000000e-01 6.250000000000e-02  1 1 1   0.00   0.00   0.00  
Si  6.875000000000e-01 6.250000000000e-02 1.875000000000e-01  1 1 1   0.00   0.00   0.00  
Si  5.625000000000e-01 1.875000000000e-01 1.875000000000e-01  1 1 1   0.00   0.00   0.00  
Si  5.000000000000e-01 0.000000000000e+00 2.500000000000e-01  1 1 1   0.00   0.00   0.00  
Si  6.250000000000e-01 1.250000000000e-01 2.500000000000e-01  1 1 1   0.00   0.00   0.00  
Si  6.250000000000e-01 0.000000000000e+00 3.750000000000e-01  1 1 1   0.00   0.00   0.00  
Si  5.000000000000e-01 1.250000000000e-01 3.750000000000e-01  1 1 1   0.00   0.00   0.00  
Si  5.625000000000e-01 6.250000000000e-02 3.125000000000e-01  1 1 1   0.00   0.00   0.00  
Si  6.875000000000e-01 1.875000000000e-01 3.125000000000e-01  1 1 1   0.00   0.00   0.00  
Si  6.875000000000e-01 6.250000000000e-02 4.375000000000e-01  1 1 1   0.00   0.00   0.00  
Si  5.625000000000e-01 1.875000000000e-01 4.375000000000e-01  1 1 1   0.00   0.00   0.00  
Si  5.000000000000e-01 0.000000000000e+00 5.000000000000e-01  1 1 1   0.00   0.00   0.00  
Si  6.250000000000e-01 1.250000000000e-01 5.000000000000e-01  1 1 1   0.00   0.00   0.00  
Si  6.250000000000e-01 0.000000000000e+00 6.250000000000e-01  1 1 1   0.00   0.00   0.00  
Si  5.000000000000e-01 1.250000000000e-01 6.250000000000e-01  1 1 1   0.00   0.00   0.00  
Si  5.625000000000e-01 6.250000000000e-02 5.625000000000e-01  1 1 1   0.00   0.00   0.00  
Si  6.875000000000e-01 1.875000000000e-01 5.625000000000e-01  1 1 1   0.00   0.00   0.00  
Si  6.875000000000e-01 6.250000000000e-02 6.875000000000e-01  1 1 1   0.00   0.00   0.00  
Si  5.625000000000e-01 1.875000000000e-01 6.875000000000e-01  1 1 1   0.00   0.00   0.00  
Si  5.000000000000e-01 0.000000000000e+00 7.500000000000e-01  1 1 1   0.00   0.00   0.00  
Si  6.250000000000e-01 1.250000000000e-01 7.500000000000e-01  1 1 1   0.00   0.00   0.00  
Si  6.250000000000e-01 0.000000000000e+00 8.750000000000e-01  1 1 1   0.00   0.00   0.00  
Si  5.000000000000e-01 1.250000000000e-01 8.750000000000e-01  1 1 1   0.00   0.00   0.00  
Si  5.625000000000e-01 6.250000000000e-02 8.125000000000e-01  1 1 1   0.00   0.00   0.00  
Si  6.875000000000e-01 1.875000000000e-01 8.125000000000e-01  1 1 1   0.00   0.00   0.00  
Si  6.875000000000e-01 6.250000000000e-02 9.375000000000e-01  1 1 1   0.00   0.00   0.00  
Si  5.625000000000e-01 1.875000000000e-01 9.375000000000e-01  1 1 1   0.00   0.00   0.00  
Si  5.000000000000e-01 2.500000000000e-01 0.000000000000e+00  1 1 1   0.00   0.00   0.00  
Si  6.250000000000e-01 3.750000000000e-01 0.000000000000e+00  1 1 1   0.00   0.00   0.00  
Si  6.250000000000e-01 2.500000000000e-01 1.250000000000e-01  1 1 1   0.00   0.00   0.00  
Si  5.000000000000e-01 3.750000000000e-01 1.250000000000e-01  1 1 1   0.00   0.00   0.00  
Si  5.625000000000e-01 3.125000000000e-01 6.250000000000e-02  1 1 1   0.00   0.00   0.00  
Si  6.875000000000e-01 4.375000000000e-01 6.250000000000e-02  1 1 1   0.00   0.00   0.00  
Si  6.875000000000e-01 3.125000000000e-01 1.875000000000e-01  1 1 1   0.00   0.00   0.00  
Si  5.625000000000e-01 4.375000000000e-01 1.875000000000e-01  1 1 1   0.00   0.00   0.00  
Si  5.000000000000e-01 2.500000000000e-01 2.500000000000e-01  1 1 1   0.00   0.00   0.00  
Si  6.250000000000e-01 3.750000000000e-01 2.500000000000e-01  1 1 1   0.00   0.00   0.00  
Si  6.250000000000e-01 2.500000000000e-01 3.750000000000e-01  1 1 1   0.00   0.00   0.00  
Si  5.000000000000e-01 3.750000000000e-01 3.750000000000e-01  1 1 1   0.00   0.00   0.00  
Si  5.625000000000e-01 3.125000000000e-01 3.125000000000e-01  1 1 1   0.00   0.00   0.00  
Si  6.875000000000e-01 4.375000000000e-01 3.125000000000e-01  1 1 1   0.00   0.00   0.00  
Si  6.875000000000e-01 3.125000000000e-01 4.375000000000e-01  1 1 1   0.00   0.00   0.00  
Si  5.625000000000e-01 4.375000000000e-01 4.375000000000e-01  1 1 1   0.00   0.00   0.00  
Si  5.000000000000e-01 2.500000000000e-01 5.000000000000e-01  1 1 1   0.00   0.00   0.00  
Si  6.250000000000e-01 3.750000000000e-01 5.000000000000e-01  1 1 1   0.00   0.00   0.00  
Si  6.250000000000e-01 2.500000000000e-01 6.250000000000e-01  1 1 1   0.00   0.00   0.00  
Si  5.000000000000e-01 3.750000000000e-01 6.250000000000e-01  1 1 1   0.00   0.00   0.00  
Si  5.625000000000e-01 3.125000000000e-01 5.625000000000e-01  1 1 1   0.00   0.00   0.00  
Si  6.875000000000e-01 4.375000000000e-01 5.625000000000e-01  1 1 1   0.00   0.00   0.00  
Si  6.875000000000e-01 3.125000000000e-01 6.875000000000e-01  1 1 1   0.00   0.00   0.00  
Si  5.625000000000e-01 4.375000000000e-01 6.875000000000e-01  1 1 1   0.00   0.00   0.00  
Si  5.000000000000e-01 2.500000000000e-01 7.500000000000e-01  1 1 1   0.00   0.00   0.00  
Si  6.250000000000e-01 3.750000000000e-01 7.500000000000e-01  1 1 1   0.00   0.00   0.00  
Si  6.250000000000e-01 2.500000000000e-01 8.750000000000e-01  1 1 1   0.00   0.00   0.00  
Si  5.000000000000e-01 3.750000000000e-01 8.750000000000e-01  1 1 1   0.00   0.00   0.00  
Si  5.625000000000e-01 3.125000000000e-01 8.125000000000e-01  1 1 1   0.00   0.00   0.00  
Si  6.875000000000e-01 4.375000000000e-01 8.125000000000e-01  1 1 1   0.00   0.00   0.00  
Si  6.875000000000e-01 3.125000000000e-01 9.375000000000e-01  1 1 1   0.00   0.00   0.00  
Si  5.625000000000e-01 4.375000000000e-01 9.375000000000e-01  1 1 1   0.00   0.00   0.00  
Si  5.000000000000e-01 5.000000000000e-01 0.000000000000e+00  1 1 1   0.00   0.00   0.00  
Si  6.250000000000e-01 6.250000000000e-01 0.000000000000e+00  1 1 1   0.00   0.00   0.00  
Si  6.250000000000e-01 5.000000000000e-01 1.250000000000e-01  1 1 1   0.00   0.00   0.00  
Si  5.000000000000e-01 6.250000000000e-01 1.250000000000e-01  1 1 1   0.00   0.00   0.00  
Si  5.625000000000e-01 5.625000000000e-01 6.250000000000e-02  1 1 1   0.00   0.00   0.00  
Si  6.875000000000e-01 6.875000000000e-01 6.250000000000e-02  1 1 1   0.00   0.00   0.00  
Si  6.875000000000e-01 5.625000000000e-01 1.875000000000e-01  1 1 1   0.00   0.00   0.00  
Si  5.625000000000e-01 6.875000000000e-01 1.875000000000e-01  1 1 1   0.00   0.00   0.00  
Si  5.000000000000e-01 5.000000000000e-01 2.500000000000e-01  1 1 1   0.00   0.00   0.00  
Si  6.250000000000e-01 6.250000000000e-01 2.500000000000e-01  1 1 1   0.00   0.00   0.00  
Si  6.250000000000e-01 5.000000000000e-01 3.750000000000e-01  1 1 1   0.00   0.00   0.00  
Si  5.000000000000e-01 6.250000000000e-01 3.750000000000e-01  1 1 1   0.00   0.00   0.00  
Si  5.625000000000e-01 5.625000000000e-01 3.125000000000e-01  1 1 1   0.00   0.00   0.00  
Si  6.875000000000e-01 6.875000000000e-01 3.125000000000e-01  1 1 1   0.00   0.00   0.00  
Si  6.875000000000e-01 5.625000000000e-01 4.375000000000e-01  1 1 1   0.00   0.00   0.00  
Si  5.625000000000e-01 6.875000000000e-01 4.375000000000e-01  1 1 1   0.00   0.00   0.00  
Si  5.000000000000e-01 5.000000000000e-01 5.000000000000e-01  1 1 1   0.00   0.00   0.00  
Si  6.250000000000e-01 6.250000000000e-01 5.000000000000e-01  1 1 1   0.00   0.00   0.00  
Si  6.250000000000e-01 5.000000000000e-01 6.250000000000e-01  1 1 1   0.00   0.00   0.00  
Si  5.000000000000e-01 6.250000000000e-01 6.250000000000e-01  1 1 1   0.00   0.00   0.00  
Si  5.625000000000e-01 5.625000000000e-01 5.625000000000e-01  1 1 1   0.00   0.00   0.00  
Si  6.875000000000e-01 6.875000000000e-01 5.625000000000e-01  1 1 1   0.00   0.00   0.00  
Si  6.875000000000e-01 5.625000000000e-01 6.875000000000e-01  1 1 1   0.00   0.00   0.00  
Si  5.625000000000e-01 6.875000000000e-01 6.875000000000e-01  1 1 1   0.00   0.00   0.00  
Si  5.000000000000e-01 5.000000000000e-01 7.500000000000e-01  1 1 1   0.00   0.00   0.00  
Si  6.250000000000e-01 6.250000000000e-01 7.500000000000e-01  1 1 1   0.00   0.00   0.00  
Si  6.250000000000e-01 5.000000000000e-01 8.750000000000e-01  1 1 1   0.00   0.00   0.00  
Si  5.000000000000e-01 6.250000000000e-01 8.750000000000e-01  1 1 1   0.00   0.00   0.00  
Si  5.625000000000e-01 5.625000000000e-01 8.125000000000e-01  1 1 1   0.00   0.00   0.00  
Si  6.875000000000e-01 6.875000000000e-01 8.125000000000e-01  1 1 1   0.00   0.00   0.00  
Si  6.875000000000e-01 5.625000000000e-01 9.375000000000e-01  1 1 1   0.00   0.00   0.00  
Si  5.625000000000e-01 6.875000000000e-01 9.375000000000e-01  1 1 1   0.00   0.00   0.00  
Si  5.000000000000e-01 7.500000000000e-01 0.000000000000e+00  1 1 1   0.00   0.00   0.00  
Si  6.250000000000e-01 8.750000000000e-01 0.000000000000e+00  1 1 1   0.00   0.00   0.00  
Si  6.250000000000e-01 7.500000000000e-01 1.250000000000e-01  1 1 1   0.00   0.00   0.00  
Si  5.000000000000e-01 8.750000000000e-01 1.250000000000e-01  1 1 1   0.00   0.00   0.00  
Si  5.625000000000e-01 8.125000000000e-01 6.250000000000e-02  1 1 1   0.00   0.00   0.00  
Si  6.875000000000e-01 9.375000000000e-01 6.250000000000e-02  1 1 1   0.00   0.00   0.00  
Si  6.875000000000e-01 8.125000000000e-01 1.875000000000e-01  1 1 1   0.00   0.00   0.00  
Si  5.625000000000e-01 9.375000000000e-01 1.875000000000e-01  1 1 1   0.00   0.00   0.00  
Si  5.000000000000e-01 7.500000000000e-01 2.500000000000e-01  1 1 1   0.00   0.00   0.00  
Si  6.250000000000e-01 8.750000000000e-01 2.500000000000e-01  1 1 1   0.00   0.00   0.00  
Si  6.250000000000e-01 7.500000000000e-01 3.750000000000e-01  1 1 1   0.00   0.00   0.00  
Si  5.000000000000e-01 8.750000000000e-01 3.750000000000e-01  1 1 1   0.00   0.00   0.00  
Si  5.625000000000e-01 8.125000000000e-01 3.125000000000e-01  1 1 1   0.00   0.00   0.00  
Si  6.875000000000e-01 9.375000000000e-01 3.125000000000e-01  1 1 1   0.00   0.00   0.00  
Si  6.875000000000e-01 8.125000000000e-01 4.375000000000e-01  1 1 1   0.00   0.00   0.00  
Si  5.625000000000e-01 9.375000000000e-01 4.375000000000e-01  1 1 1   0.00   0.00   0.00  
Si  5.000000000000e-01 7.500000000000e-01 5.000000000000e-01  1 1 1   0.00   0.00   0.00  
Si  6.250000000000e-01 8.750000000000e-01 5.000000000000e-01  1 1 1   0.00   0.00   0.00  
Si  6.250000000000e-01 7.500000000000e-01 6.250000000000e-01  1 1 1   0.00   0.00   0.00  
Si  5.000000000000e-01 8.750000000000e-01 6.250000000000e-01  1 1 1   0.00   0.00   0.00  
Si  5.625000000000e-01 8.125000000000e-01 5.625000000000e-01  1 1 1   0.00   0.00   0.00  
Si  6.875000000000e-01 9.375000000000e-01 5.625000000000e-01  1 1 1   0.00   0.00   0.00  
Si  6.875000000000e-01 8.125000000000e-01 6.875000000000e-01  1 1 1   0.00   0.00   0.00  
Si  5.625000000000e-01 9.375000000000e-01 6.875000000000e-01  1 1 1   0.00   0.00   0.00  
Si  5.000000000000e-01 7.500000000000e-01 7.500000000000e-01  1 1 1   0.00   0.00   0.00  
Si  6.250000000000e-01 8.750000000000e-01 7.500000000000e-01  1 1 1   0.00   0.00   0.00  
Si  6.250000000000e-01 7.500000000000e-01 8.750000000000e-01  1 1 1   0.00   0.00   0.00  
Si  5.000000000000e-01 8.750000000000e-01 8.750000000000e-01  1 1 1   0.00   0.00   0.00  
Si  5.625000000000e-01 8.125000000000e-01 8.125000000000e-01  1 1 1   0.00   0.00   0.00  
Si  6.875000000000e-01 9.375000000000e-01 8.125000000000e-01  1 1 1   0.00   0.00   0.00  
Si  6.875000000000e-01 8.125000000000e-01 9.375000000000e-01  1 1 1   0.00   0.00   0.00  
Si  5.625000000000e-01 9.375000000000e-01 9.375000000000e-01  1 1 1   0.00   0.00   0.00  
Si  7.500000000000e-01 0.000000000000e+00 0.000000000000e+00  1 1 1   0.00   0.00   0.00  
Si  8.750000000000e-01 1.250000000000e-01 0.000000000000e+00  1 1 1   0.00   0.00   0.00  
Si  8.750000000000e-01 0.000000000000e+00 1.250000000000e-01  1 1 1   0.00   0.00   0.00  
Si  7.500000000000e-01 1.250000000000e-01 1.250000000000e-01  1 1 1   0.00   0.00   0.00  
Si  8.125000000000e-01 6.250000000000e-02 6.250000000000e-02  1 1 1   0.00   0.00   0.00  
Si  9.375000000000e-01 1.875000000000e-01 6.250000000000e-02  1 1 1   0.00   0.00   0.00  
Si  9.375000000000e-01 6.250000000000e-02 1.875000000000e-01  1 1 1   0.00   0.00   0.00  
Si  8.125000000000e-01 1.875000000000e-01 1.875000000000e-01  1 1 1   0.00   0.00   0.00  
Si  7.500000000000e-01 0.000000000000e+00 2.500000000000e-01  1 1 1   0.00   0.00   0.00  
Si  8.750000000000e-01 1.250000000000e-01 2.500000000000e-01  1 1 1   0.00   0.00   0.00  
Si  8.750000000000e-01 0.000000000000e+00 3.750000000000e-01  1 1 1   0.00   0.00   0.00  
Si  7.500000000000e-01 1.250000000000e-01 3.750000000000e-01  1 1 1   0.00   0.00   0.00  
Si  8.125000000000e-01 6.250000000000e-02 3.125000000000e-01  1 1 1   0.00   0.00   0.00  
Si  9.375000000000e-01 1.875000000000e-01 3.125000000000e-01  1 1 1   0.00   0.00   0.00  
Si  9.375000000000e-01 6.250000000000e-02 4.375000000000e-01  1 1 1   0.00   0.00   0.00  
Si  8.125000000000e-01 1.875000000000e-01 4.375000000000e-01  1 1 1   0.00   0.00   0.00  
Si  7.500000000000e-01 0.000000000000e+00 5.000000000000e-01  1 1 1   0.00   0.00   0.00  
Si  8.750000000000e-01 1.250000000000e-01 5.000000000000e-01  1 1 1   0.00   0.00   0.00  
Si  8.750000000000e-01 0.000000000000e+00 6.250000000000e-01  1 1 1   0.00   0.00   0.00  
Si  7.500000000000e-01 1.250000000000e-01 6.250000000000e-01  1 1 1   0.00   0.00   0.00  
Si  8.125000000000e-01 6.250000000000e-02 5.625000000000e-01  1 1 1   0.00   0.00   0.00  
Si  9.375000000000e-01 1.875000000000e-01 5.625000000000e-01  1 1 1   0.00   0.00   0.00  
Si  9.375000000000e-01 6.250000000000e-02 6.875000000000e-01  1 1 1   0.00   0.00   0.00  
Si  8.125000000000e-01 1.875000000000e-01 6.875000000000e-01  1 1 1   0.00   0.00   0.00  
Si  7.500000000000e-01 0.000000000000e+00 7.500000000000e-01  1 1 1   0.00   0.00   0.00  
Si  8.750000000000e-01 1.250000000000e-01 7.500000000000e-01  1 1 1   0.00   0.00   0.00  
Si  8.750000000000e-01 0.000000000000e+00 8.750000000000e-01  1 1 1   0.00   0.00   0.00  
Si  7.500000000000e-01 1.250000000000e-01 8.750000000000e-01  1 1 1   0.00   0.00   0.00  
Si  8.125000000000e-01 6.250000000000e-02 8.125000000000e-01  1 1 1   0.00   0.00   0.00  
Si  9.375000000000e-01 1.875000000000e-01 8.125000000000e-01  1 1 1   0.00   0.00   0.00  
Si  9.375000000000e-01 6.250000000000e-02 9.375000000000e-01  1 1 1   0.00   0.00   0.00  
Si  8.125000000000e-01 1.875000000000e-01 9.375000000000e-01  1 1 1   0.00   0.00   0.00  
Si  7.500000000000e-01 2.500000000000e-01 0.000000000000e+00  1 1 1   0.00   0.00   0.00  
Si  8.750000000000e-01 3.750000000000e-01 0.000000000000e+00  1 1 1   0.00   0.00   0.00  
Si  8.750000000000e-01 2.500000000000e-01 1.250000000000e-01  1 1 1   0.00   0.00   0.00  
Si  7.500000000000e-01 3.750000000000e-01 1.250000000000e-01  1 1 1   0.00   0.00   0.00  
Si  8.125000000000e-01 3.125000000000e-01 6.250000000000e-02  1 1 1   0.00   0.00   0.00  
Si  9.375000000000e-01 4.375000000000e-01 6.250000000000e-02  1 1 1   0.00   0.00   0.00  
Si  9.375000000000e-01 3.125000000000e-01 1.875000000000e-01  1 1 1   0.00   0.00   0.00  
Si  8.125000000000e-01 4.375000000000e-01 1.875000000000e-01  1 1 1   0.00   0.00   0.00  
Si  7.500000000000e-01 2.500000000000e-01 2.500000000000e-01  1 1 1   0.00   0.00   0.00  
Si  8.750000000000e-01 3.750000000000e-01 2.500000000000e-01  1 1 1   0.00   0.00   0.00  
Si  8.750000000000e-01 2.500000000000e-01 3.750000000000e-01  1 1 1   0.00   0.00   0.00  
Si  7.500000000000e-01 3.750000000000e-01 3.750000000000e-01  1 1 1   0.00   0.00   0.00  
Si  8.125000000000e-01 3.125000000000e-01 3.125000000000e-01  1 1 1   0.00   0.00   0.00  
Si  9.375000000000e-01 4.375000000000e-01 3.125000000000e-01  1 1 1   0.00   0.00   0.00  
Si  9.375000000000e-01 3.125000000000e-01 4.375000000000e-01  1 1 1   0.00   0.00   0.00  
Si  8.125000000000e-01 4.375000000000e-01 4.375000000000e-01  1 1 1   0.00   0.00   0.00  
Si  7.500000000000e-01 2.500000000000e-01 5.000000000000e-01  1 1 1   0.00   0.00   0.00  
Si  8.750000000000e-01 3.750000000000e-01 5.000000000000e-01  1 1 1   0.00   0.00   0.00  
Si  8.750000000000e-01 2.500000000000e-01 6.250000000000e-01  1 1 1   0.00   0.00   0.00  
Si  7.500000000000e-01 3.750000000000e-01 6.250000000000e-01  1 1 1   0.00   0.00   0.00  
Si  8.125000000000e-01 3.125000000000e-01 5.625000000000e-01  1 1 1   0.00   0.00   0.00  
Si  9.375000000000e-01 4.375000000000e-01 5.625000000000e-01  1 1 1   0.00   0.00   0.00  
Si  9.375000000000e-01 3.125000000000e-01 6.875000000000e-01  1 1 1   0.00   0.00   0.00  
Si  8.125000000000e-01 4.375000000000e-01 6.875000000000e-01  1 1 1   0.00   0.00   0.00  
Si  7.500000000000e-01 2.500000000000e-01 7.500000000000e-01  1 1 1   0.00   0.00   0.00  
Si  8.750000000000e-01 3.750000000000e-01 7.500000000000e-01  1 1 1   0.00   0.00   0.00  
Si  8.750000000000e-01 2.500000000000e-01 8.750000000000e-01  1 1 1   0.00   0.00   0.00  
Si  7.500000000000e-01 3.750000000000e-01 8.750000000000e-01  1 1 1   0.00   0.00   0.00  
Si  8.125000000000e-01 3.125000000000e-01 8.125000000000e-01  1 1 1   0.00   0.00   0.00  
Si  9.375000000000e-01 4.375000000000e-01 8.125000000000e-01  1 1 1   0.00   0.00   0.00  
Si  9.375000000000e-01 3.125000000000e-01 9.375000000000e-01  1 1 1   0.00   0.00   0.00  
Si  8.125000000000e-01 4.375000000000e-01 9.375000000000e-01  1 1 1   0.00   0.00   0.00  
Si  7.500000000000e-01 5.000000000000e-01 0.000000000000e+00  1 1 1   0.00   0.00   0.00  
Si  8.750000000000e-01 6.250000000000e-01 0.000000000000e+00  1 1 1   0.00   0.00   0.00  
Si  8.750000000000e-01 5.000000000000e-01 1.250000000000e-01  1 1 1   0.00   0.00   0.00  
Si  7.500000000000e-01 6.250000000000e-01 1.250000000000e-01  1 1 1   0.00   0.00   0.00  
Si  8.125000000000e-01 5.625000000000e-01 6.250000000000e-02  1 1 1   0.00   0.00   0.00  
Si  9.375000000000e-01 6.875000000000e-01 6.250000000000e-02  1 1 1   0.00   0.00   0.00  
Si  9.375000000000e-01 5.625000000000e-01 1.875000000000e-01  1 1 1   0.00   0.00   0.00  
Si  8.125000000000e-01 6.875000000000e-01 1.875000000000e-01  1 1 1   0.00   0.00   0.00  
Si  7.500000000000e-01 5.000000000000e-01 2.500000000000e-01  1 1 1   0.00   0.00   0.00  
Si  8.750000000000e-01 6.250000000000e-01 2.500000000000e-01  1 1 1   0.00   0.00   0.00  
Si  8.750000000000e-01 5.000000000000e-01 3.750000000000e-01  1 1 1   0.00   0.00   0.00  
Si  7.500000000000e-01 6.250000000000e-01 3.750000000000e-01  1 1 1   0.00   0.00   0.00  
Si  8.125000000000e-01 5.625000000000e-01 3.125000000000e-01  1 1 1   0.00   0.00   0.00  
Si  9.375000000000e-01 6.875000000000e-01 3.125000000000e-01  1 1 1   0.00   0.00   0.00  
Si  9.375000000000e-01 5.625000000000e-01 4.375000000000e-01  1 1 1   0.00   0.00   0.00  
Si  8.125000000000e-01 6.875000000000e-01 4.375000000000e-01  1 1 1   0.00   0.00   0.00  
Si  7.500000000000e-01 5.000000000000e-01 5.000000000000e-01  1 1 1   0.00   0.00   0.00  
Si  8.750000000000e-01 6.250000000000e-01 5.000000000000e-01  1 1 1   0.00   0.00   0.00  
Si  8.750000000000e-01 5.000000000000e-01 6.250000000000e-01  1 1 1   0.00   0.00   0.00  
Si  7.500000000000e-01 6.250000000000e-01 6.250000000000e-01  1 1 1   0.00   0.00   0.00  
Si  8.125000000000e-01 5.625000000000e-01 5.625000000000e-01  1 1 1   0.00   0.00   0.00  
Si  9.375000000000e-01 6.875000000000e-01 5.625000000000e-01  1 1 1   0.00   0.00   0.00  
Si  9.375000000000e-01 5.625000000000e-01 6.875000000000e-01  1 1 1   0.00   0.00   0.00  
Si  8.125000000000e-01 6.875000000000e-01 6.875000000000e-01  1 1 1   0.00   0.00   0.00  
Si  7.500000000000e-01 5.000000000000e-01 7.500000000000e-01  1 1 1   0.00   0.00   0.00  
Si  8.750000000000e-01 6.250000000000e-01 7.500000000000e-01  1 1 1   0.00   0.00   0.00  
Si  8.750000000000e-01 5.000000000000e-01 8.750000000000e-01  1 1 1   0.00   0.00   0.00  
Si  7.500000000000e-01 6.250000000000e-01 8.750000000000e-01  1 1 1   0.00   0.00   0.00  
Si  8.125000000000e-01 5.625000000000e-01 8.125000000000e-01  1 1 1   0.00   0.00   0.00  
Si  9.375000000000e-01 6.875000000000e-01 8.125000000000e-01  1 1 1   0.00   0.00   0.00  
Si  9.375000000000e-01 5.625000000000e-01 9.375000000000e-01  1 1 1   0.00   0.00   0.00  
Si  8.125000000000e-01 6.875000000000e-01 9.375000000000e-01  1 1 1   0.00   0.00   0.00  
Si  7.500000000000e-01 7.500000000000e-01 0.000000000000e+00  1 1 1   0.00   0.00   0.00  
Si  8.750000000000e-01 8.750000000000e-01 0.000000000000e+00  1 1 1   0.00   0.00   0.00  
Si  8.750000000000e-01 7.500000000000e-01 1.250000000000e-01  1 1 1   0.00   0.00   0.00  
Si  7.500000000000e-01 8.750000000000e-01 1.250000000000e-01  1 1 1   0.00   0.00   0.00  
Si  8.125000000000e-01 8.125000000000e-01 6.250000000000e-02  1 1 1   0.00   0.00   0.00  
Si  9.375000000000e-01 9.375000000000e-01 6.250000000000e-02  1 1 1   0.00   0.00   0.00  
Si  9.375000000000e-01 8.125000000000e-01 1.875000000000e-01  1 1 1   0.00   0.00   0.00  
Si  8.125000000000e-01 9.375000000000e-01 1.875000000000e-01  1 1 1   0.00   0.00   0.00  
Si  7.500000000000e-01 7.500000000000e-01 2.500000000000e-01  1 1 1   0.00   0.00   0.00  
Si  8.750000000000e-01 8.750000000000e-01 2.500000000000e-01  1 1 1   0.00   0.00   0.00  
Si  8.750000000000e-01 7.500000000000e-01 3.750000000000e-01  1 1 1   0.00   0.00   0.00  
Si  7.500000000000e-01 8.750000000000e-01 3.750000000000e-01  1 1 1   0.00   0.00   0.00  
Si  8.125000000000e-01 8.125000000000e-01 3.125000000000e-01  1 1 1   0.00   0.00   0.00  
Si  9.375000000000e-01 9.375000000000e-01 3.125000000000e-01  1 1 1   0.00   0.00   0.00  
Si  9.375000000000e-01 8.125000000000e-01 4.375000000000e-01  1 1 1   0.00   0.00   0.00  
Si  8.125000000000e-01 9.375000000000e-01 4.375000000000e-01  1 1 1   0.00   0.00   0.00  
Si  7.500000000000e-01 7.500000000000e-01 5.000000000000e-01  1 1 1   0.00   0.00   0.00  
Si  8.750000000000e-01 8.750000000000e-01 5.000000000000e-01  1 1 1   0.00   0.00   0.00  
Si  8.750000000000e-01 7.500000000000e-01 6.250000000000e-01  1 1 1   0.00   0.00   0.00  
Si  7.500000000000e-01 8.750000000000e-01 6.250000000000e-01  1 1 1   0.00   0.00   0.00  
Si  8.125000000000e-01 8.125000000000e-01 5.625000000000e-01  1 1 1   0.00   0.00   0.00  
Si  9.375000000000e-01 9.375000000000e-01 5.625000000000e-01  1 1 1   0.00   0.00   0.00  
Si  9.375000000000e-01 8.125000000000e-01 6.875000000000e-01  1 1 1   0.00   0.00   0.00  
Si  8.125000000000e-01 9.375000000000e-01 6.875000000000e-01  1 1 1   0.00   0.00   0.00  
Si  7.500000000000e-01 7.500000000000e-01 7.500000000000e-01  1 1 1   0.00   0.00   0.00  
Si  8.750000000000e-01 8.750000000000e-01 7.500000000000e-01  1 1 1   0.00   0.00   0.00  
Si  8.750000000000e-01 7.500000000000e-01 8.750000000000e-01  1 1 1   0.00   0.00   0.00  
Si  7.500000000000e-01 8.750000000000e-01 8.750000000000e-01  1 1 1   0.00   0.00   0.00  
Si  8.125000000000e-01 8.125000000000e-01 8.125000000000e-01  1 1 1   0.00   0.00   0.00  
Si  9.375000000000e-01 9.375000000000e-01 8.125000000000e-01  1 1 1   0.00   0.00   0.00  
Si  9.375000000000e-01 8.125000000000e-01 9.375000000000e-01  1 1 1   0.00   0.00   0.00  
Si  8.125000000000e-01 9.375000000000e-01 9.375000000000e-01  1 1 1   0.00   0.00   0.00  
"  
