description="8103788.cif"  
#******** REAL SPACE GRID ********   
wavefunction_grid="28 48 48"  
potential_grid_refinement="2"  
  
#******* CONTROL OPTIONS *******  
start_mode          ="LCAO Start"  
calculation_mode    ="Quench Electrons  "  
kohn_sham_solver    ="davidson"  
subdiag_driver      ="auto"  
#auto: if cuda available, use cusolver, otherwise use lapack for n<128 and scaplack for large system  
cube_rho = "True"  
  
#********* K POINT SETUP *********  
kpoint_mesh="3  2  2  "  
kpoint_is_shift="0 0 0"   
kpoint_distribution = "1"   
  
#******* Pseudopotentials *******   
internal_pseudo_type = "sg15"  
#use Optimized Norm-Conserving Vanderbilt (ONCV) pseudopotenitals  
#those pseudopotentials are built in with RMG  
write_pseudopotential_plots ="False"  
  
#*****Exchange Correlation ******  
exchange_correlation_type="AUTO_XC"  
#AUTO_XC: XC will be determined from pseudopotential  
  
#****  LATTICE and ATOMS  ****   
bravais_lattice_type="Orthorhombic Primitive"  
crds_units = "Bohr"  
lattice_units = "Bohr"  
a_length="      9.13493597"  
b_length="     15.70286800"  
c_length="     16.88526962"  
atomic_coordinate_type = "Absolute"  
atoms="  
Al  2.882985791311e+00 1.032620599717e+01 6.304959676605e+00  1 1 1   0.00   0.00   0.00  
Al  7.450453775011e+00 1.322809600367e+01 6.304959676605e+00  1 1 1   0.00   0.00   0.00  
Al  6.251950176089e+00 5.376662003392e+00 1.474759448727e+01  1 1 1   0.00   0.00   0.00  
Al  1.684482192389e+00 2.474771996888e+00 1.474759448727e+01  1 1 1   0.00   0.00   0.00  
O  8.950410260859e+00 5.073596650981e+00 8.722930286379e+00  1 1 1   0.00   0.00   0.00  
O  4.382942277159e+00 2.777837349299e+00 8.722930286379e+00  1 1 1   0.00   0.00   0.00  
O  1.845257065415e-01 1.062927134958e+01 2.802954757141e-01  1 1 1   0.00   0.00   0.00  
O  4.751993690241e+00 1.292503065126e+01 2.802954757141e-01  1 1 1   0.00   0.00   0.00  
O  1.410434113367e+00 7.777630520677e+00 4.484727611425e+00  1 1 1   0.00   0.00   0.00  
O  5.977902097067e+00 7.380347960263e-02 4.484727611425e+00  1 1 1   0.00   0.00   0.00  
O  7.724501854033e+00 7.925237479883e+00 1.292736242209e+01  1 1 1   0.00   0.00   0.00  
O  3.157033870333e+00 1.562906452096e+01 1.292736242209e+01  1 1 1   0.00   0.00   0.00  
O  1.496302511460e+00 1.320611198847e+01 4.572531013456e+00  1 1 1   0.00   0.00   0.00  
O  6.063770495160e+00 1.034819001237e+01 4.572531013456e+00  1 1 1   0.00   0.00   0.00  
O  7.638633455940e+00 2.496756012089e+00 1.301516582412e+01  1 1 1   0.00   0.00   0.00  
O  3.071165472240e+00 5.354677988191e+00 1.301516582412e+01  1 1 1   0.00   0.00   0.00  
O  4.645114939423e+00 7.991189525485e+00 8.527061158772e+00  1 1 1   0.00   0.00   0.00  
O  7.764695572290e-02 1.556311247536e+01 8.527061158772e+00  1 1 1   0.00   0.00   0.00  
O  4.489821027977e+00 7.711678475075e+00 8.442634810665e-02  1 1 1   0.00   0.00   0.00  
O  9.057289011677e+00 1.397555252050e-01 8.442634810665e-02  1 1 1   0.00   0.00   0.00  
Al  1.624191615004e+00 1.316371424487e+01 1.091801533715e+01  1 1 1   0.00   0.00   0.00  
Al  6.191659598704e+00 1.039058775597e+01 1.091801533715e+01  1 1 1   0.00   0.00   0.00  
Al  7.510744352396e+00 2.539153755691e+00 2.475380526487e+00  1 1 1   0.00   0.00   0.00  
Al  2.943276368696e+00 5.312280244589e+00 2.475380526487e+00  1 1 1   0.00   0.00   0.00  
Al  2.866542906570e+00 5.499144373796e+00 9.646554534666e+00  1 1 1   0.00   0.00   0.00  
Al  7.434010890270e+00 2.352289626484e+00 9.646554534666e+00  1 1 1   0.00   0.00   0.00  
Al  6.268393060830e+00 1.020372362676e+01 1.203919724001e+00  1 1 1   0.00   0.00   0.00  
Al  1.700925077130e+00 1.335057837408e+01 1.203919724001e+00  1 1 1   0.00   0.00   0.00  
O  4.381115289965e+00 1.339297611768e+01 8.403798690536e+00  1 1 1   0.00   0.00   0.00  
O  8.948583273665e+00 1.016132588316e+01 8.403798690536e+00  1 1 1   0.00   0.00   0.00  
O  4.753820677435e+00 2.309891882882e+00 1.684643350120e+01  1 1 1   0.00   0.00   0.00  
O  1.863526937350e-01 5.541542117398e+00 1.684643350120e+01  1 1 1   0.00   0.00   0.00  
O  1.486254081896e+00 2.562708057691e+00 4.101431991021e+00  1 1 1   0.00   0.00   0.00  
O  6.053722065596e+00 5.288725942589e+00 4.101431991021e+00  1 1 1   0.00   0.00   0.00  
O  7.648681885504e+00 1.314015994287e+01 1.254406680169e+01  1 1 1   0.00   0.00   0.00  
O  3.081213901804e+00 1.041414205797e+01 1.254406680169e+01  1 1 1   0.00   0.00   0.00  
Al  3.020923324419e+00 3.847202660137e-01 6.374189282052e+00  1 1 1   0.00   0.00   0.00  
Al  7.588391308119e+00 7.466713734266e+00 6.374189282052e+00  1 1 1   0.00   0.00   0.00  
Al  6.114012642981e+00 1.531814773455e+01 1.481682409272e+01  1 1 1   0.00   0.00   0.00  
Al  1.546544659281e+00 8.236154266294e+00 1.481682409272e+01  1 1 1   0.00   0.00   0.00  
"  
