calculation_mode = "Quench Electrons"
unoccupied_states_per_kpoint = "2560"
spinorbit="True"
ecutwfc="200"
cell_relax = "False"
charge_density_mixing = "0.1"
charge_mixing_type = "Broyden"
description = "Example parameters for high-throughput bulk relaxation of a vdW material"
dipole_moment = "True"
dos_broading = "0.05"
dos_method = "Gaussian"
energy_convergence_criterion = "2.928e-08"
energy_output_units = "Hartrees"
kohn_sham_mucycles = "3"
kohn_sham_solver = "multigrid"
kpoint_distribution = "1"
kpoint_mesh = "1 1 1"
localize_projectors = "False"
max_md_steps = "100"
max_scf_steps = "200"
#non_local_block_size = "4000"
#potential_acceleration_constant_step = "1.5"
#processor_grid = "8 8 16"
processor_grid = "8 8 28"
pseudopotential = "Bi Bi.upf
Se Se.upf
Nb Nb.upf"
rms_convergence_criterion = "2.928e-05"
scalapack_block_factor = "64"
#start_mode = "LCAO Start"
start_mode="Restart From File"
state_block_size = "64"
#stress = "True"
subdiag_driver = "scalapack"
use_async_allreduce = "False"
vdw_corr = "DFT-D3"
vdwdf_kernel_filepath = "/lustre/orion/world-shared/cph162/rjmorelock/rmgdft/XC/vdW_kernel_table"
wavefunction_grid = "136 232 448"
write_data_period = "25"

atomic_coordinate_type = "Absolute"
crds_units = "Angstrom"
lattice_units = "Angstrom"

lattice_vector = "
1.509742691380e+01 0.000000000000e+00 0.000000000000e+00
0.000000000000e+00 2.614929375904e+01 0.000000000000e+00
0.000000000000e+00 0.000000000000e+00 4.998925800348e+01
"
atoms = "
Nb 1.103408871222e+01 3.334950325083e+00 1.792322913709e+01 1 1 1 0.0 0.0 0.0
Nb 1.059453440381e+01 6.711234579250e+00 1.790431898810e+01 1 1 1 0.0 0.0 0.0
Nb 1.023342797668e+01 1.021376316801e+01 1.787190624659e+01 1 1 1 0.0 0.0 0.0
Nb 9.820325228076e+00 1.358603414192e+01 1.789105182654e+01 1 1 1 0.0 0.0 0.0
Nb 9.429486077609e+00 1.710960265935e+01 1.793154023621e+01 1 1 1 0.0 0.0 0.0
Nb 9.006834325547e+00 2.045862862300e+01 1.793610375497e+01 1 1 1 0.0 0.0 0.0
Nb 8.642624538439e+00 2.393848545921e+01 1.791744073176e+01 1 1 1 0.0 0.0 0.0
Nb 8.212455347295e+00 1.192369377144e+00 1.791435457004e+01 1 1 1 0.0 0.0 0.0
Nb 7.816041420345e+00 4.707929008581e+00 1.792629302045e+01 1 1 1 0.0 0.0 0.0
Nb 7.385912552507e+00 8.067737911196e+00 1.791786968283e+01 1 1 1 0.0 0.0 0.0
Nb 7.033052453201e+00 1.158145902212e+01 1.790210432840e+01 1 1 1 0.0 0.0 0.0
Nb 6.588140965994e+00 1.499173979239e+01 1.792056144875e+01 1 1 1 0.0 0.0 0.0
Nb 6.225235759559e+00 1.847787182409e+01 1.792344821648e+01 1 1 1 0.0 0.0 0.0
Nb 5.810769374101e+00 2.182007859803e+01 1.789220596212e+01 1 1 1 0.0 0.0 0.0
Nb 5.454023949597e+00 2.534352090669e+01 1.787622507379e+01 1 1 1 0.0 0.0 0.0
Nb 5.015929164959e+00 2.604070870426e+00 1.791288980741e+01 1 1 1 0.0 0.0 0.0
Nb 4.667094093644e+00 6.097183437973e+00 1.793501825368e+01 1 1 1 0.0 0.0 0.0
Nb 4.244948499620e+00 9.446231891654e+00 1.792117931610e+01 1 1 1 0.0 0.0 0.0
Nb 3.878705401850e+00 1.299233013046e+01 1.791382645115e+01 1 1 1 0.0 0.0 0.0
Nb 3.471013173111e+00 1.635248781380e+01 1.791973709643e+01 1 1 1 0.0 0.0 0.0
Nb 3.082663431176e+00 1.982586302248e+01 1.790069258933e+01 1 1 1 0.0 0.0 0.0
Nb 2.662524741869e+00 2.321868168438e+01 1.786984647706e+01 1 1 1 0.0 0.0 0.0
Nb 2.287729822249e+00 6.005883958027e-01 1.788448156182e+01 1 1 1 0.0 0.0 0.0
Nb 1.871523025738e+00 3.944597759129e+00 1.792328470071e+01 1 1 1 0.0 0.0 0.0
Nb 1.481987926765e+00 7.439991609797e+00 1.792293957130e+01 1 1 1 0.0 0.0 0.0
Nb 1.043173355234e+00 1.082167072018e+01 1.790326073944e+01 1 1 1 0.0 0.0 0.0
Nb 6.817738168244e-01 1.432776606944e+01 1.790695413205e+01 1 1 1 0.0 0.0 0.0
Nb 2.439154685815e-01 1.770429919567e+01 1.792537161702e+01 1 1 1 0.0 0.0 0.0
Nb 1.495238583290e+01 2.120518606493e+01 1.791455391111e+01 1 1 1 0.0 0.0 0.0
Nb 1.452624495064e+01 2.461459020017e+01 1.790160213919e+01 1 1 1 0.0 0.0 0.0
Nb 1.418968340477e+01 1.955611724818e+00 1.791782015184e+01 1 1 1 0.0 0.0 0.0
Nb 1.375407739365e+01 5.322576109276e+00 1.791873308843e+01 1 1 1 0.0 0.0 0.0
Nb 1.338782794576e+01 8.847389463266e+00 1.788609502325e+01 1 1 1 0.0 0.0 0.0
Nb 1.297809489204e+01 1.220553547929e+01 1.787653908757e+01 1 1 1 0.0 0.0 0.0
Nb 1.262116198003e+01 1.572406464178e+01 1.791031938185e+01 1 1 1 0.0 0.0 0.0
Nb 1.217676432394e+01 1.911446649827e+01 1.793932162891e+01 1 1 1 0.0 0.0 0.0
Nb 1.181727924298e+01 2.261963689861e+01 1.793484420729e+01 1 1 1 0.0 0.0 0.0
Nb 1.141919412136e+01 2.596781967123e+01 1.792798771059e+01 1 1 1 0.0 0.0 0.0
Nb 1.098123750490e+01 3.348025977400e+00 1.147945560937e+01 1 1 1 0.0 0.0 0.0
Nb 1.057773413743e+01 6.712488411824e+00 1.148103525637e+01 1 1 1 0.0 0.0 0.0
Nb 1.024124545926e+01 1.019212399903e+01 1.147962865033e+01 1 1 1 0.0 0.0 0.0
Nb 9.808271946205e+00 1.362789433778e+01 1.147744214285e+01 1 1 1 0.0 0.0 0.0
Nb 9.401442593887e+00 1.705739392613e+01 1.147829718745e+01 1 1 1 0.0 0.0 0.0
Nb 9.068146759571e+00 2.053380809392e+01 1.147951974565e+01 1 1 1 0.0 0.0 0.0
Nb 8.656728805492e+00 2.393960308156e+01 1.148992215326e+01 1 1 1 0.0 0.0 0.0
Nb 8.238261099184e+00 1.239273267197e+00 1.148775337322e+01 1 1 1 0.0 0.0 0.0
Nb 7.868392078904e+00 4.730415178670e+00 1.148166307226e+01 1 1 1 0.0 0.0 0.0
Nb 7.451791839108e+00 8.100641835032e+00 1.148522533475e+01 1 1 1 0.0 0.0 0.0
Nb 7.058330297866e+00 1.160796408174e+01 1.148270528685e+01 1 1 1 0.0 0.0 0.0
Nb 6.632935132191e+00 1.505878427437e+01 1.147947465975e+01 1 1 1 0.0 0.0 0.0
Nb 6.249908913382e+00 1.842534013399e+01 1.147842879383e+01 1 1 1 0.0 0.0 0.0
Nb 5.867750069001e+00 2.192235739462e+01 1.148032578843e+01 1 1 1 0.0 0.0 0.0
Nb 5.426450639861e+00 2.536514716375e+01 1.148910362189e+01 1 1 1 0.0 0.0 0.0
Nb 5.038333630080e+00 2.589775570386e+00 1.147987418857e+01 1 1 1 0.0 0.0 0.0
Nb 4.665896248023e+00 6.084444448223e+00 1.147582338965e+01 1 1 1 0.0 0.0 0.0
Nb 4.217125206551e+00 9.489304591342e+00 1.147614131934e+01 1 1 1 0.0 0.0 0.0
Nb 3.817294011681e+00 1.296293539263e+01 1.147524192969e+01 1 1 1 0.0 0.0 0.0
Nb 3.448570924734e+00 1.638152578032e+01 1.147799254011e+01 1 1 1 0.0 0.0 0.0
Nb 3.041843227366e+00 1.977410350782e+01 1.147822760064e+01 1 1 1 0.0 0.0 0.0
Nb 2.648410261695e+00 2.329565787081e+01 1.148002230528e+01 1 1 1 0.0 0.0 0.0
Nb 2.268681134653e+00 5.543914865542e-01 1.147427194779e+01 1 1 1 0.0 0.0 0.0
Nb 1.878846256769e+00 3.930235306497e+00 1.146613251377e+01 1 1 1 0.0 0.0 0.0
Nb 1.494979281146e+00 7.479893585245e+00 1.146668201142e+01 1 1 1 0.0 0.0 0.0
Nb 1.068652340171e+00 1.087391898294e+01 1.147075577664e+01 1 1 1 0.0 0.0 0.0
Nb 7.168403822416e-01 1.429801313153e+01 1.147751469305e+01 1 1 1 0.0 0.0 0.0
Nb 3.198330888426e-01 1.778865602886e+01 1.147485520695e+01 1 1 1 0.0 0.0 0.0
Nb 1.498208453014e+01 2.121331999551e+01 1.147585344691e+01 1 1 1 0.0 0.0 0.0
Nb 1.462781771895e+01 2.465011175219e+01 1.147320782526e+01 1 1 1 0.0 0.0 0.0
Nb 1.423523662281e+01 1.948544403905e+00 1.146327516829e+01 1 1 1 0.0 0.0 0.0
Nb 1.378367628806e+01 5.376429631222e+00 1.147079668204e+01 1 1 1 0.0 0.0 0.0
Nb 1.338815413061e+01 8.875445964748e+00 1.147140777593e+01 1 1 1 0.0 0.0 0.0
Nb 1.298471114226e+01 1.223343592640e+01 1.147680284382e+01 1 1 1 0.0 0.0 0.0
Nb 1.257897676351e+01 1.568204638068e+01 1.147307092710e+01 1 1 1 0.0 0.0 0.0
Nb 1.216375376042e+01 1.919882417814e+01 1.147280612681e+01 1 1 1 0.0 0.0 0.0
Nb 1.177573332549e+01 2.255263924881e+01 1.147866644734e+01 1 1 1 0.0 0.0 0.0
Nb 1.140638490979e+01 2.597895789980e+01 1.147995695189e+01 1 1 1 0.0 0.0 0.0
Bi 1.648413801150e+00 8.378213082485e-01 3.837627165922e+01 1 1 1 0.0 0.0 0.0
Bi 4.549130853817e+00 3.864369778504e+00 3.837394396725e+01 1 1 1 0.0 0.0 0.0
Bi 8.614312603099e+00 2.847098538337e+00 3.837666452041e+01 1 1 1 0.0 0.0 0.0
Bi 1.268216738542e+01 1.848644259048e+00 3.836700163801e+01 1 1 1 0.0 0.0 0.0
Bi 3.387851010475e+00 7.880908232115e+00 3.837144487478e+01 1 1 1 0.0 0.0 0.0
Bi 7.456678314743e+00 6.866848304083e+00 3.837892246681e+01 1 1 1 0.0 0.0 0.0
Bi 1.152377505065e+01 5.866902221212e+00 3.837704023626e+01 1 1 1 0.0 0.0 0.0
Bi 4.897996882001e-01 4.862241380724e+00 3.836634588156e+01 1 1 1 0.0 0.0 0.0
Bi 2.225729934061e+00 1.189922170497e+01 3.837285407379e+01 1 1 1 0.0 0.0 0.0
Bi 6.290413780469e+00 1.089531536541e+01 3.837319486394e+01 1 1 1 0.0 0.0 0.0
Bi 1.035748146455e+01 9.888923956560e+00 3.836857842746e+01 1 1 1 0.0 0.0 0.0
Bi 1.442229358352e+01 8.882241764815e+00 3.837214058411e+01 1 1 1 0.0 0.0 0.0
Bi 5.130168531567e+00 1.491950132987e+01 3.838168048572e+01 1 1 1 0.0 0.0 0.0
Bi 9.194063745121e+00 1.390826323951e+01 3.838131371297e+01 1 1 1 0.0 0.0 0.0
Bi 1.326257190259e+01 1.289664112523e+01 3.838004876767e+01 1 1 1 0.0 0.0 0.0
Bi 3.966163054969e+00 1.894273953787e+01 3.839614591624e+01 1 1 1 0.0 0.0 0.0
Bi 8.035951874298e+00 1.793782887281e+01 3.839434750736e+01 1 1 1 0.0 0.0 0.0
Bi 1.210422348954e+01 1.693063210910e+01 3.839259730653e+01 1 1 1 0.0 0.0 0.0
Bi 1.067230546739e+00 1.591701986502e+01 3.837776319821e+01 1 1 1 0.0 0.0 0.0
Bi 2.809291681453e+00 2.296118678674e+01 3.838734972034e+01 1 1 1 0.0 0.0 0.0
Bi 6.878817129266e+00 2.195823148452e+01 3.838075945271e+01 1 1 1 0.0 0.0 0.0
Bi 1.093916457979e+01 2.095482569372e+01 3.839451388069e+01 1 1 1 0.0 0.0 0.0
Bi 1.500490662194e+01 1.994924503733e+01 3.838846586099e+01 1 1 1 0.0 0.0 0.0
Bi 5.710749952693e+00 2.598190113074e+01 3.838162836176e+01 1 1 1 0.0 0.0 0.0
Bi 9.776416057911e+00 2.497337263958e+01 3.838173604933e+01 1 1 1 0.0 0.0 0.0
Bi 1.384320999860e+01 2.397349794272e+01 3.838088015805e+01 1 1 1 0.0 0.0 0.0
Bi 1.065503788458e+00 2.463018415410e+01 3.447013143332e+01 1 1 1 0.0 0.0 0.0
Bi 3.966735465999e+00 1.498828357702e+00 3.447428986689e+01 1 1 1 0.0 0.0 0.0
Bi 8.032760829651e+00 4.948306821418e-01 3.447101621768e+01 1 1 1 0.0 0.0 0.0
Bi 1.209706753143e+01 2.563752533027e+01 3.448050023817e+01 1 1 1 0.0 0.0 0.0
Bi 2.807722300486e+00 5.526725812634e+00 3.446332404427e+01 1 1 1 0.0 0.0 0.0
Bi 6.871673924335e+00 4.516714672651e+00 3.447451344428e+01 1 1 1 0.0 0.0 0.0
Bi 1.093746454496e+01 3.512512681755e+00 3.447121883965e+01 1 1 1 0.0 0.0 0.0
Bi 1.500170790422e+01 2.505344229037e+00 3.446941974284e+01 1 1 1 0.0 0.0 0.0
Bi 1.648086346268e+00 9.549558988374e+00 3.446404801166e+01 1 1 1 0.0 0.0 0.0
Bi 5.707209703979e+00 8.541499189498e+00 3.446564427484e+01 1 1 1 0.0 0.0 0.0
Bi 9.769889714899e+00 7.538483878583e+00 3.447303682809e+01 1 1 1 0.0 0.0 0.0
Bi 1.384111583255e+01 6.533362071793e+00 3.446361181086e+01 1 1 1 0.0 0.0 0.0
Bi 4.547664397825e+00 1.256800231530e+01 3.446387052561e+01 1 1 1 0.0 0.0 0.0
Bi 8.608354490617e+00 1.156014376253e+01 3.447038337461e+01 1 1 1 0.0 0.0 0.0
Bi 1.267533422544e+01 1.055533316488e+01 3.446820877362e+01 1 1 1 0.0 0.0 0.0
Bi 3.392413470881e+00 1.659281482562e+01 3.447779164442e+01 1 1 1 0.0 0.0 0.0
Bi 7.453841501347e+00 1.559139180905e+01 3.448102068400e+01 1 1 1 0.0 0.0 0.0
Bi 1.151521613783e+01 1.457904064727e+01 3.447533774368e+01 1 1 1 0.0 0.0 0.0
Bi 4.813540193062e-01 1.357465153930e+01 3.447155650765e+01 1 1 1 0.0 0.0 0.0
Bi 2.229054066786e+00 2.061193820426e+01 3.447728749726e+01 1 1 1 0.0 0.0 0.0
Bi 6.291601995064e+00 1.960765726011e+01 3.448776171422e+01 1 1 1 0.0 0.0 0.0
Bi 1.035877678462e+01 1.859982675374e+01 3.448180772932e+01 1 1 1 0.0 0.0 0.0
Bi 1.442235295721e+01 1.760044482673e+01 3.448617016072e+01 1 1 1 0.0 0.0 0.0
Bi 5.129992262625e+00 2.362495915774e+01 3.447270789151e+01 1 1 1 0.0 0.0 0.0
Bi 9.193558116259e+00 2.261991312913e+01 3.447783429611e+01 1 1 1 0.0 0.0 0.0
Bi 1.325621563715e+01 2.161653390303e+01 3.448432910016e+01 1 1 1 0.0 0.0 0.0
Bi 1.020474402973e+00 2.458762131669e+01 2.830766757864e+01 1 1 1 0.0 0.0 0.0
Bi 3.928117856653e+00 1.456059299919e+00 2.830426158219e+01 1 1 1 0.0 0.0 0.0
Bi 7.995458702028e+00 4.464713429829e-01 2.831216029348e+01 1 1 1 0.0 0.0 0.0
Bi 1.205498418153e+01 2.558890531840e+01 2.830940523797e+01 1 1 1 0.0 0.0 0.0
Bi 2.766697199245e+00 5.482752929527e+00 2.830009436427e+01 1 1 1 0.0 0.0 0.0
Bi 6.827453915453e+00 4.468194040267e+00 2.830708564242e+01 1 1 1 0.0 0.0 0.0
Bi 1.089375603881e+01 3.467489117221e+00 2.831386646677e+01 1 1 1 0.0 0.0 0.0
Bi 1.496271759534e+01 2.467831912210e+00 2.831046951925e+01 1 1 1 0.0 0.0 0.0
Bi 1.608843408166e+00 9.501096247981e+00 2.829436702599e+01 1 1 1 0.0 0.0 0.0
Bi 5.667578508530e+00 8.495728215017e+00 2.829445867949e+01 1 1 1 0.0 0.0 0.0
Bi 9.727237234864e+00 7.494501999463e+00 2.831110416153e+01 1 1 1 0.0 0.0 0.0
Bi 1.379333610124e+01 6.486232963902e+00 2.830579487327e+01 1 1 1 0.0 0.0 0.0
Bi 4.507789357499e+00 1.252564680953e+01 2.830511466883e+01 1 1 1 0.0 0.0 0.0
Bi 8.566689296575e+00 1.151672064166e+01 2.831464070600e+01 1 1 1 0.0 0.0 0.0
Bi 1.264116916638e+01 1.050732186560e+01 2.831032886394e+01 1 1 1 0.0 0.0 0.0
Bi 3.339784729677e+00 1.654408797286e+01 2.831383783828e+01 1 1 1 0.0 0.0 0.0
Bi 7.408141701206e+00 1.554189553257e+01 2.831457683431e+01 1 1 1 0.0 0.0 0.0
Bi 1.147655465969e+01 1.453623978593e+01 2.831191443773e+01 1 1 1 0.0 0.0 0.0
Bi 4.469944876113e-01 1.352797683591e+01 2.831127582663e+01 1 1 1 0.0 0.0 0.0
Bi 2.177493946119e+00 2.056146654827e+01 2.830785739452e+01 1 1 1 0.0 0.0 0.0
Bi 6.242306329681e+00 1.956037834215e+01 2.830651693563e+01 1 1 1 0.0 0.0 0.0
Bi 1.030375155841e+01 1.855514688983e+01 2.829648045409e+01 1 1 1 0.0 0.0 0.0
Bi 1.437112261980e+01 1.754762203623e+01 2.830894157286e+01 1 1 1 0.0 0.0 0.0
Bi 5.085093795593e+00 2.357199311896e+01 2.830153764230e+01 1 1 1 0.0 0.0 0.0
Bi 9.155152336566e+00 2.256938003567e+01 2.830142651508e+01 1 1 1 0.0 0.0 0.0
Bi 1.320983552673e+01 2.156374122271e+01 2.829961524719e+01 1 1 1 0.0 0.0 0.0
Bi 1.436561663636e+01 1.076983653862e-01 2.447219262421e+01 1 1 1 0.0 0.0 0.0
Bi 2.173044200468e+00 3.137642089789e+00 2.446066862543e+01 1 1 1 0.0 0.0 0.0
Bi 6.252513682554e+00 2.128353170916e+00 2.446479599630e+01 1 1 1 0.0 0.0 0.0
Bi 1.031781105706e+01 1.113276746307e+00 2.446229775050e+01 1 1 1 0.0 0.0 0.0
Bi 1.025634833670e+00 7.153189182742e+00 2.443619841108e+01 1 1 1 0.0 0.0 0.0
Bi 5.086578931542e+00 6.141321159793e+00 2.443302758100e+01 1 1 1 0.0 0.0 0.0
Bi 9.156853747257e+00 5.133975856038e+00 2.444868858169e+01 1 1 1 0.0 0.0 0.0
Bi 1.321450890269e+01 4.131471518675e+00 2.445952158082e+01 1 1 1 0.0 0.0 0.0
Bi 1.496616084587e+01 1.118008125382e+01 2.446736822107e+01 1 1 1 0.0 0.0 0.0
Bi 3.924959515160e+00 1.016432547146e+01 2.444707702529e+01 1 1 1 0.0 0.0 0.0
Bi 7.986780353897e+00 9.150978239343e+00 2.446895464154e+01 1 1 1 0.0 0.0 0.0
Bi 1.205947493842e+01 8.146142294103e+00 2.447206043574e+01 1 1 1 0.0 0.0 0.0
Bi 2.765144434443e+00 1.419691656983e+01 2.444681926305e+01 1 1 1 0.0 0.0 0.0
Bi 6.815753912313e+00 1.319230690078e+01 2.446567316051e+01 1 1 1 0.0 0.0 0.0
Bi 1.089424335813e+01 1.218906743039e+01 2.449235242528e+01 1 1 1 0.0 0.0 0.0
Bi 1.604477431274e+00 1.821085596939e+01 2.445097420406e+01 1 1 1 0.0 0.0 0.0
Bi 5.664543253665e+00 1.720609162183e+01 2.444973286007e+01 1 1 1 0.0 0.0 0.0
Bi 9.723762445376e+00 1.621195024295e+01 2.445793299072e+01 1 1 1 0.0 0.0 0.0
Bi 1.380128011010e+01 1.520921872980e+01 2.446172697992e+01 1 1 1 0.0 0.0 0.0
Bi 4.346383046827e-01 2.223037093919e+01 2.445873924518e+01 1 1 1 0.0 0.0 0.0
Bi 4.516888613213e+00 2.122262118526e+01 2.446709336641e+01 1 1 1 0.0 0.0 0.0
Bi 8.576601474379e+00 2.022008880150e+01 2.443453324903e+01 1 1 1 0.0 0.0 0.0
Bi 1.263521274727e+01 1.921640614516e+01 2.443898267717e+01 1 1 1 0.0 0.0 0.0
Bi 3.343677992533e+00 2.525397009296e+01 2.448149323187e+01 1 1 1 0.0 0.0 0.0
Bi 7.422022496706e+00 2.424785660801e+01 2.446126310315e+01 1 1 1 0.0 0.0 0.0
Bi 1.146933726411e+01 2.323286945560e+01 2.443879000374e+01 1 1 1 0.0 0.0 0.0
Se 1.219824823232e+01 1.701217541270e+00 9.817035968132e+00 1 1 1 0.0 0.0 0.0
Se 1.180024878449e+01 5.146877514875e+00 9.776221532354e+00 1 1 1 0.0 0.0 0.0
Se 1.139734423399e+01 8.571575084280e+00 9.795549360949e+00 1 1 1 0.0 0.0 0.0
Se 1.100083277968e+01 1.203391610063e+01 9.782166362487e+00 1 1 1 0.0 0.0 0.0
Se 1.059614151512e+01 1.546948392325e+01 9.779565985485e+00 1 1 1 0.0 0.0 0.0
Se 1.020050913005e+01 1.889847581895e+01 9.779904658925e+00 1 1 1 0.0 0.0 0.0
Se 9.816768945292e+00 2.235434610882e+01 9.767957953351e+00 1 1 1 0.0 0.0 0.0
Se 9.415829600344e+00 2.578804387196e+01 9.790783749398e+00 1 1 1 0.0 0.0 0.0
Se 9.012368884558e+00 3.073509299781e+00 9.789662740314e+00 1 1 1 0.0 0.0 0.0
Se 8.622337999421e+00 6.523432536975e+00 9.757170357624e+00 1 1 1 0.0 0.0 0.0
Se 8.221079719346e+00 9.960042521267e+00 9.807014673979e+00 1 1 1 0.0 0.0 0.0
Se 7.818179031842e+00 1.341336720398e+01 9.781448798137e+00 1 1 1 0.0 0.0 0.0
Se 7.430760694784e+00 1.684057661904e+01 9.761232692612e+00 1 1 1 0.0 0.0 0.0
Se 7.038150229311e+00 2.027849007273e+01 9.808968555136e+00 1 1 1 0.0 0.0 0.0
Se 6.647947520321e+00 2.373869321300e+01 9.800491294360e+00 1 1 1 0.0 0.0 0.0
Se 6.252469972514e+00 1.006682720922e+00 9.782083969589e+00 1 1 1 0.0 0.0 0.0
Se 5.849760688421e+00 4.439804845048e+00 9.811210467469e+00 1 1 1 0.0 0.0 0.0
Se 5.453207429102e+00 7.904085983950e+00 9.787925821829e+00 1 1 1 0.0 0.0 0.0
Se 5.045945580218e+00 1.133886390369e+01 9.810269537402e+00 1 1 1 0.0 0.0 0.0
Se 4.651615870781e+00 1.477795647013e+01 9.787569579705e+00 1 1 1 0.0 0.0 0.0
Se 4.256581879344e+00 1.821604322937e+01 9.784352711209e+00 1 1 1 0.0 0.0 0.0
Se 3.851266344382e+00 2.165475431193e+01 9.818323826803e+00 1 1 1 0.0 0.0 0.0
Se 3.471769631988e+00 2.509846569615e+01 9.779659491105e+00 1 1 1 0.0 0.0 0.0
Se 3.073983230925e+00 2.379237374690e+00 9.760821204383e+00 1 1 1 0.0 0.0 0.0
Se 2.659625379722e+00 5.824009865131e+00 9.803524855858e+00 1 1 1 0.0 0.0 0.0
Se 2.263874988124e+00 9.285355604915e+00 9.756110944772e+00 1 1 1 0.0 0.0 0.0
Se 1.862637187208e+00 1.270491100024e+01 9.762234848486e+00 1 1 1 0.0 0.0 0.0
Se 1.463097304413e+00 1.615115735515e+01 9.785127426701e+00 1 1 1 0.0 0.0 0.0
Se 1.064927144009e+00 1.960464825244e+01 9.767426553558e+00 1 1 1 0.0 0.0 0.0
Se 6.813352876381e-01 2.302256880757e+01 9.771565301740e+00 1 1 1 0.0 0.0 0.0
Se 2.930588367525e-01 3.190253526897e-01 9.767002153404e+00 1 1 1 0.0 0.0 0.0
Se 1.497949441917e+01 3.775027248943e+00 9.765741071102e+00 1 1 1 0.0 0.0 0.0
Se 1.457794577954e+01 7.209448609051e+00 9.796323864771e+00 1 1 1 0.0 0.0 0.0
Se 1.418693686901e+01 1.065239956557e+01 9.760432047434e+00 1 1 1 0.0 0.0 0.0
Se 1.379067015917e+01 1.408212257255e+01 9.797588651314e+00 1 1 1 0.0 0.0 0.0
Se 1.338517533896e+01 1.753617646151e+01 9.815613857193e+00 1 1 1 0.0 0.0 0.0
Se 1.299947571669e+01 2.097539534256e+01 9.771258114347e+00 1 1 1 0.0 0.0 0.0
Se 1.261156746733e+01 2.439723011597e+01 9.796698046004e+00 1 1 1 0.0 0.0 0.0
Se 1.299048875239e+01 3.525269134355e+00 1.621544064317e+01 1 1 1 0.0 0.0 0.0
Se 1.259968198757e+01 6.966563289820e+00 1.624369442193e+01 1 1 1 0.0 0.0 0.0
Se 1.219811260419e+01 1.040440424623e+01 1.617065314461e+01 1 1 1 0.0 0.0 0.0
Se 1.181529435204e+01 1.387129010139e+01 1.622901700300e+01 1 1 1 0.0 0.0 0.0
Se 1.139876952000e+01 1.730158885322e+01 1.623558065301e+01 1 1 1 0.0 0.0 0.0
Se 1.100848362434e+01 2.074294285863e+01 1.627780471114e+01 1 1 1 0.0 0.0 0.0
Se 1.061781000052e+01 2.417185050931e+01 1.622905224620e+01 1 1 1 0.0 0.0 0.0
Se 1.022672589390e+01 1.470572938492e+00 1.627319473062e+01 1 1 1 0.0 0.0 0.0
Se 9.802161642346e+00 4.894373711213e+00 1.623359433329e+01 1 1 1 0.0 0.0 0.0
Se 9.400544897602e+00 8.346539125329e+00 1.624486035816e+01 1 1 1 0.0 0.0 0.0
Se 9.008008411109e+00 1.179613903522e+01 1.619385460358e+01 1 1 1 0.0 0.0 0.0
Se 8.625249479728e+00 1.525311350634e+01 1.626948445726e+01 1 1 1 0.0 0.0 0.0
Se 8.212893241468e+00 1.867228212601e+01 1.623485007090e+01 1 1 1 0.0 0.0 0.0
Se 7.834992104315e+00 2.210599830452e+01 1.625523101514e+01 1 1 1 0.0 0.0 0.0
Se 7.452385840570e+00 2.554040273096e+01 1.621124543178e+01 1 1 1 0.0 0.0 0.0
Se 7.042490488190e+00 2.849815493086e+00 1.626207343572e+01 1 1 1 0.0 0.0 0.0
Se 6.621847863388e+00 6.276019100942e+00 1.621828904555e+01 1 1 1 0.0 0.0 0.0
Se 6.238242512997e+00 9.730593964907e+00 1.624964708389e+01 1 1 1 0.0 0.0 0.0
Se 5.847026800000e+00 1.317454310847e+01 1.621551986100e+01 1 1 1 0.0 0.0 0.0
Se 5.448696193054e+00 1.661705611789e+01 1.624309936211e+01 1 1 1 0.0 0.0 0.0
Se 5.040496906674e+00 2.002442122735e+01 1.619166042304e+01 1 1 1 0.0 0.0 0.0
Se 4.663723234568e+00 2.348116106128e+01 1.621140333827e+01 1 1 1 0.0 0.0 0.0
Se 4.263690264412e+00 7.864017899764e-01 1.619710549818e+01 1 1 1 0.0 0.0 0.0
Se 3.857774536615e+00 4.238469941313e+00 1.625571309561e+01 1 1 1 0.0 0.0 0.0
Se 3.453473910699e+00 7.648874697812e+00 1.622701052162e+01 1 1 1 0.0 0.0 0.0
Se 3.075124772087e+00 1.110901380763e+01 1.627253463492e+01 1 1 1 0.0 0.0 0.0
Se 2.663683322538e+00 1.454927262781e+01 1.622311440121e+01 1 1 1 0.0 0.0 0.0
Se 2.253480835682e+00 1.797527805879e+01 1.625862187711e+01 1 1 1 0.0 0.0 0.0
Se 1.845049028819e+00 2.140215615596e+01 1.621295790227e+01 1 1 1 0.0 0.0 0.0
Se 1.462520659965e+00 2.487888735384e+01 1.623894330984e+01 1 1 1 0.0 0.0 0.0
Se 1.060267314990e+00 2.171035549466e+00 1.621005520631e+01 1 1 1 0.0 0.0 0.0
Se 6.755956195246e-01 5.596032474441e+00 1.626870884216e+01 1 1 1 0.0 0.0 0.0
Se 2.845862856543e-01 9.018290960070e+00 1.620937023928e+01 1 1 1 0.0 0.0 0.0
Se 1.499761334234e+01 1.248544632520e+01 1.623431105095e+01 1 1 1 0.0 0.0 0.0
Se 1.458404893951e+01 1.592117253057e+01 1.620903267711e+01 1 1 1 0.0 0.0 0.0
Se 1.417556331532e+01 1.935429682432e+01 1.625920868176e+01 1 1 1 0.0 0.0 0.0
Se 1.377788888816e+01 2.279424051945e+01 1.621622525428e+01 1 1 1 0.0 0.0 0.0
Se 1.338971097008e+01 1.133809881922e-01 1.623944512862e+01 1 1 1 0.0 0.0 0.0
Se 1.220841367435e+01 1.704408956341e+00 1.311603266798e+01 1 1 1 0.0 0.0 0.0
Se 1.180581964506e+01 5.147626353600e+00 1.316524911552e+01 1 1 1 0.0 0.0 0.0
Se 1.140236591442e+01 8.570785869331e+00 1.314520949061e+01 1 1 1 0.0 0.0 0.0
Se 1.099962482677e+01 1.203359959972e+01 1.315678323206e+01 1 1 1 0.0 0.0 0.0
Se 1.059617252490e+01 1.547016412769e+01 1.315655124075e+01 1 1 1 0.0 0.0 0.0
Se 1.020262478069e+01 1.889784260545e+01 1.315761832668e+01 1 1 1 0.0 0.0 0.0
Se 9.819617083082e+00 2.234662948742e+01 1.318455720581e+01 1 1 1 0.0 0.0 0.0
Se 9.422935762868e+00 2.578824871647e+01 1.316656872483e+01 1 1 1 0.0 0.0 0.0
Se 9.016283261587e+00 3.076657851495e+00 1.316310663560e+01 1 1 1 0.0 0.0 0.0
Se 8.623705075926e+00 6.523425393082e+00 1.319398661521e+01 1 1 1 0.0 0.0 0.0
Se 8.222432825571e+00 9.959545782584e+00 1.314130770800e+01 1 1 1 0.0 0.0 0.0
Se 7.820256158380e+00 1.341643881332e+01 1.316091917560e+01 1 1 1 0.0 0.0 0.0
Se 7.429740758554e+00 1.683973321634e+01 1.318320743340e+01 1 1 1 0.0 0.0 0.0
Se 7.037244172025e+00 2.027339996969e+01 1.313426758680e+01 1 1 1 0.0 0.0 0.0
Se 6.643698597436e+00 2.373149455029e+01 1.315900000847e+01 1 1 1 0.0 0.0 0.0
Se 6.247982919866e+00 1.011643493042e+00 1.317378553832e+01 1 1 1 0.0 0.0 0.0
Se 5.845316499131e+00 4.444401490304e+00 1.313135208475e+01 1 1 1 0.0 0.0 0.0
Se 5.444742498156e+00 7.907185851357e+00 1.315470044333e+01 1 1 1 0.0 0.0 0.0
Se 5.037189601786e+00 1.133850263438e+01 1.313133441023e+01 1 1 1 0.0 0.0 0.0
Se 4.645049680723e+00 1.477497143418e+01 1.315137657519e+01 1 1 1 0.0 0.0 0.0
Se 4.255555592987e+00 1.821400838409e+01 1.315805087616e+01 1 1 1 0.0 0.0 0.0
Se 3.845425021319e+00 2.165464106800e+01 1.312521352282e+01 1 1 1 0.0 0.0 0.0
Se 3.456447939756e+00 2.510134870672e+01 1.316858721853e+01 1 1 1 0.0 0.0 0.0
Se 3.062082881279e+00 2.382970720182e+00 1.316944242188e+01 1 1 1 0.0 0.0 0.0
Se 2.649950061654e+00 5.820697109716e+00 1.311904897829e+01 1 1 1 0.0 0.0 0.0
Se 2.255495942646e+00 9.281128113708e+00 1.317104328889e+01 1 1 1 0.0 0.0 0.0
Se 1.859028039617e+00 1.269954646588e+01 1.317104667563e+01 1 1 1 0.0 0.0 0.0
Se 1.460602868697e+00 1.615123710216e+01 1.315237285720e+01 1 1 1 0.0 0.0 0.0
Se 1.061689955106e+00 1.960284624516e+01 1.316881799273e+01 1 1 1 0.0 0.0 0.0
Se 6.742126677021e-01 2.302616006897e+01 1.316491890892e+01 1 1 1 0.0 0.0 0.0
Se 2.838585611014e-01 3.234076811595e-01 1.315623447525e+01 1 1 1 0.0 0.0 0.0
Se 1.497824730715e+01 3.769748229624e+00 1.315093629972e+01 1 1 1 0.0 0.0 0.0
Se 1.457913505249e+01 7.208713317264e+00 1.312647905021e+01 1 1 1 0.0 0.0 0.0
Se 1.419250270240e+01 1.064986485946e+01 1.317016083291e+01 1 1 1 0.0 0.0 0.0
Se 1.378605007137e+01 1.408303672625e+01 1.313795240674e+01 1 1 1 0.0 0.0 0.0
Se 1.338321907651e+01 1.753408689931e+01 1.311660714280e+01 1 1 1 0.0 0.0 0.0
Se 1.299967368190e+01 2.097292191518e+01 1.316431146636e+01 1 1 1 0.0 0.0 0.0
Se 1.261560572475e+01 2.439664347007e+01 1.314407472292e+01 1 1 1 0.0 0.0 0.0
Se 1.299093273210e+01 3.526569322856e+00 1.963515394499e+01 1 1 1 0.0 0.0 0.0
Se 1.259272023751e+01 6.985854711021e+00 1.956270984419e+01 1 1 1 0.0 0.0 0.0
Se 1.219245776319e+01 1.041148664869e+01 1.957271388716e+01 1 1 1 0.0 0.0 0.0
Se 1.182128310388e+01 1.384930691427e+01 1.954430029687e+01 1 1 1 0.0 0.0 0.0
Se 1.140645788333e+01 1.728006753201e+01 1.962301647101e+01 1 1 1 0.0 0.0 0.0
Se 1.100607946627e+01 2.074429707613e+01 1.960351972904e+01 1 1 1 0.0 0.0 0.0
Se 1.060125437278e+01 2.417935821153e+01 1.963392794713e+01 1 1 1 0.0 0.0 0.0
Se 1.021494423872e+01 1.470057625687e+00 1.958363393595e+01 1 1 1 0.0 0.0 0.0
Se 9.806934768215e+00 4.905810819096e+00 1.961309609096e+01 1 1 1 0.0 0.0 0.0
Se 9.419384983527e+00 8.371368809782e+00 1.954250289343e+01 1 1 1 0.0 0.0 0.0
Se 9.025083585073e+00 1.178809003759e+01 1.956973879975e+01 1 1 1 0.0 0.0 0.0
Se 8.632216468635e+00 1.522720281860e+01 1.955890775857e+01 1 1 1 0.0 0.0 0.0
Se 8.200610772931e+00 1.866749529446e+01 1.963338876844e+01 1 1 1 0.0 0.0 0.0
Se 7.807687140362e+00 2.211520133189e+01 1.957688888398e+01 1 1 1 0.0 0.0 0.0
Se 7.420475023677e+00 2.553816939130e+01 1.959234366429e+01 1 1 1 0.0 0.0 0.0
Se 7.037869818287e+00 2.840761217438e+00 1.957813218593e+01 1 1 1 0.0 0.0 0.0
Se 6.634547746940e+00 6.285225567967e+00 1.964532123914e+01 1 1 1 0.0 0.0 0.0
Se 6.242681569268e+00 9.739074347829e+00 1.957929859842e+01 1 1 1 0.0 0.0 0.0
Se 5.846681247256e+00 1.316410847396e+01 1.961298866798e+01 1 1 1 0.0 0.0 0.0
Se 5.444062875815e+00 1.661626732628e+01 1.960828311805e+01 1 1 1 0.0 0.0 0.0
Se 5.028398115559e+00 2.004779853193e+01 1.961783116899e+01 1 1 1 0.0 0.0 0.0
Se 4.650686688450e+00 2.348848847281e+01 1.952854515555e+01 1 1 1 0.0 0.0 0.0
Se 4.259973958428e+00 7.584105889668e-01 1.957742414677e+01 1 1 1 0.0 0.0 0.0
Se 3.862388591802e+00 4.222613197965e+00 1.959606483871e+01 1 1 1 0.0 0.0 0.0
Se 3.446957304549e+00 7.658671673729e+00 1.963554558907e+01 1 1 1 0.0 0.0 0.0
Se 3.059453452446e+00 1.111525111403e+01 1.956239154407e+01 1 1 1 0.0 0.0 0.0
Se 2.653815331034e+00 1.454594537294e+01 1.961270608733e+01 1 1 1 0.0 0.0 0.0
Se 2.261267255559e+00 1.798725439829e+01 1.957620280568e+01 1 1 1 0.0 0.0 0.0
Se 1.863252832020e+00 2.142720518439e+01 1.956835357246e+01 1 1 1 0.0 0.0 0.0
Se 1.482835139541e+00 2.487260977705e+01 1.951313683701e+01 1 1 1 0.0 0.0 0.0
Se 1.074724225762e+00 2.144674690643e+00 1.960728593644e+01 1 1 1 0.0 0.0 0.0
Se 6.700625422091e-01 5.595429371130e+00 1.958482040426e+01 1 1 1 0.0 0.0 0.0
Se 2.624742438810e-01 9.031979135052e+00 1.960350845756e+01 1 1 1 0.0 0.0 0.0
Se 1.497530275327e+01 1.247833799305e+01 1.955669627393e+01 1 1 1 0.0 0.0 0.0
Se 1.458498891705e+01 1.590435215545e+01 1.962583989623e+01 1 1 1 0.0 0.0 0.0
Se 1.419357545052e+01 1.936050481430e+01 1.960013108961e+01 1 1 1 0.0 0.0 0.0
Se 1.379678226223e+01 2.280841056323e+01 1.961832462677e+01 1 1 1 0.0 0.0 0.0
Se 1.340363436435e+01 1.060762783648e-01 1.959714277277e+01 1 1 1 0.0 0.0 0.0
Se 1.063020941723e+00 2.464291965128e+01 3.994384273453e+01 1 1 1 0.0 0.0 0.0
Se 3.961965409359e+00 1.515317679534e+00 3.993538367746e+01 1 1 1 0.0 0.0 0.0
Se 8.029203488513e+00 4.985220109599e-01 3.994025157897e+01 1 1 1 0.0 0.0 0.0
Se 1.209486430196e+01 2.565247135957e+01 3.993469087860e+01 1 1 1 0.0 0.0 0.0
Se 2.800517393488e+00 5.535664727641e+00 3.993622528095e+01 1 1 1 0.0 0.0 0.0
Se 6.865257491437e+00 4.522654846024e+00 3.994199384214e+01 1 1 1 0.0 0.0 0.0
Se 1.093656065730e+01 3.516820713739e+00 3.993526836973e+01 1 1 1 0.0 0.0 0.0
Se 1.499960003249e+01 2.516295340534e+00 3.993093647186e+01 1 1 1 0.0 0.0 0.0
Se 1.639538440330e+00 9.550952947084e+00 3.993608145058e+01 1 1 1 0.0 0.0 0.0
Se 5.703819477016e+00 8.543856515389e+00 3.993291760564e+01 1 1 1 0.0 0.0 0.0
Se 9.773808537016e+00 7.541636399126e+00 3.993373460239e+01 1 1 1 0.0 0.0 0.0
Se 1.384374700767e+01 6.537764508998e+00 3.993514242555e+01 1 1 1 0.0 0.0 0.0
Se 4.538781840194e+00 1.256691707859e+01 3.993681377897e+01 1 1 1 0.0 0.0 0.0
Se 8.608735021977e+00 1.155618451127e+01 3.993805062496e+01 1 1 1 0.0 0.0 0.0
Se 1.267431719968e+01 1.054812735828e+01 3.994032910344e+01 1 1 1 0.0 0.0 0.0
Se 3.380414641348e+00 1.658659662252e+01 3.994789459181e+01 1 1 1 0.0 0.0 0.0
Se 7.448346948135e+00 1.558164986756e+01 3.994759587125e+01 1 1 1 0.0 0.0 0.0
Se 1.151687087509e+01 1.456975062316e+01 3.994002842492e+01 1 1 1 0.0 0.0 0.0
Se 4.790129920744e-01 1.356885048662e+01 3.994165056486e+01 1 1 1 0.0 0.0 0.0
Se 2.218436336956e+00 2.062127601307e+01 3.995721403818e+01 1 1 1 0.0 0.0 0.0
Se 6.288667178041e+00 1.961763865430e+01 3.995113469119e+01 1 1 1 0.0 0.0 0.0
Se 1.035466285485e+01 1.860732053860e+01 3.995641926687e+01 1 1 1 0.0 0.0 0.0
Se 1.442712666517e+01 1.759609419598e+01 3.994751517172e+01 1 1 1 0.0 0.0 0.0
Se 5.129969349250e+00 2.363237303684e+01 3.994447907018e+01 1 1 1 0.0 0.0 0.0
Se 9.190863545708e+00 2.262953933955e+01 3.995100070351e+01 1 1 1 0.0 0.0 0.0
Se 1.325839431280e+01 2.162908540528e+01 3.994782701588e+01 1 1 1 0.0 0.0 0.0
Se 1.442304369227e+01 1.607755313907e-01 3.641411438225e+01 1 1 1 0.0 0.0 0.0
Se 2.225231925352e+00 3.183573510812e+00 3.641389514412e+01 1 1 1 0.0 0.0 0.0
Se 6.288106620581e+00 2.175128206310e+00 3.642024484777e+01 1 1 1 0.0 0.0 0.0
Se 1.034889482284e+01 1.168698273360e+00 3.642127753717e+01 1 1 1 0.0 0.0 0.0
Se 1.061128868469e+00 7.206037109162e+00 3.640952324044e+01 1 1 1 0.0 0.0 0.0
Se 5.129112505449e+00 6.201667633667e+00 3.641412919922e+01 1 1 1 0.0 0.0 0.0
Se 9.194100522940e+00 5.190628884385e+00 3.642017785393e+01 1 1 1 0.0 0.0 0.0
Se 1.326011318634e+01 4.189957722847e+00 3.640944693308e+01 1 1 1 0.0 0.0 0.0
Se 1.499986626156e+01 1.122520356283e+01 3.640679628424e+01 1 1 1 0.0 0.0 0.0
Se 3.964214200996e+00 1.022533849699e+01 3.641349942537e+01 1 1 1 0.0 0.0 0.0
Se 8.028418348228e+00 9.216512819884e+00 3.641854094994e+01 1 1 1 0.0 0.0 0.0
Se 1.209579787646e+01 8.207886801351e+00 3.641295659535e+01 1 1 1 0.0 0.0 0.0
Se 2.807386220015e+00 1.424227923115e+01 3.641366754499e+01 1 1 1 0.0 0.0 0.0
Se 6.867220739031e+00 1.324018029648e+01 3.641622796911e+01 1 1 1 0.0 0.0 0.0
Se 1.093226474347e+01 1.223236233160e+01 3.641619833518e+01 1 1 1 0.0 0.0 0.0
Se 1.646750967480e+00 1.826960480423e+01 3.642921186209e+01 1 1 1 0.0 0.0 0.0
Se 5.706370534698e+00 1.726720582605e+01 3.643590844142e+01 1 1 1 0.0 0.0 0.0
Se 9.776432885747e+00 1.625794130225e+01 3.643125528003e+01 1 1 1 0.0 0.0 0.0
Se 1.383400263197e+01 1.525187962375e+01 3.642586698561e+01 1 1 1 0.0 0.0 0.0
Se 4.856540077961e-01 2.228981098535e+01 3.642646596134e+01 1 1 1 0.0 0.0 0.0
Se 4.548333542456e+00 2.128561407456e+01 3.642979131117e+01 1 1 1 0.0 0.0 0.0
Se 8.616567480274e+00 2.027424268446e+01 3.642964218903e+01 1 1 1 0.0 0.0 0.0
Se 1.267701293442e+01 1.927203209338e+01 3.643600379916e+01 1 1 1 0.0 0.0 0.0
Se 3.387038829234e+00 2.530056277388e+01 3.642040899855e+01 1 1 1 0.0 0.0 0.0
Se 7.447487246776e+00 2.430354769795e+01 3.642140480430e+01 1 1 1 0.0 0.0 0.0
Se 1.151639715561e+01 2.329674781719e+01 3.642750769967e+01 1 1 1 0.0 0.0 0.0
Se 1.650355087888e+00 8.289067353942e-01 3.289938640578e+01 1 1 1 0.0 0.0 0.0
Se 4.552447419307e+00 3.847901676680e+00 3.290257311118e+01 1 1 1 0.0 0.0 0.0
Se 8.617333728931e+00 2.840914202581e+00 3.290280970632e+01 1 1 1 0.0 0.0 0.0
Se 1.268042364055e+01 1.834904753873e+00 3.290049968888e+01 1 1 1 0.0 0.0 0.0
Se 3.392116284938e+00 7.873366768387e+00 3.288891689850e+01 1 1 1 0.0 0.0 0.0
Se 7.451758236353e+00 6.865204626630e+00 3.290098949534e+01 1 1 1 0.0 0.0 0.0
Se 1.151412820232e+01 5.862128513249e+00 3.290193280670e+01 1 1 1 0.0 0.0 0.0
Se 4.869926145651e-01 4.852697510285e+00 3.289675904074e+01 1 1 1 0.0 0.0 0.0
Se 2.223514639344e+00 1.190021444149e+01 3.289666950395e+01 1 1 1 0.0 0.0 0.0
Se 6.291710793906e+00 1.088854501876e+01 3.289387544808e+01 1 1 1 0.0 0.0 0.0
Se 1.035424348188e+01 9.882956213052e+00 3.289943837099e+01 1 1 1 0.0 0.0 0.0
Se 1.442459762126e+01 8.882220491890e+00 3.289721386859e+01 1 1 1 0.0 0.0 0.0
Se 5.136202263478e+00 1.492153278841e+01 3.290273345188e+01 1 1 1 0.0 0.0 0.0
Se 9.191360866486e+00 1.391594276559e+01 3.290654411017e+01 1 1 1 0.0 0.0 0.0
Se 1.325808262740e+01 1.290415549509e+01 3.289961622746e+01 1 1 1 0.0 0.0 0.0
Se 3.975830541213e+00 1.894005094702e+01 3.290722780718e+01 1 1 1 0.0 0.0 0.0
Se 8.037648363641e+00 1.794024895912e+01 3.291254815524e+01 1 1 1 0.0 0.0 0.0
Se 1.210610212169e+01 1.692784281582e+01 3.291018236251e+01 1 1 1 0.0 0.0 0.0
Se 1.069951470318e+00 1.592802331215e+01 3.290966350422e+01 1 1 1 0.0 0.0 0.0
Se 2.811741401692e+00 2.295189665679e+01 3.289784438328e+01 1 1 1 0.0 0.0 0.0
Se 6.878953921584e+00 2.194312014025e+01 3.290889365716e+01 1 1 1 0.0 0.0 0.0
Se 1.094012556567e+01 2.094697963556e+01 3.290642959621e+01 1 1 1 0.0 0.0 0.0
Se 1.500402527723e+01 1.994722781366e+01 3.291085796310e+01 1 1 1 0.0 0.0 0.0
Se 5.712261812093e+00 2.597665417957e+01 3.290255755336e+01 1 1 1 0.0 0.0 0.0
Se 9.776889089453e+00 2.496469556147e+01 3.290609436243e+01 1 1 1 0.0 0.0 0.0
Se 1.383425282698e+01 2.395805284635e+01 3.290948437772e+01 1 1 1 0.0 0.0 0.0
Se 1.437588246332e+01 1.171208425640e-01 2.986981659802e+01 1 1 1 0.0 0.0 0.0
Se 2.188077014839e+00 3.137170222436e+00 2.987035186081e+01 1 1 1 0.0 0.0 0.0
Se 6.246579171378e+00 2.118454592968e+00 2.987230902287e+01 1 1 1 0.0 0.0 0.0
Se 1.031697606828e+01 1.116803077659e+00 2.987696160216e+01 1 1 1 0.0 0.0 0.0
Se 1.019468542859e+00 7.159134965394e+00 2.986129493928e+01 1 1 1 0.0 0.0 0.0
Se 5.085822366829e+00 6.151985933481e+00 2.986694660521e+01 1 1 1 0.0 0.0 0.0
Se 9.144195033695e+00 5.144930671776e+00 2.987136888657e+01 1 1 1 0.0 0.0 0.0
Se 1.321133706718e+01 4.138573289027e+00 2.987424316571e+01 1 1 1 0.0 0.0 0.0
Se 1.496450319813e+01 1.117393581259e+01 2.986793304452e+01 1 1 1 0.0 0.0 0.0
Se 3.923551004076e+00 1.017535304907e+01 2.985781311173e+01 1 1 1 0.0 0.0 0.0
Se 7.977649135877e+00 9.170766610898e+00 2.987158611383e+01 1 1 1 0.0 0.0 0.0
Se 1.204886937967e+01 8.163690975870e+00 2.987278570573e+01 1 1 1 0.0 0.0 0.0
Se 2.764878205369e+00 1.419411044872e+01 2.987844361596e+01 1 1 1 0.0 0.0 0.0
Se 6.823284051648e+00 1.319610226585e+01 2.987680041477e+01 1 1 1 0.0 0.0 0.0
Se 1.089228566690e+01 1.218448433207e+01 2.986924942585e+01 1 1 1 0.0 0.0 0.0
Se 1.589852612561e+00 1.821797234503e+01 2.987328561948e+01 1 1 1 0.0 0.0 0.0
Se 5.659952270606e+00 1.721863312263e+01 2.987543280908e+01 1 1 1 0.0 0.0 0.0
Se 9.730606347655e+00 1.621330620674e+01 2.987212434001e+01 1 1 1 0.0 0.0 0.0
Se 1.379691863121e+01 1.520071400472e+01 2.987769901065e+01 1 1 1 0.0 0.0 0.0
Se 4.319759610253e-01 2.224087246169e+01 2.986339101036e+01 1 1 1 0.0 0.0 0.0
Se 4.494322325689e+00 2.123227152616e+01 2.987462629004e+01 1 1 1 0.0 0.0 0.0
Se 8.563233292880e+00 2.022492712201e+01 2.986878914748e+01 1 1 1 0.0 0.0 0.0
Se 1.262272157122e+01 1.921968090565e+01 2.986816355413e+01 1 1 1 0.0 0.0 0.0
Se 3.347649838211e+00 2.525244532164e+01 2.986408290961e+01 1 1 1 0.0 0.0 0.0
Se 7.403147802589e+00 2.424056073544e+01 2.986250797228e+01 1 1 1 0.0 0.0 0.0
Se 1.147182968895e+01 2.324086532383e+01 2.987063851613e+01 1 1 1 0.0 0.0 0.0
Se 1.602473701620e+00 7.913316052280e-01 2.638313639161e+01 1 1 1 0.0 0.0 0.0
Se 4.504323299436e+00 3.799478730416e+00 2.637552692860e+01 1 1 1 0.0 0.0 0.0
Se 8.574087035763e+00 2.787818674126e+00 2.638269024227e+01 1 1 1 0.0 0.0 0.0
Se 1.264031597390e+01 1.795396697970e+00 2.639206673394e+01 1 1 1 0.0 0.0 0.0
Se 3.350340863275e+00 7.819382380907e+00 2.636796816078e+01 1 1 1 0.0 0.0 0.0
Se 7.408066452201e+00 6.803535421305e+00 2.637772931140e+01 1 1 1 0.0 0.0 0.0
Se 1.146556983960e+01 5.812127084169e+00 2.638723037139e+01 1 1 1 0.0 0.0 0.0
Se 4.393252275771e-01 4.820230792692e+00 2.638170327378e+01 1 1 1 0.0 0.0 0.0
Se 2.197798265492e+00 1.185322625350e+01 2.637718330631e+01 1 1 1 0.0 0.0 0.0
Se 6.252063723140e+00 1.084439687215e+01 2.637920942016e+01 1 1 1 0.0 0.0 0.0
Se 1.031042977529e+01 9.837269324836e+00 2.638903571250e+01 1 1 1 0.0 0.0 0.0
Se 1.438099405096e+01 8.829029499859e+00 2.637829060970e+01 1 1 1 0.0 0.0 0.0
Se 5.086891040283e+00 1.487681360663e+01 2.638496237062e+01 1 1 1 0.0 0.0 0.0
Se 9.147777087411e+00 1.386927599986e+01 2.638963992708e+01 1 1 1 0.0 0.0 0.0
Se 1.322638771482e+01 1.285812982760e+01 2.638997537254e+01 1 1 1 0.0 0.0 0.0
Se 3.917913467172e+00 1.888564189480e+01 2.638580635542e+01 1 1 1 0.0 0.0 0.0
Se 7.981257119279e+00 1.789345550836e+01 2.637918047417e+01 1 1 1 0.0 0.0 0.0
Se 1.205246281069e+01 1.687633746500e+01 2.637750165934e+01 1 1 1 0.0 0.0 0.0
Se 1.027539818849e+00 1.586663483536e+01 2.638245020747e+01 1 1 1 0.0 0.0 0.0
Se 2.758039171521e+00 2.290159978805e+01 2.637655940633e+01 1 1 1 0.0 0.0 0.0
Se 6.838653899010e+00 2.189926685120e+01 2.637569531280e+01 1 1 1 0.0 0.0 0.0
Se 1.089693067896e+01 2.089346663918e+01 2.636871721117e+01 1 1 1 0.0 0.0 0.0
Se 1.495347308047e+01 1.988556723392e+01 2.637791330632e+01 1 1 1 0.0 0.0 0.0
Se 5.680064022378e+00 2.592214939918e+01 2.638194516070e+01 1 1 1 0.0 0.0 0.0
Se 9.745721766595e+00 2.491472424258e+01 2.637995270252e+01 1 1 1 0.0 0.0 0.0
Se 1.380014915248e+01 2.390895731580e+01 2.637992047563e+01 1 1 1 0.0 0.0 0.0
Se 1.023343602017e+00 2.458640193355e+01 2.292432705130e+01 1 1 1 0.0 0.0 0.0
Se 3.919086547297e+00 1.460104013304e+00 2.292723943120e+01 1 1 1 0.0 0.0 0.0
Se 8.004819265468e+00 4.513838012208e-01 2.291362460019e+01 1 1 1 0.0 0.0 0.0
Se 1.206294745244e+01 2.558574380184e+01 2.289972073256e+01 1 1 1 0.0 0.0 0.0
Se 2.761756271271e+00 5.475521351995e+00 2.287715597965e+01 1 1 1 0.0 0.0 0.0
Se 6.837205276291e+00 4.460768942615e+00 2.289020480268e+01 1 1 1 0.0 0.0 0.0
Se 1.090484457763e+01 3.455505739664e+00 2.289745574810e+01 1 1 1 0.0 0.0 0.0
Se 1.494968406553e+01 2.457929841692e+00 2.291081493358e+01 1 1 1 0.0 0.0 0.0
Se 1.612800648552e+00 9.510342879559e+00 2.289065375666e+01 1 1 1 0.0 0.0 0.0
Se 5.681033528016e+00 8.485211240535e+00 2.288773698458e+01 1 1 1 0.0 0.0 0.0
Se 9.742575331591e+00 7.482852056491e+00 2.290936043700e+01 1 1 1 0.0 0.0 0.0
Se 1.380138679223e+01 6.482463052263e+00 2.289681380318e+01 1 1 1 0.0 0.0 0.0
Se 4.514344752342e+00 1.251071956602e+01 2.289497946316e+01 1 1 1 0.0 0.0 0.0
Se 8.576843520053e+00 1.150796535116e+01 2.293988533868e+01 1 1 1 0.0 0.0 0.0
Se 1.264127023924e+01 1.051087063406e+01 2.293930160325e+01 1 1 1 0.0 0.0 0.0
Se 3.349509578735e+00 1.654574906025e+01 2.288840030826e+01 1 1 1 0.0 0.0 0.0
Se 7.406985978094e+00 1.553677505475e+01 2.289859623091e+01 1 1 1 0.0 0.0 0.0
Se 1.147259710180e+01 1.453411381634e+01 2.292213535788e+01 1 1 1 0.0 0.0 0.0
Se 4.448548652404e-01 1.352899878301e+01 2.290410597150e+01 1 1 1 0.0 0.0 0.0
Se 2.196953222343e+00 2.055524808058e+01 2.290981584694e+01 1 1 1 0.0 0.0 0.0
Se 6.258639914648e+00 1.955505159104e+01 2.289204639242e+01 1 1 1 0.0 0.0 0.0
Se 1.031595671415e+01 1.854784265626e+01 2.287668532940e+01 1 1 1 0.0 0.0 0.0
Se 1.438312414814e+01 1.754086502486e+01 2.288893657648e+01 1 1 1 0.0 0.0 0.0
Se 5.099436351161e+00 2.358463982020e+01 2.292476849096e+01 1 1 1 0.0 0.0 0.0
Se 9.162297764041e+00 2.257736976545e+01 2.287939773323e+01 1 1 1 0.0 0.0 0.0
Se 1.321969648018e+01 2.155472875206e+01 2.288384239878e+01 1 1 1 0.0 0.0 0.0
"
