description="Cu111-vac15
"  
#******** REAL SPACE GRID ********   
wavefunction_grid="128 160 128"  
potential_grid_refinement="2"  
  
#******* CONTROL OPTIONS *******  
start_mode          ="LCAO Start"  
calculation_mode    ="Quench Electrons  "  
kohn_sham_solver    ="davidson"  
subdiag_driver      ="auto"  
#auto: if cuda available, use cusolver, otherwise use lapack for n<128 and scaplack for large system  
cube_rho = "True"  
  
#********* K POINT SETUP *********  
kpoint_mesh = "1 1 1"  
kpoint_is_shift = "0 0 0"  
  
#******* Pseudopotentials *******   
internal_pseudo_type = "sg15"  
#use Optimized Norm-Conserving Vanderbilt (ONCV) pseudopotenitals  
#those pseudopotentials are built in with RMG  
write_pseudopotential_plots ="False"  
  
#*****Exchange Correlation ******  
exchange_correlation_type="AUTO_XC"  
#AUTO_XC: XC will be determined from pseudopotential  
  
#****  LATTICE and ATOMS  ****   
bravais_lattice_type="None"  
crds_units = "Angstrom"  
lattice_units = "Angstrom"  
lattice_vector="  
 2.545879936220e+01  0.000000000000e+00  0.000000000000e+00   
 0.000000000000e+00  3.086715316770e+01  0.000000000000e+00   
 0.000000000000e+00  0.000000000000e+00  2.500000000000e+01   
"  
atomic_coordinate_type = "Cell Relative"  
atoms="  
Cu  0.000000000000e+00 0.000000000000e+00 0.000000000000e+00  1 1 1   0.00   0.00   0.00  
Cu  5.000000400000e-02 7.142867900000e-02 0.000000000000e+00  1 1 1   0.00   0.00   0.00  
Cu  5.000000400000e-02 2.380945200000e-02 8.314800300000e-02  1 1 1   0.00   0.00   0.00  
Cu  0.000000000000e+00 9.523812700000e-02 8.314800300000e-02  1 1 1   0.00   0.00   0.00  
Cu  0.000000000000e+00 4.869577700000e-02 1.659419980000e-01  1 1 1   0.00   0.00   0.00  
Cu  5.012923100000e-02 1.207438860000e-01 1.688207980000e-01  1 1 1   0.00   0.00   0.00  
Cu  0.000000000000e+00 8.397280000000e-04 2.486416100000e-01  1 1 1   0.00   0.00   0.00  
Cu  5.034565600000e-02 7.214918700000e-02 2.483639870000e-01  1 1 1   0.00   0.00   0.00  
Cu  1.000000090000e-01 0.000000000000e+00 0.000000000000e+00  1 1 1   0.00   0.00   0.00  
Cu  1.500000060000e-01 7.142867900000e-02 0.000000000000e+00  1 1 1   0.00   0.00   0.00  
Cu  1.500000060000e-01 2.380945200000e-02 8.314800300000e-02  1 1 1   0.00   0.00   0.00  
Cu  1.000000090000e-01 9.523812700000e-02 8.314800300000e-02  1 1 1   0.00   0.00   0.00  
Cu  9.989237800000e-02 4.842817800000e-02 1.659111980000e-01  1 1 1   0.00   0.00   0.00  
Cu  1.494599130000e-01 1.199012400000e-01 1.670932020000e-01  1 1 1   0.00   0.00   0.00  
Cu  1.001598690000e-01 8.066830000000e-04 2.486919910000e-01  1 1 1   0.00   0.00   0.00  
Cu  1.506897510000e-01 7.206787200000e-02 2.481451930000e-01  1 1 1   0.00   0.00   0.00  
Cu  2.000000180000e-01 0.000000000000e+00 0.000000000000e+00  1 1 1   0.00   0.00   0.00  
Cu  2.500000000000e-01 7.142867900000e-02 0.000000000000e+00  1 1 1   0.00   0.00   0.00  
Cu  2.500000000000e-01 2.380945200000e-02 8.314800300000e-02  1 1 1   0.00   0.00   0.00  
Cu  2.000000180000e-01 9.523812700000e-02 8.314800300000e-02  1 1 1   0.00   0.00   0.00  
Cu  2.000656130000e-01 4.818487500000e-02 1.656764000000e-01  1 1 1   0.00   0.00   0.00  
Cu  2.505754530000e-01 1.191120520000e-01 1.650708020000e-01  1 1 1   0.00   0.00   0.00  
Cu  2.003845570000e-01 9.307630000000e-04 2.485976070000e-01  1 1 1   0.00   0.00   0.00  
Cu  2.507785260000e-01 7.202640200000e-02 2.479519990000e-01  1 1 1   0.00   0.00   0.00  
Cu  3.000000120000e-01 0.000000000000e+00 0.000000000000e+00  1 1 1   0.00   0.00   0.00  
Cu  3.499999940000e-01 7.142867900000e-02 0.000000000000e+00  1 1 1   0.00   0.00   0.00  
Cu  3.499999940000e-01 2.380945200000e-02 8.314800300000e-02  1 1 1   0.00   0.00   0.00  
Cu  3.000000120000e-01 9.523812700000e-02 8.314800300000e-02  1 1 1   0.00   0.00   0.00  
Cu  3.002679050000e-01 4.795842200000e-02 1.654700040000e-01  1 1 1   0.00   0.00   0.00  
Cu  3.505078850000e-01 1.193242520000e-01 1.653984040000e-01  1 1 1   0.00   0.00   0.00  
Cu  3.003468510000e-01 9.433980000000e-04 2.481451930000e-01  1 1 1   0.00   0.00   0.00  
Cu  3.504407110000e-01 7.219940400000e-02 2.479420160000e-01  1 1 1   0.00   0.00   0.00  
Cu  4.000000360000e-01 0.000000000000e+00 0.000000000000e+00  1 1 1   0.00   0.00   0.00  
Cu  4.500000180000e-01 7.142867900000e-02 0.000000000000e+00  1 1 1   0.00   0.00   0.00  
Cu  4.500000180000e-01 2.380945200000e-02 8.314800300000e-02  1 1 1   0.00   0.00   0.00  
Cu  4.000000360000e-01 9.523812700000e-02 8.314800300000e-02  1 1 1   0.00   0.00   0.00  
Cu  4.001598660000e-01 4.802580900000e-02 1.655015950000e-01  1 1 1   0.00   0.00   0.00  
Cu  4.502270520000e-01 1.194703650000e-01 1.654379960000e-01  1 1 1   0.00   0.00   0.00  
Cu  4.002474840000e-01 9.051690000000e-04 2.478540090000e-01  1 1 1   0.00   0.00   0.00  
Cu  4.501720670000e-01 7.226322600000e-02 2.477755990000e-01  1 1 1   0.00   0.00   0.00  
Cu  5.000000000000e-01 0.000000000000e+00 0.000000000000e+00  1 1 1   0.00   0.00   0.00  
Cu  5.500000120000e-01 7.142867900000e-02 0.000000000000e+00  1 1 1   0.00   0.00   0.00  
Cu  5.500000120000e-01 2.380945200000e-02 8.314800300000e-02  1 1 1   0.00   0.00   0.00  
Cu  5.000000000000e-01 9.523812700000e-02 8.314800300000e-02  1 1 1   0.00   0.00   0.00  
Cu  5.000000000000e-01 4.804135900000e-02 1.654163900000e-01  1 1 1   0.00   0.00   0.00  
Cu  5.497729780000e-01 1.194703650000e-01 1.654379960000e-01  1 1 1   0.00   0.00   0.00  
Cu  5.000000000000e-01 9.061410000000e-04 2.477355900000e-01  1 1 1   0.00   0.00   0.00  
Cu  5.498279930000e-01 7.226322600000e-02 2.477755990000e-01  1 1 1   0.00   0.00   0.00  
Cu  6.000000240000e-01 0.000000000000e+00 0.000000000000e+00  1 1 1   0.00   0.00   0.00  
Cu  6.500000360000e-01 7.142867900000e-02 0.000000000000e+00  1 1 1   0.00   0.00   0.00  
Cu  6.500000360000e-01 2.380945200000e-02 8.314800300000e-02  1 1 1   0.00   0.00   0.00  
Cu  6.000000240000e-01 9.523812700000e-02 8.314800300000e-02  1 1 1   0.00   0.00   0.00  
Cu  5.998401640000e-01 4.802580900000e-02 1.655015950000e-01  1 1 1   0.00   0.00   0.00  
Cu  6.494921450000e-01 1.193242520000e-01 1.653984040000e-01  1 1 1   0.00   0.00   0.00  
Cu  5.997525450000e-01 9.051690000000e-04 2.478540090000e-01  1 1 1   0.00   0.00   0.00  
Cu  6.495593190000e-01 7.219940400000e-02 2.479420160000e-01  1 1 1   0.00   0.00   0.00  
Cu  6.999999880000e-01 0.000000000000e+00 0.000000000000e+00  1 1 1   0.00   0.00   0.00  
Cu  7.500000600000e-01 7.142867900000e-02 0.000000000000e+00  1 1 1   0.00   0.00   0.00  
Cu  7.500000600000e-01 2.380945200000e-02 8.314800300000e-02  1 1 1   0.00   0.00   0.00  
Cu  6.999999880000e-01 9.523812700000e-02 8.314800300000e-02  1 1 1   0.00   0.00   0.00  
Cu  6.997321840000e-01 4.795842200000e-02 1.654700040000e-01  1 1 1   0.00   0.00   0.00  
Cu  7.494246360000e-01 1.191120520000e-01 1.650708020000e-01  1 1 1   0.00   0.00   0.00  
Cu  6.996532080000e-01 9.433980000000e-04 2.481451930000e-01  1 1 1   0.00   0.00   0.00  
Cu  7.492215040000e-01 7.202640200000e-02 2.479519990000e-01  1 1 1   0.00   0.00   0.00  
Cu  8.000000720000e-01 0.000000000000e+00 0.000000000000e+00  1 1 1   0.00   0.00   0.00  
Cu  8.500000240000e-01 7.142867900000e-02 0.000000000000e+00  1 1 1   0.00   0.00   0.00  
Cu  8.500000240000e-01 2.380945200000e-02 8.314800300000e-02  1 1 1   0.00   0.00   0.00  
Cu  8.000000720000e-01 9.523812700000e-02 8.314800300000e-02  1 1 1   0.00   0.00   0.00  
Cu  7.999344470000e-01 4.818487500000e-02 1.656764000000e-01  1 1 1   0.00   0.00   0.00  
Cu  8.505401610000e-01 1.199012400000e-01 1.670932020000e-01  1 1 1   0.00   0.00   0.00  
Cu  7.996155020000e-01 9.307630000000e-04 2.485976070000e-01  1 1 1   0.00   0.00   0.00  
Cu  8.493102790000e-01 7.206787200000e-02 2.481451930000e-01  1 1 1   0.00   0.00   0.00  
Cu  9.000000360000e-01 0.000000000000e+00 0.000000000000e+00  1 1 1   0.00   0.00   0.00  
Cu  9.500000480000e-01 7.142867900000e-02 0.000000000000e+00  1 1 1   0.00   0.00   0.00  
Cu  9.500000480000e-01 2.380945200000e-02 8.314800300000e-02  1 1 1   0.00   0.00   0.00  
Cu  9.000000360000e-01 9.523812700000e-02 8.314800300000e-02  1 1 1   0.00   0.00   0.00  
Cu  9.001076820000e-01 4.842817800000e-02 1.659111980000e-01  1 1 1   0.00   0.00   0.00  
Cu  9.498707650000e-01 1.207438860000e-01 1.688207980000e-01  1 1 1   0.00   0.00   0.00  
Cu  8.998405340000e-01 8.066830000000e-04 2.486919910000e-01  1 1 1   0.00   0.00   0.00  
Cu  9.496543410000e-01 7.214918700000e-02 2.483639870000e-01  1 1 1   0.00   0.00   0.00  
Cu  0.000000000000e+00 1.428570300000e-01 0.000000000000e+00  1 1 1   0.00   0.00   0.00  
Cu  5.000000400000e-02 2.142857160000e-01 0.000000000000e+00  1 1 1   0.00   0.00   0.00  
Cu  5.000000400000e-02 1.666668060000e-01 8.314800300000e-02  1 1 1   0.00   0.00   0.00  
Cu  0.000000000000e+00 2.380951640000e-01 8.314800300000e-02  1 1 1   0.00   0.00   0.00  
Cu  0.000000000000e+00 1.915528180000e-01 1.659419980000e-01  1 1 1   0.00   0.00   0.00  
Cu  5.012923100000e-02 2.636009160000e-01 1.688207980000e-01  1 1 1   0.00   0.00   0.00  
Cu  0.000000000000e+00 1.436967700000e-01 2.486416100000e-01  1 1 1   0.00   0.00   0.00  
Cu  5.034565600000e-02 2.150062170000e-01 2.483639870000e-01  1 1 1   0.00   0.00   0.00  
Cu  1.000000090000e-01 1.428570300000e-01 0.000000000000e+00  1 1 1   0.00   0.00   0.00  
Cu  1.500000060000e-01 2.142857160000e-01 0.000000000000e+00  1 1 1   0.00   0.00   0.00  
Cu  1.500000060000e-01 1.666668060000e-01 8.314800300000e-02  1 1 1   0.00   0.00   0.00  
Cu  1.000000090000e-01 2.380951640000e-01 8.314800300000e-02  1 1 1   0.00   0.00   0.00  
Cu  9.989237800000e-02 1.912852080000e-01 1.659111980000e-01  1 1 1   0.00   0.00   0.00  
Cu  1.494599130000e-01 2.627582850000e-01 1.670932020000e-01  1 1 1   0.00   0.00   0.00  
Cu  1.001598690000e-01 1.436640470000e-01 2.486919910000e-01  1 1 1   0.00   0.00   0.00  
Cu  1.506897510000e-01 2.149252300000e-01 2.481451930000e-01  1 1 1   0.00   0.00   0.00  
Cu  2.000000180000e-01 1.428570300000e-01 0.000000000000e+00  1 1 1   0.00   0.00   0.00  
Cu  2.500000000000e-01 2.142857160000e-01 0.000000000000e+00  1 1 1   0.00   0.00   0.00  
Cu  2.500000000000e-01 1.666668060000e-01 8.314800300000e-02  1 1 1   0.00   0.00   0.00  
Cu  2.000000180000e-01 2.380951640000e-01 8.314800300000e-02  1 1 1   0.00   0.00   0.00  
Cu  2.000656130000e-01 1.910419170000e-01 1.656764000000e-01  1 1 1   0.00   0.00   0.00  
Cu  2.505754530000e-01 2.619694170000e-01 1.650708020000e-01  1 1 1   0.00   0.00   0.00  
Cu  2.003845570000e-01 1.437881290000e-01 2.485976070000e-01  1 1 1   0.00   0.00   0.00  
Cu  2.507785260000e-01 2.148834470000e-01 2.479519990000e-01  1 1 1   0.00   0.00   0.00  
Cu  3.000000120000e-01 1.428570300000e-01 0.000000000000e+00  1 1 1   0.00   0.00   0.00  
Cu  3.499999940000e-01 2.142857160000e-01 0.000000000000e+00  1 1 1   0.00   0.00   0.00  
Cu  3.499999940000e-01 1.666668060000e-01 8.314800300000e-02  1 1 1   0.00   0.00   0.00  
Cu  3.000000120000e-01 2.380951640000e-01 8.314800300000e-02  1 1 1   0.00   0.00   0.00  
Cu  3.002679050000e-01 1.908157770000e-01 1.654700040000e-01  1 1 1   0.00   0.00   0.00  
Cu  3.505078850000e-01 2.621812820000e-01 1.653984040000e-01  1 1 1   0.00   0.00   0.00  
Cu  3.003468510000e-01 1.438007650000e-01 2.481451930000e-01  1 1 1   0.00   0.00   0.00  
Cu  3.504407110000e-01 2.150564340000e-01 2.479420160000e-01  1 1 1   0.00   0.00   0.00  
Cu  4.000000360000e-01 1.428570300000e-01 0.000000000000e+00  1 1 1   0.00   0.00   0.00  
Cu  4.500000180000e-01 2.142857160000e-01 0.000000000000e+00  1 1 1   0.00   0.00   0.00  
Cu  4.500000180000e-01 1.666668060000e-01 8.314800300000e-02  1 1 1   0.00   0.00   0.00  
Cu  4.000000360000e-01 2.380951640000e-01 8.314800300000e-02  1 1 1   0.00   0.00   0.00  
Cu  4.001598660000e-01 1.908828470000e-01 1.655015950000e-01  1 1 1   0.00   0.00   0.00  
Cu  4.502270520000e-01 2.623273730000e-01 1.654379960000e-01  1 1 1   0.00   0.00   0.00  
Cu  4.002474840000e-01 1.437625290000e-01 2.478540090000e-01  1 1 1   0.00   0.00   0.00  
Cu  4.501720670000e-01 2.151202560000e-01 2.477755990000e-01  1 1 1   0.00   0.00   0.00  
Cu  5.000000000000e-01 1.428570300000e-01 0.000000000000e+00  1 1 1   0.00   0.00   0.00  
Cu  5.500000120000e-01 2.142857160000e-01 0.000000000000e+00  1 1 1   0.00   0.00   0.00  
Cu  5.500000120000e-01 1.666668060000e-01 8.314800300000e-02  1 1 1   0.00   0.00   0.00  
Cu  5.000000000000e-01 2.380951640000e-01 8.314800300000e-02  1 1 1   0.00   0.00   0.00  
Cu  5.000000000000e-01 1.908987160000e-01 1.654163900000e-01  1 1 1   0.00   0.00   0.00  
Cu  5.497729780000e-01 2.623273730000e-01 1.654379960000e-01  1 1 1   0.00   0.00   0.00  
Cu  5.000000000000e-01 1.437631850000e-01 2.477355900000e-01  1 1 1   0.00   0.00   0.00  
Cu  5.498279930000e-01 2.151202560000e-01 2.477755990000e-01  1 1 1   0.00   0.00   0.00  
Cu  6.000000240000e-01 1.428570300000e-01 0.000000000000e+00  1 1 1   0.00   0.00   0.00  
Cu  6.500000360000e-01 2.142857160000e-01 0.000000000000e+00  1 1 1   0.00   0.00   0.00  
Cu  6.500000360000e-01 1.666668060000e-01 8.314800300000e-02  1 1 1   0.00   0.00   0.00  
Cu  6.000000240000e-01 2.380951640000e-01 8.314800300000e-02  1 1 1   0.00   0.00   0.00  
Cu  5.998401640000e-01 1.908828470000e-01 1.655015950000e-01  1 1 1   0.00   0.00   0.00  
Cu  6.494921450000e-01 2.621812820000e-01 1.653984040000e-01  1 1 1   0.00   0.00   0.00  
Cu  5.997525450000e-01 1.437625290000e-01 2.478540090000e-01  1 1 1   0.00   0.00   0.00  
Cu  6.495593190000e-01 2.150564340000e-01 2.479420160000e-01  1 1 1   0.00   0.00   0.00  
Cu  6.999999880000e-01 1.428570300000e-01 0.000000000000e+00  1 1 1   0.00   0.00   0.00  
Cu  7.500000600000e-01 2.142857160000e-01 0.000000000000e+00  1 1 1   0.00   0.00   0.00  
Cu  7.500000600000e-01 1.666668060000e-01 8.314800300000e-02  1 1 1   0.00   0.00   0.00  
Cu  6.999999880000e-01 2.380951640000e-01 8.314800300000e-02  1 1 1   0.00   0.00   0.00  
Cu  6.997321840000e-01 1.908157770000e-01 1.654700040000e-01  1 1 1   0.00   0.00   0.00  
Cu  7.494246360000e-01 2.619694170000e-01 1.650708020000e-01  1 1 1   0.00   0.00   0.00  
Cu  6.996532080000e-01 1.438007650000e-01 2.481451930000e-01  1 1 1   0.00   0.00   0.00  
Cu  7.492215040000e-01 2.148834470000e-01 2.479519990000e-01  1 1 1   0.00   0.00   0.00  
Cu  8.000000720000e-01 1.428570300000e-01 0.000000000000e+00  1 1 1   0.00   0.00   0.00  
Cu  8.500000240000e-01 2.142857160000e-01 0.000000000000e+00  1 1 1   0.00   0.00   0.00  
Cu  8.500000240000e-01 1.666668060000e-01 8.314800300000e-02  1 1 1   0.00   0.00   0.00  
Cu  8.000000720000e-01 2.380951640000e-01 8.314800300000e-02  1 1 1   0.00   0.00   0.00  
Cu  7.999344470000e-01 1.910419170000e-01 1.656764000000e-01  1 1 1   0.00   0.00   0.00  
Cu  8.505401610000e-01 2.627582850000e-01 1.670932020000e-01  1 1 1   0.00   0.00   0.00  
Cu  7.996155020000e-01 1.437881290000e-01 2.485976070000e-01  1 1 1   0.00   0.00   0.00  
Cu  8.493102790000e-01 2.149252300000e-01 2.481451930000e-01  1 1 1   0.00   0.00   0.00  
Cu  9.000000360000e-01 1.428570300000e-01 0.000000000000e+00  1 1 1   0.00   0.00   0.00  
Cu  9.500000480000e-01 2.142857160000e-01 0.000000000000e+00  1 1 1   0.00   0.00   0.00  
Cu  9.500000480000e-01 1.666668060000e-01 8.314800300000e-02  1 1 1   0.00   0.00   0.00  
Cu  9.000000360000e-01 2.380951640000e-01 8.314800300000e-02  1 1 1   0.00   0.00   0.00  
Cu  9.001076820000e-01 1.912852080000e-01 1.659111980000e-01  1 1 1   0.00   0.00   0.00  
Cu  9.498707650000e-01 2.636009160000e-01 1.688207980000e-01  1 1 1   0.00   0.00   0.00  
Cu  8.998405340000e-01 1.436640470000e-01 2.486919910000e-01  1 1 1   0.00   0.00   0.00  
Cu  9.496543410000e-01 2.150062170000e-01 2.483639870000e-01  1 1 1   0.00   0.00   0.00  
Cu  0.000000000000e+00 2.857143880000e-01 0.000000000000e+00  1 1 1   0.00   0.00   0.00  
Cu  5.000000400000e-02 3.571427460000e-01 0.000000000000e+00  1 1 1   0.00   0.00   0.00  
Cu  5.000000400000e-02 3.095238510000e-01 8.314800300000e-02  1 1 1   0.00   0.00   0.00  
Cu  0.000000000000e+00 3.809525070000e-01 8.314800300000e-02  1 1 1   0.00   0.00   0.00  
Cu  0.000000000000e+00 3.344101910000e-01 1.659419980000e-01  1 1 1   0.00   0.00   0.00  
Cu  5.012923100000e-02 4.064579610000e-01 1.688207980000e-01  1 1 1   0.00   0.00   0.00  
Cu  0.000000000000e+00 2.865541280000e-01 2.486416100000e-01  1 1 1   0.00   0.00   0.00  
Cu  5.034565600000e-02 3.578632470000e-01 2.483639870000e-01  1 1 1   0.00   0.00   0.00  
Cu  1.000000090000e-01 2.857143880000e-01 0.000000000000e+00  1 1 1   0.00   0.00   0.00  
Cu  1.500000060000e-01 3.571427460000e-01 0.000000000000e+00  1 1 1   0.00   0.00   0.00  
Cu  1.500000060000e-01 3.095238510000e-01 8.314800300000e-02  1 1 1   0.00   0.00   0.00  
Cu  1.000000090000e-01 3.809525070000e-01 8.314800300000e-02  1 1 1   0.00   0.00   0.00  
Cu  9.989237800000e-02 3.341425660000e-01 1.659111980000e-01  1 1 1   0.00   0.00   0.00  
Cu  1.494599130000e-01 4.056156280000e-01 1.670932020000e-01  1 1 1   0.00   0.00   0.00  
Cu  1.001598690000e-01 2.865210770000e-01 2.486919910000e-01  1 1 1   0.00   0.00   0.00  
Cu  1.506897510000e-01 3.577822740000e-01 2.481451930000e-01  1 1 1   0.00   0.00   0.00  
Cu  2.000000180000e-01 2.857143880000e-01 0.000000000000e+00  1 1 1   0.00   0.00   0.00  
Cu  2.500000000000e-01 3.571427460000e-01 0.000000000000e+00  1 1 1   0.00   0.00   0.00  
Cu  2.500000000000e-01 3.095238510000e-01 8.314800300000e-02  1 1 1   0.00   0.00   0.00  
Cu  2.000000180000e-01 3.809525070000e-01 8.314800300000e-02  1 1 1   0.00   0.00   0.00  
Cu  2.000656130000e-01 3.338989320000e-01 1.656764000000e-01  1 1 1   0.00   0.00   0.00  
Cu  2.505754530000e-01 4.048264620000e-01 1.650708020000e-01  1 1 1   0.00   0.00   0.00  
Cu  2.003845570000e-01 2.866451740000e-01 2.485976070000e-01  1 1 1   0.00   0.00   0.00  
Cu  2.507785260000e-01 3.577404620000e-01 2.479519990000e-01  1 1 1   0.00   0.00   0.00  
Cu  3.000000120000e-01 2.857143880000e-01 0.000000000000e+00  1 1 1   0.00   0.00   0.00  
Cu  3.499999940000e-01 3.571427460000e-01 0.000000000000e+00  1 1 1   0.00   0.00   0.00  
Cu  3.499999940000e-01 3.095238510000e-01 8.314800300000e-02  1 1 1   0.00   0.00   0.00  
Cu  3.000000120000e-01 3.809525070000e-01 8.314800300000e-02  1 1 1   0.00   0.00   0.00  
Cu  3.002679050000e-01 3.336728220000e-01 1.654700040000e-01  1 1 1   0.00   0.00   0.00  
Cu  3.505078850000e-01 4.050386550000e-01 1.653984040000e-01  1 1 1   0.00   0.00   0.00  
Cu  3.003468510000e-01 2.866578100000e-01 2.481451930000e-01  1 1 1   0.00   0.00   0.00  
Cu  3.504407110000e-01 3.579134640000e-01 2.479420160000e-01  1 1 1   0.00   0.00   0.00  
Cu  4.000000360000e-01 2.857143880000e-01 0.000000000000e+00  1 1 1   0.00   0.00   0.00  
Cu  4.500000180000e-01 3.571427460000e-01 0.000000000000e+00  1 1 1   0.00   0.00   0.00  
Cu  4.500000180000e-01 3.095238510000e-01 8.314800300000e-02  1 1 1   0.00   0.00   0.00  
Cu  4.000000360000e-01 3.809525070000e-01 8.314800300000e-02  1 1 1   0.00   0.00   0.00  
Cu  4.001598660000e-01 3.337402050000e-01 1.655015950000e-01  1 1 1   0.00   0.00   0.00  
Cu  4.502270520000e-01 4.051847460000e-01 1.654379960000e-01  1 1 1   0.00   0.00   0.00  
Cu  4.002474840000e-01 2.866195440000e-01 2.478540090000e-01  1 1 1   0.00   0.00   0.00  
Cu  4.501720670000e-01 3.579776290000e-01 2.477755990000e-01  1 1 1   0.00   0.00   0.00  
Cu  5.000000000000e-01 2.857143880000e-01 0.000000000000e+00  1 1 1   0.00   0.00   0.00  
Cu  5.500000120000e-01 3.571427460000e-01 0.000000000000e+00  1 1 1   0.00   0.00   0.00  
Cu  5.500000120000e-01 3.095238510000e-01 8.314800300000e-02  1 1 1   0.00   0.00   0.00  
Cu  5.000000000000e-01 3.809525070000e-01 8.314800300000e-02  1 1 1   0.00   0.00   0.00  
Cu  5.000000000000e-01 3.337557320000e-01 1.654163900000e-01  1 1 1   0.00   0.00   0.00  
Cu  5.497729780000e-01 4.051847460000e-01 1.654379960000e-01  1 1 1   0.00   0.00   0.00  
Cu  5.000000000000e-01 2.866202000000e-01 2.477355900000e-01  1 1 1   0.00   0.00   0.00  
Cu  5.498279930000e-01 3.579776290000e-01 2.477755990000e-01  1 1 1   0.00   0.00   0.00  
Cu  6.000000240000e-01 2.857143880000e-01 0.000000000000e+00  1 1 1   0.00   0.00   0.00  
Cu  6.500000360000e-01 3.571427460000e-01 0.000000000000e+00  1 1 1   0.00   0.00   0.00  
Cu  6.500000360000e-01 3.095238510000e-01 8.314800300000e-02  1 1 1   0.00   0.00   0.00  
Cu  6.000000240000e-01 3.809525070000e-01 8.314800300000e-02  1 1 1   0.00   0.00   0.00  
Cu  5.998401640000e-01 3.337402050000e-01 1.655015950000e-01  1 1 1   0.00   0.00   0.00  
Cu  6.494921450000e-01 4.050386550000e-01 1.653984040000e-01  1 1 1   0.00   0.00   0.00  
Cu  5.997525450000e-01 2.866195440000e-01 2.478540090000e-01  1 1 1   0.00   0.00   0.00  
Cu  6.495593190000e-01 3.579134640000e-01 2.479420160000e-01  1 1 1   0.00   0.00   0.00  
Cu  6.999999880000e-01 2.857143880000e-01 0.000000000000e+00  1 1 1   0.00   0.00   0.00  
Cu  7.500000600000e-01 3.571427460000e-01 0.000000000000e+00  1 1 1   0.00   0.00   0.00  
Cu  7.500000600000e-01 3.095238510000e-01 8.314800300000e-02  1 1 1   0.00   0.00   0.00  
Cu  6.999999880000e-01 3.809525070000e-01 8.314800300000e-02  1 1 1   0.00   0.00   0.00  
Cu  6.997321840000e-01 3.336728220000e-01 1.654700040000e-01  1 1 1   0.00   0.00   0.00  
Cu  7.494246360000e-01 4.048264620000e-01 1.650708020000e-01  1 1 1   0.00   0.00   0.00  
Cu  6.996532080000e-01 2.866578100000e-01 2.481451930000e-01  1 1 1   0.00   0.00   0.00  
Cu  7.492215040000e-01 3.577404620000e-01 2.479519990000e-01  1 1 1   0.00   0.00   0.00  
Cu  8.000000720000e-01 2.857143880000e-01 0.000000000000e+00  1 1 1   0.00   0.00   0.00  
Cu  8.500000240000e-01 3.571427460000e-01 0.000000000000e+00  1 1 1   0.00   0.00   0.00  
Cu  8.500000240000e-01 3.095238510000e-01 8.314800300000e-02  1 1 1   0.00   0.00   0.00  
Cu  8.000000720000e-01 3.809525070000e-01 8.314800300000e-02  1 1 1   0.00   0.00   0.00  
Cu  7.999344470000e-01 3.338989320000e-01 1.656764000000e-01  1 1 1   0.00   0.00   0.00  
Cu  8.505401610000e-01 4.056156280000e-01 1.670932020000e-01  1 1 1   0.00   0.00   0.00  
Cu  7.996155020000e-01 2.866451740000e-01 2.485976070000e-01  1 1 1   0.00   0.00   0.00  
Cu  8.493102790000e-01 3.577822740000e-01 2.481451930000e-01  1 1 1   0.00   0.00   0.00  
Cu  9.000000360000e-01 2.857143880000e-01 0.000000000000e+00  1 1 1   0.00   0.00   0.00  
Cu  9.500000480000e-01 3.571427460000e-01 0.000000000000e+00  1 1 1   0.00   0.00   0.00  
Cu  9.500000480000e-01 3.095238510000e-01 8.314800300000e-02  1 1 1   0.00   0.00   0.00  
Cu  9.000000360000e-01 3.809525070000e-01 8.314800300000e-02  1 1 1   0.00   0.00   0.00  
Cu  9.001076820000e-01 3.341425660000e-01 1.659111980000e-01  1 1 1   0.00   0.00   0.00  
Cu  9.498707650000e-01 4.064579610000e-01 1.688207980000e-01  1 1 1   0.00   0.00   0.00  
Cu  8.998405340000e-01 2.865210770000e-01 2.486919910000e-01  1 1 1   0.00   0.00   0.00  
Cu  9.496543410000e-01 3.578632470000e-01 2.483639870000e-01  1 1 1   0.00   0.00   0.00  
Cu  0.000000000000e+00 4.285714330000e-01 0.000000000000e+00  1 1 1   0.00   0.00   0.00  
Cu  5.000000400000e-02 5.000001190000e-01 0.000000000000e+00  1 1 1   0.00   0.00   0.00  
Cu  5.000000400000e-02 4.523808660000e-01 8.314800300000e-02  1 1 1   0.00   0.00   0.00  
Cu  0.000000000000e+00 5.238095520000e-01 8.314800300000e-02  1 1 1   0.00   0.00   0.00  
Cu  0.000000000000e+00 4.772672060000e-01 1.659419980000e-01  1 1 1   0.00   0.00   0.00  
Cu  5.012923100000e-02 5.493152740000e-01 1.688207980000e-01  1 1 1   0.00   0.00   0.00  
Cu  0.000000000000e+00 4.294111430000e-01 2.486416100000e-01  1 1 1   0.00   0.00   0.00  
Cu  5.034565600000e-02 5.007206200000e-01 2.483639870000e-01  1 1 1   0.00   0.00   0.00  
Cu  1.000000090000e-01 4.285714330000e-01 0.000000000000e+00  1 1 1   0.00   0.00   0.00  
Cu  1.500000060000e-01 5.000001190000e-01 0.000000000000e+00  1 1 1   0.00   0.00   0.00  
Cu  1.500000060000e-01 4.523808660000e-01 8.314800300000e-02  1 1 1   0.00   0.00   0.00  
Cu  1.000000090000e-01 5.238095520000e-01 8.314800300000e-02  1 1 1   0.00   0.00   0.00  
Cu  9.989237800000e-02 4.769996110000e-01 1.659111980000e-01  1 1 1   0.00   0.00   0.00  
Cu  1.494599130000e-01 5.484727030000e-01 1.670932020000e-01  1 1 1   0.00   0.00   0.00  
Cu  1.001598690000e-01 4.293781220000e-01 2.486919910000e-01  1 1 1   0.00   0.00   0.00  
Cu  1.506897510000e-01 5.006393190000e-01 2.481451930000e-01  1 1 1   0.00   0.00   0.00  
Cu  2.000000180000e-01 4.285714330000e-01 0.000000000000e+00  1 1 1   0.00   0.00   0.00  
Cu  2.500000000000e-01 5.000001190000e-01 0.000000000000e+00  1 1 1   0.00   0.00   0.00  
Cu  2.500000000000e-01 4.523808660000e-01 8.314800300000e-02  1 1 1   0.00   0.00   0.00  
Cu  2.000000180000e-01 5.238095520000e-01 8.314800300000e-02  1 1 1   0.00   0.00   0.00  
Cu  2.000656130000e-01 4.767563050000e-01 1.656764000000e-01  1 1 1   0.00   0.00   0.00  
Cu  2.505754530000e-01 5.476834770000e-01 1.650708020000e-01  1 1 1   0.00   0.00   0.00  
Cu  2.003845570000e-01 4.295021890000e-01 2.485976070000e-01  1 1 1   0.00   0.00   0.00  
Cu  2.507785260000e-01 5.005978350000e-01 2.479519990000e-01  1 1 1   0.00   0.00   0.00  
Cu  3.000000120000e-01 4.285714330000e-01 0.000000000000e+00  1 1 1   0.00   0.00   0.00  
Cu  3.499999940000e-01 5.000001190000e-01 0.000000000000e+00  1 1 1   0.00   0.00   0.00  
Cu  3.499999940000e-01 4.523808660000e-01 8.314800300000e-02  1 1 1   0.00   0.00   0.00  
Cu  3.000000120000e-01 5.238095520000e-01 8.314800300000e-02  1 1 1   0.00   0.00   0.00  
Cu  3.002679050000e-01 4.765298370000e-01 1.654700040000e-01  1 1 1   0.00   0.00   0.00  
Cu  3.505078850000e-01 5.478956700000e-01 1.653984040000e-01  1 1 1   0.00   0.00   0.00  
Cu  3.003468510000e-01 4.295148250000e-01 2.481451930000e-01  1 1 1   0.00   0.00   0.00  
Cu  3.504407110000e-01 5.007708070000e-01 2.479420160000e-01  1 1 1   0.00   0.00   0.00  
Cu  4.000000360000e-01 4.285714330000e-01 0.000000000000e+00  1 1 1   0.00   0.00   0.00  
Cu  4.500000180000e-01 5.000001190000e-01 0.000000000000e+00  1 1 1   0.00   0.00   0.00  
Cu  4.500000180000e-01 4.523808660000e-01 8.314800300000e-02  1 1 1   0.00   0.00   0.00  
Cu  4.000000360000e-01 5.238095520000e-01 8.314800300000e-02  1 1 1   0.00   0.00   0.00  
Cu  4.001598660000e-01 4.765972200000e-01 1.655015950000e-01  1 1 1   0.00   0.00   0.00  
Cu  4.502270520000e-01 5.480418210000e-01 1.654379960000e-01  1 1 1   0.00   0.00   0.00  
Cu  4.002474840000e-01 4.294765890000e-01 2.478540090000e-01  1 1 1   0.00   0.00   0.00  
Cu  4.501720670000e-01 5.008346440000e-01 2.477755990000e-01  1 1 1   0.00   0.00   0.00  
Cu  5.000000000000e-01 4.285714330000e-01 0.000000000000e+00  1 1 1   0.00   0.00   0.00  
Cu  5.500000120000e-01 5.000001190000e-01 0.000000000000e+00  1 1 1   0.00   0.00   0.00  
Cu  5.500000120000e-01 4.523808660000e-01 8.314800300000e-02  1 1 1   0.00   0.00   0.00  
Cu  5.000000000000e-01 5.238095520000e-01 8.314800300000e-02  1 1 1   0.00   0.00   0.00  
Cu  5.000000000000e-01 4.766128060000e-01 1.654163900000e-01  1 1 1   0.00   0.00   0.00  
Cu  5.497729780000e-01 5.480418210000e-01 1.654379960000e-01  1 1 1   0.00   0.00   0.00  
Cu  5.000000000000e-01 4.294775720000e-01 2.477355900000e-01  1 1 1   0.00   0.00   0.00  
Cu  5.498279930000e-01 5.008346440000e-01 2.477755990000e-01  1 1 1   0.00   0.00   0.00  
Cu  6.000000240000e-01 4.285714330000e-01 0.000000000000e+00  1 1 1   0.00   0.00   0.00  
Cu  6.500000360000e-01 5.000001190000e-01 0.000000000000e+00  1 1 1   0.00   0.00   0.00  
Cu  6.500000360000e-01 4.523808660000e-01 8.314800300000e-02  1 1 1   0.00   0.00   0.00  
Cu  6.000000240000e-01 5.238095520000e-01 8.314800300000e-02  1 1 1   0.00   0.00   0.00  
Cu  5.998401640000e-01 4.765972200000e-01 1.655015950000e-01  1 1 1   0.00   0.00   0.00  
Cu  6.494921450000e-01 5.478956700000e-01 1.653984040000e-01  1 1 1   0.00   0.00   0.00  
Cu  5.997525450000e-01 4.294765890000e-01 2.478540090000e-01  1 1 1   0.00   0.00   0.00  
Cu  6.495593190000e-01 5.007708070000e-01 2.479420160000e-01  1 1 1   0.00   0.00   0.00  
Cu  6.999999880000e-01 4.285714330000e-01 0.000000000000e+00  1 1 1   0.00   0.00   0.00  
Cu  7.500000600000e-01 5.000001190000e-01 0.000000000000e+00  1 1 1   0.00   0.00   0.00  
Cu  7.500000600000e-01 4.523808660000e-01 8.314800300000e-02  1 1 1   0.00   0.00   0.00  
Cu  6.999999880000e-01 5.238095520000e-01 8.314800300000e-02  1 1 1   0.00   0.00   0.00  
Cu  6.997321840000e-01 4.765298370000e-01 1.654700040000e-01  1 1 1   0.00   0.00   0.00  
Cu  7.494246360000e-01 5.476834770000e-01 1.650708020000e-01  1 1 1   0.00   0.00   0.00  
Cu  6.996532080000e-01 4.295148250000e-01 2.481451930000e-01  1 1 1   0.00   0.00   0.00  
Cu  7.492215040000e-01 5.005978350000e-01 2.479519990000e-01  1 1 1   0.00   0.00   0.00  
Cu  8.000000720000e-01 4.285714330000e-01 0.000000000000e+00  1 1 1   0.00   0.00   0.00  
Cu  8.500000240000e-01 5.000001190000e-01 0.000000000000e+00  1 1 1   0.00   0.00   0.00  
Cu  8.500000240000e-01 4.523808660000e-01 8.314800300000e-02  1 1 1   0.00   0.00   0.00  
Cu  8.000000720000e-01 5.238095520000e-01 8.314800300000e-02  1 1 1   0.00   0.00   0.00  
Cu  7.999344470000e-01 4.767563050000e-01 1.656764000000e-01  1 1 1   0.00   0.00   0.00  
Cu  8.505401610000e-01 5.484727030000e-01 1.670932020000e-01  1 1 1   0.00   0.00   0.00  
Cu  7.996155020000e-01 4.295021890000e-01 2.485976070000e-01  1 1 1   0.00   0.00   0.00  
Cu  8.493102790000e-01 5.006393190000e-01 2.481451930000e-01  1 1 1   0.00   0.00   0.00  
Cu  9.000000360000e-01 4.285714330000e-01 0.000000000000e+00  1 1 1   0.00   0.00   0.00  
Cu  9.500000480000e-01 5.000001190000e-01 0.000000000000e+00  1 1 1   0.00   0.00   0.00  
Cu  9.500000480000e-01 4.523808660000e-01 8.314800300000e-02  1 1 1   0.00   0.00   0.00  
Cu  9.000000360000e-01 5.238095520000e-01 8.314800300000e-02  1 1 1   0.00   0.00   0.00  
Cu  9.001076820000e-01 4.769996110000e-01 1.659111980000e-01  1 1 1   0.00   0.00   0.00  
Cu  9.498707650000e-01 5.493152740000e-01 1.688207980000e-01  1 1 1   0.00   0.00   0.00  
Cu  8.998405340000e-01 4.293781220000e-01 2.486919910000e-01  1 1 1   0.00   0.00   0.00  
Cu  9.496543410000e-01 5.007206200000e-01 2.483639870000e-01  1 1 1   0.00   0.00   0.00  
Cu  0.000000000000e+00 5.714284780000e-01 0.000000000000e+00  1 1 1   0.00   0.00   0.00  
Cu  5.000000400000e-02 6.428571340000e-01 0.000000000000e+00  1 1 1   0.00   0.00   0.00  
Cu  5.000000400000e-02 5.952382680000e-01 8.314800300000e-02  1 1 1   0.00   0.00   0.00  
Cu  0.000000000000e+00 6.666666270000e-01 8.314800300000e-02  1 1 1   0.00   0.00   0.00  
Cu  0.000000000000e+00 6.201242210000e-01 1.659419980000e-01  1 1 1   0.00   0.00   0.00  
Cu  5.012923100000e-02 6.921723480000e-01 1.688207980000e-01  1 1 1   0.00   0.00   0.00  
Cu  0.000000000000e+00 5.722681880000e-01 2.486416100000e-01  1 1 1   0.00   0.00   0.00  
Cu  5.034565600000e-02 6.435776350000e-01 2.483639870000e-01  1 1 1   0.00   0.00   0.00  
Cu  1.000000090000e-01 5.714284780000e-01 0.000000000000e+00  1 1 1   0.00   0.00   0.00  
Cu  1.500000060000e-01 6.428571340000e-01 0.000000000000e+00  1 1 1   0.00   0.00   0.00  
Cu  1.500000060000e-01 5.952382680000e-01 8.314800300000e-02  1 1 1   0.00   0.00   0.00  
Cu  1.000000090000e-01 6.666666270000e-01 8.314800300000e-02  1 1 1   0.00   0.00   0.00  
Cu  9.989237800000e-02 6.198565960000e-01 1.659111980000e-01  1 1 1   0.00   0.00   0.00  
Cu  1.494599130000e-01 6.913297180000e-01 1.670932020000e-01  1 1 1   0.00   0.00   0.00  
Cu  1.001598690000e-01 5.722354650000e-01 2.486919910000e-01  1 1 1   0.00   0.00   0.00  
Cu  1.506897510000e-01 6.434966330000e-01 2.481451930000e-01  1 1 1   0.00   0.00   0.00  
Cu  2.000000180000e-01 5.714284780000e-01 0.000000000000e+00  1 1 1   0.00   0.00   0.00  
Cu  2.500000000000e-01 6.428571340000e-01 0.000000000000e+00  1 1 1   0.00   0.00   0.00  
Cu  2.500000000000e-01 5.952382680000e-01 8.314800300000e-02  1 1 1   0.00   0.00   0.00  
Cu  2.000000180000e-01 6.666666270000e-01 8.314800300000e-02  1 1 1   0.00   0.00   0.00  
Cu  2.000656130000e-01 6.196133490000e-01 1.656764000000e-01  1 1 1   0.00   0.00   0.00  
Cu  2.505754530000e-01 6.905407910000e-01 1.650708020000e-01  1 1 1   0.00   0.00   0.00  
Cu  2.003845570000e-01 5.723595620000e-01 2.485976070000e-01  1 1 1   0.00   0.00   0.00  
Cu  2.507785260000e-01 6.434548500000e-01 2.479519990000e-01  1 1 1   0.00   0.00   0.00  
Cu  3.000000120000e-01 5.714284780000e-01 0.000000000000e+00  1 1 1   0.00   0.00   0.00  
Cu  3.499999940000e-01 6.428571340000e-01 0.000000000000e+00  1 1 1   0.00   0.00   0.00  
Cu  3.499999940000e-01 5.952382680000e-01 8.314800300000e-02  1 1 1   0.00   0.00   0.00  
Cu  3.000000120000e-01 6.666666270000e-01 8.314800300000e-02  1 1 1   0.00   0.00   0.00  
Cu  3.002679050000e-01 6.193872090000e-01 1.654700040000e-01  1 1 1   0.00   0.00   0.00  
Cu  3.505078850000e-01 6.907526850000e-01 1.653984040000e-01  1 1 1   0.00   0.00   0.00  
Cu  3.003468510000e-01 5.723721980000e-01 2.481451930000e-01  1 1 1   0.00   0.00   0.00  
Cu  3.504407110000e-01 6.436278820000e-01 2.479420160000e-01  1 1 1   0.00   0.00   0.00  
Cu  4.000000360000e-01 5.714284780000e-01 0.000000000000e+00  1 1 1   0.00   0.00   0.00  
Cu  4.500000180000e-01 6.428571340000e-01 0.000000000000e+00  1 1 1   0.00   0.00   0.00  
Cu  4.500000180000e-01 5.952382680000e-01 8.314800300000e-02  1 1 1   0.00   0.00   0.00  
Cu  4.000000360000e-01 6.666666270000e-01 8.314800300000e-02  1 1 1   0.00   0.00   0.00  
Cu  4.001598660000e-01 6.194542650000e-01 1.655015950000e-01  1 1 1   0.00   0.00   0.00  
Cu  4.502270520000e-01 6.908988360000e-01 1.654379960000e-01  1 1 1   0.00   0.00   0.00  
Cu  4.002474840000e-01 5.723339920000e-01 2.478540090000e-01  1 1 1   0.00   0.00   0.00  
Cu  4.501720670000e-01 6.436917190000e-01 2.477755990000e-01  1 1 1   0.00   0.00   0.00  
Cu  5.000000000000e-01 5.714284780000e-01 0.000000000000e+00  1 1 1   0.00   0.00   0.00  
Cu  5.500000120000e-01 6.428571340000e-01 0.000000000000e+00  1 1 1   0.00   0.00   0.00  
Cu  5.500000120000e-01 5.952382680000e-01 8.314800300000e-02  1 1 1   0.00   0.00   0.00  
Cu  5.000000000000e-01 6.666666270000e-01 8.314800300000e-02  1 1 1   0.00   0.00   0.00  
Cu  5.000000000000e-01 6.194701790000e-01 1.654163900000e-01  1 1 1   0.00   0.00   0.00  
Cu  5.497729780000e-01 6.908988360000e-01 1.654379960000e-01  1 1 1   0.00   0.00   0.00  
Cu  5.000000000000e-01 5.723345880000e-01 2.477355900000e-01  1 1 1   0.00   0.00   0.00  
Cu  5.498279930000e-01 6.436917190000e-01 2.477755990000e-01  1 1 1   0.00   0.00   0.00  
Cu  6.000000240000e-01 5.714284780000e-01 0.000000000000e+00  1 1 1   0.00   0.00   0.00  
Cu  6.500000360000e-01 6.428571340000e-01 0.000000000000e+00  1 1 1   0.00   0.00   0.00  
Cu  6.500000360000e-01 5.952382680000e-01 8.314800300000e-02  1 1 1   0.00   0.00   0.00  
Cu  6.000000240000e-01 6.666666270000e-01 8.314800300000e-02  1 1 1   0.00   0.00   0.00  
Cu  5.998401640000e-01 6.194542650000e-01 1.655015950000e-01  1 1 1   0.00   0.00   0.00  
Cu  6.494921450000e-01 6.907526850000e-01 1.653984040000e-01  1 1 1   0.00   0.00   0.00  
Cu  5.997525450000e-01 5.723339920000e-01 2.478540090000e-01  1 1 1   0.00   0.00   0.00  
Cu  6.495593190000e-01 6.436278820000e-01 2.479420160000e-01  1 1 1   0.00   0.00   0.00  
Cu  6.999999880000e-01 5.714284780000e-01 0.000000000000e+00  1 1 1   0.00   0.00   0.00  
Cu  7.500000600000e-01 6.428571340000e-01 0.000000000000e+00  1 1 1   0.00   0.00   0.00  
Cu  7.500000600000e-01 5.952382680000e-01 8.314800300000e-02  1 1 1   0.00   0.00   0.00  
Cu  6.999999880000e-01 6.666666270000e-01 8.314800300000e-02  1 1 1   0.00   0.00   0.00  
Cu  6.997321840000e-01 6.193872090000e-01 1.654700040000e-01  1 1 1   0.00   0.00   0.00  
Cu  7.494246360000e-01 6.905407910000e-01 1.650708020000e-01  1 1 1   0.00   0.00   0.00  
Cu  6.996532080000e-01 5.723721980000e-01 2.481451930000e-01  1 1 1   0.00   0.00   0.00  
Cu  7.492215040000e-01 6.434548500000e-01 2.479519990000e-01  1 1 1   0.00   0.00   0.00  
Cu  8.000000720000e-01 5.714284780000e-01 0.000000000000e+00  1 1 1   0.00   0.00   0.00  
Cu  8.500000240000e-01 6.428571340000e-01 0.000000000000e+00  1 1 1   0.00   0.00   0.00  
Cu  8.500000240000e-01 5.952382680000e-01 8.314800300000e-02  1 1 1   0.00   0.00   0.00  
Cu  8.000000720000e-01 6.666666270000e-01 8.314800300000e-02  1 1 1   0.00   0.00   0.00  
Cu  7.999344470000e-01 6.196133490000e-01 1.656764000000e-01  1 1 1   0.00   0.00   0.00  
Cu  8.505401610000e-01 6.913297180000e-01 1.670932020000e-01  1 1 1   0.00   0.00   0.00  
Cu  7.996155020000e-01 5.723595620000e-01 2.485976070000e-01  1 1 1   0.00   0.00   0.00  
Cu  8.493102790000e-01 6.434966330000e-01 2.481451930000e-01  1 1 1   0.00   0.00   0.00  
Cu  9.000000360000e-01 5.714284780000e-01 0.000000000000e+00  1 1 1   0.00   0.00   0.00  
Cu  9.500000480000e-01 6.428571340000e-01 0.000000000000e+00  1 1 1   0.00   0.00   0.00  
Cu  9.500000480000e-01 5.952382680000e-01 8.314800300000e-02  1 1 1   0.00   0.00   0.00  
Cu  9.000000360000e-01 6.666666270000e-01 8.314800300000e-02  1 1 1   0.00   0.00   0.00  
Cu  9.001076820000e-01 6.198565960000e-01 1.659111980000e-01  1 1 1   0.00   0.00   0.00  
Cu  9.498707650000e-01 6.921723480000e-01 1.688207980000e-01  1 1 1   0.00   0.00   0.00  
Cu  8.998405340000e-01 5.722354650000e-01 2.486919910000e-01  1 1 1   0.00   0.00   0.00  
Cu  9.496543410000e-01 6.435776350000e-01 2.483639870000e-01  1 1 1   0.00   0.00   0.00  
Cu  0.000000000000e+00 7.142857910000e-01 0.000000000000e+00  1 1 1   0.00   0.00   0.00  
Cu  5.000000400000e-02 7.857141490000e-01 0.000000000000e+00  1 1 1   0.00   0.00   0.00  
Cu  5.000000400000e-02 7.380952840000e-01 8.314800300000e-02  1 1 1   0.00   0.00   0.00  
Cu  0.000000000000e+00 8.095239400000e-01 8.314800300000e-02  1 1 1   0.00   0.00   0.00  
Cu  0.000000000000e+00 7.629815940000e-01 1.659419980000e-01  1 1 1   0.00   0.00   0.00  
Cu  5.012923100000e-02 8.350294230000e-01 1.688207980000e-01  1 1 1   0.00   0.00   0.00  
Cu  0.000000000000e+00 7.151255610000e-01 2.486416100000e-01  1 1 1   0.00   0.00   0.00  
Cu  5.034565600000e-02 7.864346500000e-01 2.483639870000e-01  1 1 1   0.00   0.00   0.00  
Cu  1.000000090000e-01 7.142857910000e-01 0.000000000000e+00  1 1 1   0.00   0.00   0.00  
Cu  1.500000060000e-01 7.857141490000e-01 0.000000000000e+00  1 1 1   0.00   0.00   0.00  
Cu  1.500000060000e-01 7.380952840000e-01 8.314800300000e-02  1 1 1   0.00   0.00   0.00  
Cu  1.000000090000e-01 8.095239400000e-01 8.314800300000e-02  1 1 1   0.00   0.00   0.00  
Cu  9.989237800000e-02 7.627140280000e-01 1.659111980000e-01  1 1 1   0.00   0.00   0.00  
Cu  1.494599130000e-01 8.341870310000e-01 1.670932020000e-01  1 1 1   0.00   0.00   0.00  
Cu  1.001598690000e-01 7.150925400000e-01 2.486919910000e-01  1 1 1   0.00   0.00   0.00  
Cu  1.506897510000e-01 7.863536480000e-01 2.481451930000e-01  1 1 1   0.00   0.00   0.00  
Cu  2.000000180000e-01 7.142857910000e-01 0.000000000000e+00  1 1 1   0.00   0.00   0.00  
Cu  2.500000000000e-01 7.857141490000e-01 0.000000000000e+00  1 1 1   0.00   0.00   0.00  
Cu  2.500000000000e-01 7.380952840000e-01 8.314800300000e-02  1 1 1   0.00   0.00   0.00  
Cu  2.000000180000e-01 8.095239400000e-01 8.314800300000e-02  1 1 1   0.00   0.00   0.00  
Cu  2.000656130000e-01 7.624703650000e-01 1.656764000000e-01  1 1 1   0.00   0.00   0.00  
Cu  2.505754530000e-01 8.333979250000e-01 1.650708020000e-01  1 1 1   0.00   0.00   0.00  
Cu  2.003845570000e-01 7.152165770000e-01 2.485976070000e-01  1 1 1   0.00   0.00   0.00  
Cu  2.507785260000e-01 7.863118650000e-01 2.479519990000e-01  1 1 1   0.00   0.00   0.00  
Cu  3.000000120000e-01 7.142857910000e-01 0.000000000000e+00  1 1 1   0.00   0.00   0.00  
Cu  3.499999940000e-01 7.857141490000e-01 0.000000000000e+00  1 1 1   0.00   0.00   0.00  
Cu  3.499999940000e-01 7.380952840000e-01 8.314800300000e-02  1 1 1   0.00   0.00   0.00  
Cu  3.000000120000e-01 8.095239400000e-01 8.314800300000e-02  1 1 1   0.00   0.00   0.00  
Cu  3.002679050000e-01 7.622442840000e-01 1.654700040000e-01  1 1 1   0.00   0.00   0.00  
Cu  3.505078850000e-01 8.336101170000e-01 1.653984040000e-01  1 1 1   0.00   0.00   0.00  
Cu  3.003468510000e-01 7.152292130000e-01 2.481451930000e-01  1 1 1   0.00   0.00   0.00  
Cu  3.504407110000e-01 7.864848970000e-01 2.479420160000e-01  1 1 1   0.00   0.00   0.00  
Cu  4.000000360000e-01 7.142857910000e-01 0.000000000000e+00  1 1 1   0.00   0.00   0.00  
Cu  4.500000180000e-01 7.857141490000e-01 0.000000000000e+00  1 1 1   0.00   0.00   0.00  
Cu  4.500000180000e-01 7.380952840000e-01 8.314800300000e-02  1 1 1   0.00   0.00   0.00  
Cu  4.000000360000e-01 8.095239400000e-01 8.314800300000e-02  1 1 1   0.00   0.00   0.00  
Cu  4.001598660000e-01 7.623116370000e-01 1.655015950000e-01  1 1 1   0.00   0.00   0.00  
Cu  4.502270520000e-01 8.337561490000e-01 1.654379960000e-01  1 1 1   0.00   0.00   0.00  
Cu  4.002474840000e-01 7.151910070000e-01 2.478540090000e-01  1 1 1   0.00   0.00   0.00  
Cu  4.501720670000e-01 7.865490320000e-01 2.477755990000e-01  1 1 1   0.00   0.00   0.00  
Cu  5.000000000000e-01 7.142857910000e-01 0.000000000000e+00  1 1 1   0.00   0.00   0.00  
Cu  5.500000120000e-01 7.857141490000e-01 0.000000000000e+00  1 1 1   0.00   0.00   0.00  
Cu  5.500000120000e-01 7.380952840000e-01 8.314800300000e-02  1 1 1   0.00   0.00   0.00  
Cu  5.000000000000e-01 8.095239400000e-01 8.314800300000e-02  1 1 1   0.00   0.00   0.00  
Cu  5.000000000000e-01 7.623271940000e-01 1.654163900000e-01  1 1 1   0.00   0.00   0.00  
Cu  5.497729780000e-01 8.337561490000e-01 1.654379960000e-01  1 1 1   0.00   0.00   0.00  
Cu  5.000000000000e-01 7.151916030000e-01 2.477355900000e-01  1 1 1   0.00   0.00   0.00  
Cu  5.498279930000e-01 7.865490320000e-01 2.477755990000e-01  1 1 1   0.00   0.00   0.00  
Cu  6.000000240000e-01 7.142857910000e-01 0.000000000000e+00  1 1 1   0.00   0.00   0.00  
Cu  6.500000360000e-01 7.857141490000e-01 0.000000000000e+00  1 1 1   0.00   0.00   0.00  
Cu  6.500000360000e-01 7.380952840000e-01 8.314800300000e-02  1 1 1   0.00   0.00   0.00  
Cu  6.000000240000e-01 8.095239400000e-01 8.314800300000e-02  1 1 1   0.00   0.00   0.00  
Cu  5.998401640000e-01 7.623116370000e-01 1.655015950000e-01  1 1 1   0.00   0.00   0.00  
Cu  6.494921450000e-01 8.336101170000e-01 1.653984040000e-01  1 1 1   0.00   0.00   0.00  
Cu  5.997525450000e-01 7.151910070000e-01 2.478540090000e-01  1 1 1   0.00   0.00   0.00  
Cu  6.495593190000e-01 7.864848970000e-01 2.479420160000e-01  1 1 1   0.00   0.00   0.00  
Cu  6.999999880000e-01 7.142857910000e-01 0.000000000000e+00  1 1 1   0.00   0.00   0.00  
Cu  7.500000600000e-01 7.857141490000e-01 0.000000000000e+00  1 1 1   0.00   0.00   0.00  
Cu  7.500000600000e-01 7.380952840000e-01 8.314800300000e-02  1 1 1   0.00   0.00   0.00  
Cu  6.999999880000e-01 8.095239400000e-01 8.314800300000e-02  1 1 1   0.00   0.00   0.00  
Cu  6.997321840000e-01 7.622442840000e-01 1.654700040000e-01  1 1 1   0.00   0.00   0.00  
Cu  7.494246360000e-01 8.333979250000e-01 1.650708020000e-01  1 1 1   0.00   0.00   0.00  
Cu  6.996532080000e-01 7.152292130000e-01 2.481451930000e-01  1 1 1   0.00   0.00   0.00  
Cu  7.492215040000e-01 7.863118650000e-01 2.479519990000e-01  1 1 1   0.00   0.00   0.00  
Cu  8.000000720000e-01 7.142857910000e-01 0.000000000000e+00  1 1 1   0.00   0.00   0.00  
Cu  8.500000240000e-01 7.857141490000e-01 0.000000000000e+00  1 1 1   0.00   0.00   0.00  
Cu  8.500000240000e-01 7.380952840000e-01 8.314800300000e-02  1 1 1   0.00   0.00   0.00  
Cu  8.000000720000e-01 8.095239400000e-01 8.314800300000e-02  1 1 1   0.00   0.00   0.00  
Cu  7.999344470000e-01 7.624703650000e-01 1.656764000000e-01  1 1 1   0.00   0.00   0.00  
Cu  8.505401610000e-01 8.341870310000e-01 1.670932020000e-01  1 1 1   0.00   0.00   0.00  
Cu  7.996155020000e-01 7.152165770000e-01 2.485976070000e-01  1 1 1   0.00   0.00   0.00  
Cu  8.493102790000e-01 7.863536480000e-01 2.481451930000e-01  1 1 1   0.00   0.00   0.00  
Cu  9.000000360000e-01 7.142857910000e-01 0.000000000000e+00  1 1 1   0.00   0.00   0.00  
Cu  9.500000480000e-01 7.857141490000e-01 0.000000000000e+00  1 1 1   0.00   0.00   0.00  
Cu  9.500000480000e-01 7.380952840000e-01 8.314800300000e-02  1 1 1   0.00   0.00   0.00  
Cu  9.000000360000e-01 8.095239400000e-01 8.314800300000e-02  1 1 1   0.00   0.00   0.00  
Cu  9.001076820000e-01 7.627140280000e-01 1.659111980000e-01  1 1 1   0.00   0.00   0.00  
Cu  9.498707650000e-01 8.350294230000e-01 1.688207980000e-01  1 1 1   0.00   0.00   0.00  
Cu  8.998405340000e-01 7.150925400000e-01 2.486919910000e-01  1 1 1   0.00   0.00   0.00  
Cu  9.496543410000e-01 7.864346500000e-01 2.483639870000e-01  1 1 1   0.00   0.00   0.00  
Cu  0.000000000000e+00 8.571428660000e-01 0.000000000000e+00  1 1 1   0.00   0.00   0.00  
Cu  5.000000400000e-02 9.285715220000e-01 0.000000000000e+00  1 1 1   0.00   0.00   0.00  
Cu  5.000000400000e-02 8.809522990000e-01 8.314800300000e-02  1 1 1   0.00   0.00   0.00  
Cu  0.000000000000e+00 9.523809550000e-01 8.314800300000e-02  1 1 1   0.00   0.00   0.00  
Cu  0.000000000000e+00 9.058386680000e-01 1.659419980000e-01  1 1 1   0.00   0.00   0.00  
Cu  5.012923100000e-02 9.778867360000e-01 1.688207980000e-01  1 1 1   0.00   0.00   0.00  
Cu  0.000000000000e+00 8.579825760000e-01 2.486416100000e-01  1 1 1   0.00   0.00   0.00  
Cu  5.034565600000e-02 9.292920830000e-01 2.483639870000e-01  1 1 1   0.00   0.00   0.00  
Cu  1.000000090000e-01 8.571428660000e-01 0.000000000000e+00  1 1 1   0.00   0.00   0.00  
Cu  1.500000060000e-01 9.285715220000e-01 0.000000000000e+00  1 1 1   0.00   0.00   0.00  
Cu  1.500000060000e-01 8.809522990000e-01 8.314800300000e-02  1 1 1   0.00   0.00   0.00  
Cu  1.000000090000e-01 9.523809550000e-01 8.314800300000e-02  1 1 1   0.00   0.00   0.00  
Cu  9.989237800000e-02 9.055710430000e-01 1.659111980000e-01  1 1 1   0.00   0.00   0.00  
Cu  1.494599130000e-01 9.770441060000e-01 1.670932020000e-01  1 1 1   0.00   0.00   0.00  
Cu  1.001598690000e-01 8.579495550000e-01 2.486919910000e-01  1 1 1   0.00   0.00   0.00  
Cu  1.506897510000e-01 9.292107220000e-01 2.481451930000e-01  1 1 1   0.00   0.00   0.00  
Cu  2.000000180000e-01 8.571428660000e-01 0.000000000000e+00  1 1 1   0.00   0.00   0.00  
Cu  2.500000000000e-01 9.285715220000e-01 0.000000000000e+00  1 1 1   0.00   0.00   0.00  
Cu  2.500000000000e-01 8.809522990000e-01 8.314800300000e-02  1 1 1   0.00   0.00   0.00  
Cu  2.000000180000e-01 9.523809550000e-01 8.314800300000e-02  1 1 1   0.00   0.00   0.00  
Cu  2.000656130000e-01 9.053276780000e-01 1.656764000000e-01  1 1 1   0.00   0.00   0.00  
Cu  2.505754530000e-01 9.762549400000e-01 1.650708020000e-01  1 1 1   0.00   0.00   0.00  
Cu  2.003845570000e-01 8.580735920000e-01 2.485976070000e-01  1 1 1   0.00   0.00   0.00  
Cu  2.507785260000e-01 9.291692970000e-01 2.479519990000e-01  1 1 1   0.00   0.00   0.00  
Cu  3.000000120000e-01 8.571428660000e-01 0.000000000000e+00  1 1 1   0.00   0.00   0.00  
Cu  3.499999940000e-01 9.285715220000e-01 0.000000000000e+00  1 1 1   0.00   0.00   0.00  
Cu  3.499999940000e-01 8.809522990000e-01 8.314800300000e-02  1 1 1   0.00   0.00   0.00  
Cu  3.000000120000e-01 9.523809550000e-01 8.314800300000e-02  1 1 1   0.00   0.00   0.00  
Cu  3.002679050000e-01 9.051012990000e-01 1.654700040000e-01  1 1 1   0.00   0.00   0.00  
Cu  3.505078850000e-01 9.764671330000e-01 1.653984040000e-01  1 1 1   0.00   0.00   0.00  
Cu  3.003468510000e-01 8.580862280000e-01 2.481451930000e-01  1 1 1   0.00   0.00   0.00  
Cu  3.504407110000e-01 9.293422700000e-01 2.479420160000e-01  1 1 1   0.00   0.00   0.00  
Cu  4.000000360000e-01 8.571428660000e-01 0.000000000000e+00  1 1 1   0.00   0.00   0.00  
Cu  4.500000180000e-01 9.285715220000e-01 0.000000000000e+00  1 1 1   0.00   0.00   0.00  
Cu  4.500000180000e-01 8.809522990000e-01 8.314800300000e-02  1 1 1   0.00   0.00   0.00  
Cu  4.000000360000e-01 9.523809550000e-01 8.314800300000e-02  1 1 1   0.00   0.00   0.00  
Cu  4.001598660000e-01 9.051686530000e-01 1.655015950000e-01  1 1 1   0.00   0.00   0.00  
Cu  4.502270520000e-01 9.766132240000e-01 1.654379960000e-01  1 1 1   0.00   0.00   0.00  
Cu  4.002474840000e-01 8.580480220000e-01 2.478540090000e-01  1 1 1   0.00   0.00   0.00  
Cu  4.501720670000e-01 9.294061060000e-01 2.477755990000e-01  1 1 1   0.00   0.00   0.00  
Cu  5.000000000000e-01 8.571428660000e-01 0.000000000000e+00  1 1 1   0.00   0.00   0.00  
Cu  5.500000120000e-01 9.285715220000e-01 0.000000000000e+00  1 1 1   0.00   0.00   0.00  
Cu  5.500000120000e-01 8.809522990000e-01 8.314800300000e-02  1 1 1   0.00   0.00   0.00  
Cu  5.000000000000e-01 9.523809550000e-01 8.314800300000e-02  1 1 1   0.00   0.00   0.00  
Cu  5.000000000000e-01 9.051842090000e-01 1.654163900000e-01  1 1 1   0.00   0.00   0.00  
Cu  5.497729780000e-01 9.766132240000e-01 1.654379960000e-01  1 1 1   0.00   0.00   0.00  
Cu  5.000000000000e-01 8.580490350000e-01 2.477355900000e-01  1 1 1   0.00   0.00   0.00  
Cu  5.498279930000e-01 9.294061060000e-01 2.477755990000e-01  1 1 1   0.00   0.00   0.00  
Cu  6.000000240000e-01 8.571428660000e-01 0.000000000000e+00  1 1 1   0.00   0.00   0.00  
Cu  6.500000360000e-01 9.285715220000e-01 0.000000000000e+00  1 1 1   0.00   0.00   0.00  
Cu  6.500000360000e-01 8.809522990000e-01 8.314800300000e-02  1 1 1   0.00   0.00   0.00  
Cu  6.000000240000e-01 9.523809550000e-01 8.314800300000e-02  1 1 1   0.00   0.00   0.00  
Cu  5.998401640000e-01 9.051686530000e-01 1.655015950000e-01  1 1 1   0.00   0.00   0.00  
Cu  6.494921450000e-01 9.764671330000e-01 1.653984040000e-01  1 1 1   0.00   0.00   0.00  
Cu  5.997525450000e-01 8.580480220000e-01 2.478540090000e-01  1 1 1   0.00   0.00   0.00  
Cu  6.495593190000e-01 9.293422700000e-01 2.479420160000e-01  1 1 1   0.00   0.00   0.00  
Cu  6.999999880000e-01 8.571428660000e-01 0.000000000000e+00  1 1 1   0.00   0.00   0.00  
Cu  7.500000600000e-01 9.285715220000e-01 0.000000000000e+00  1 1 1   0.00   0.00   0.00  
Cu  7.500000600000e-01 8.809522990000e-01 8.314800300000e-02  1 1 1   0.00   0.00   0.00  
Cu  6.999999880000e-01 9.523809550000e-01 8.314800300000e-02  1 1 1   0.00   0.00   0.00  
Cu  6.997321840000e-01 9.051012990000e-01 1.654700040000e-01  1 1 1   0.00   0.00   0.00  
Cu  7.494246360000e-01 9.762549400000e-01 1.650708020000e-01  1 1 1   0.00   0.00   0.00  
Cu  6.996532080000e-01 8.580862280000e-01 2.481451930000e-01  1 1 1   0.00   0.00   0.00  
Cu  7.492215040000e-01 9.291692970000e-01 2.479519990000e-01  1 1 1   0.00   0.00   0.00  
Cu  8.000000720000e-01 8.571428660000e-01 0.000000000000e+00  1 1 1   0.00   0.00   0.00  
Cu  8.500000240000e-01 9.285715220000e-01 0.000000000000e+00  1 1 1   0.00   0.00   0.00  
Cu  8.500000240000e-01 8.809522990000e-01 8.314800300000e-02  1 1 1   0.00   0.00   0.00  
Cu  8.000000720000e-01 9.523809550000e-01 8.314800300000e-02  1 1 1   0.00   0.00   0.00  
Cu  7.999344470000e-01 9.053276780000e-01 1.656764000000e-01  1 1 1   0.00   0.00   0.00  
Cu  8.505401610000e-01 9.770441060000e-01 1.670932020000e-01  1 1 1   0.00   0.00   0.00  
Cu  7.996155020000e-01 8.580735920000e-01 2.485976070000e-01  1 1 1   0.00   0.00   0.00  
Cu  8.493102790000e-01 9.292107220000e-01 2.481451930000e-01  1 1 1   0.00   0.00   0.00  
Cu  9.000000360000e-01 8.571428660000e-01 0.000000000000e+00  1 1 1   0.00   0.00   0.00  
Cu  9.500000480000e-01 9.285715220000e-01 0.000000000000e+00  1 1 1   0.00   0.00   0.00  
Cu  9.500000480000e-01 8.809522990000e-01 8.314800300000e-02  1 1 1   0.00   0.00   0.00  
Cu  9.000000360000e-01 9.523809550000e-01 8.314800300000e-02  1 1 1   0.00   0.00   0.00  
Cu  9.001076820000e-01 9.055710430000e-01 1.659111980000e-01  1 1 1   0.00   0.00   0.00  
Cu  9.498707650000e-01 9.778867360000e-01 1.688207980000e-01  1 1 1   0.00   0.00   0.00  
Cu  8.998405340000e-01 8.579495550000e-01 2.486919910000e-01  1 1 1   0.00   0.00   0.00  
Cu  9.496543410000e-01 9.292920830000e-01 2.483639870000e-01  1 1 1   0.00   0.00   0.00  
Au  0.000000000000e+00 2.866020800000e-01 3.328820170000e-01  1 1 1   0.00   0.00   0.00  
Au  9.003998640000e-01 2.866020800000e-01 3.328820170000e-01  1 1 1   0.00   0.00   0.00  
Au  9.960014400000e-02 2.866020800000e-01 3.328820170000e-01  1 1 1   0.00   0.00   0.00  
Au  0.000000000000e+00 7.864401940000e-01 3.328820170000e-01  1 1 1   0.00   0.00   0.00  
Au  9.003998640000e-01 7.864401940000e-01 3.328820170000e-01  1 1 1   0.00   0.00   0.00  
Au  9.960014400000e-02 7.864401940000e-01 3.328820170000e-01  1 1 1   0.00   0.00   0.00  
C  0.000000000000e+00 8.292180300000e-02 3.638764320000e-01  1 1 1   0.00   0.00   0.00  
C  4.806825500000e-02 5.979300700000e-02 3.694023790000e-01  1 1 1   0.00   0.00   0.00  
C  4.802583200000e-02 1.378066800000e-02 3.694900270000e-01  1 1 1   0.00   0.00   0.00  
C  0.000000000000e+00 9.906285410000e-01 3.639959990000e-01  1 1 1   0.00   0.00   0.00  
C  9.519741540000e-01 1.378066800000e-02 3.694900270000e-01  1 1 1   0.00   0.00   0.00  
C  9.519317150000e-01 5.979300700000e-02 3.694023790000e-01  1 1 1   0.00   0.00   0.00  
C  0.000000000000e+00 1.282061930000e-01 3.533604150000e-01  1 1 1   0.00   0.00   0.00  
C  4.859302600000e-02 1.507145760000e-01 3.477751910000e-01  1 1 1   0.00   0.00   0.00  
C  9.671390800000e-02 1.276210990000e-01 3.565256000000e-01  1 1 1   0.00   0.00   0.00  
C  9.649237200000e-02 8.266101000000e-02 3.685927990000e-01  1 1 1   0.00   0.00   0.00  
C  1.446120890000e-01 5.972109000000e-02 3.758227830000e-01  1 1 1   0.00   0.00   0.00  
C  1.445657310000e-01 1.385129300000e-02 3.758475780000e-01  1 1 1   0.00   0.00   0.00  
C  9.647666700000e-02 9.908899660000e-01 3.686783910000e-01  1 1 1   0.00   0.00   0.00  
C  9.657485800000e-02 9.459111090000e-01 3.565720020000e-01  1 1 1   0.00   0.00   0.00  
C  4.853017600000e-02 9.227077960000e-01 3.477675910000e-01  1 1 1   0.00   0.00   0.00  
C  0.000000000000e+00 9.453098180000e-01 3.533591930000e-01  1 1 1   0.00   0.00   0.00  
C  9.514698390000e-01 9.227077960000e-01 3.477675910000e-01  1 1 1   0.00   0.00   0.00  
C  9.034251570000e-01 9.459111090000e-01 3.565720020000e-01  1 1 1   0.00   0.00   0.00  
C  9.035233260000e-01 9.908899660000e-01 3.686783910000e-01  1 1 1   0.00   0.00   0.00  
C  8.554342990000e-01 1.385129300000e-02 3.758475780000e-01  1 1 1   0.00   0.00   0.00  
C  8.553879260000e-01 5.972109000000e-02 3.758227830000e-01  1 1 1   0.00   0.00   0.00  
C  9.035076500000e-01 8.266101000000e-02 3.685927990000e-01  1 1 1   0.00   0.00   0.00  
C  9.032860990000e-01 1.276210990000e-01 3.565256000000e-01  1 1 1   0.00   0.00   0.00  
C  9.514069560000e-01 1.507145760000e-01 3.477751910000e-01  1 1 1   0.00   0.00   0.00  
C  9.515770670000e-01 1.959208850000e-01 3.337651790000e-01  1 1 1   0.00   0.00   0.00  
C  0.000000000000e+00 2.206322550000e-01 3.307195900000e-01  1 1 1   0.00   0.00   0.00  
C  4.842294400000e-02 1.959208850000e-01 3.337651790000e-01  1 1 1   0.00   0.00   0.00  
C  9.958482500000e-02 2.139759960000e-01 3.226816060000e-01  1 1 1   0.00   0.00   0.00  
C  1.457181870000e-01 1.918761280000e-01 3.310044110000e-01  1 1 1   0.00   0.00   0.00  
C  1.461286540000e-01 1.489372850000e-01 3.514384030000e-01  1 1 1   0.00   0.00   0.00  
C  1.929380150000e-01 1.268581450000e-01 3.642959890000e-01  1 1 1   0.00   0.00   0.00  
C  1.935747270000e-01 8.279804900000e-02 3.761568070000e-01  1 1 1   0.00   0.00   0.00  
C  2.415636330000e-01 5.889334900000e-02 3.838888110000e-01  1 1 1   0.00   0.00   0.00  
C  2.415593120000e-01 1.483518800000e-02 3.839384020000e-01  1 1 1   0.00   0.00   0.00  
C  1.935983000000e-01 9.908375140000e-01 3.762408200000e-01  1 1 1   0.00   0.00   0.00  
C  1.928928350000e-01 9.467932580000e-01 3.644504250000e-01  1 1 1   0.00   0.00   0.00  
C  1.461164800000e-01 9.247206450000e-01 3.514615890000e-01  1 1 1   0.00   0.00   0.00  
C  1.455418170000e-01 8.818459510000e-01 3.307487960000e-01  1 1 1   0.00   0.00   0.00  
C  9.959896700000e-02 8.596281410000e-01 3.225236240000e-01  1 1 1   0.00   0.00   0.00  
C  4.828782400000e-02 8.773550390000e-01 3.338395950000e-01  1 1 1   0.00   0.00   0.00  
C  0.000000000000e+00 8.523164990000e-01 3.308492000000e-01  1 1 1   0.00   0.00   0.00  
C  9.517121910000e-01 8.773550390000e-01 3.338395950000e-01  1 1 1   0.00   0.00   0.00  
C  9.004010560000e-01 8.596281410000e-01 3.225236240000e-01  1 1 1   0.00   0.00   0.00  
C  8.544582130000e-01 8.818459510000e-01 3.307487960000e-01  1 1 1   0.00   0.00   0.00  
C  8.538835050000e-01 9.247206450000e-01 3.514615890000e-01  1 1 1   0.00   0.00   0.00  
C  8.071071510000e-01 9.467932580000e-01 3.644504250000e-01  1 1 1   0.00   0.00   0.00  
C  8.064017300000e-01 9.908375140000e-01 3.762408200000e-01  1 1 1   0.00   0.00   0.00  
C  7.584410910000e-01 1.483518800000e-02 3.839384020000e-01  1 1 1   0.00   0.00   0.00  
C  7.584363820000e-01 5.889367300000e-02 3.838888110000e-01  1 1 1   0.00   0.00   0.00  
C  8.064252730000e-01 8.279804900000e-02 3.761568070000e-01  1 1 1   0.00   0.00   0.00  
C  8.070619700000e-01 1.268581450000e-01 3.642959890000e-01  1 1 1   0.00   0.00   0.00  
C  8.538713460000e-01 1.489372850000e-01 3.514384030000e-01  1 1 1   0.00   0.00   0.00  
C  8.542817830000e-01 1.918761280000e-01 3.310044110000e-01  1 1 1   0.00   0.00   0.00  
C  9.004151820000e-01 2.139759960000e-01 3.226816060000e-01  1 1 1   0.00   0.00   0.00  
C  0.000000000000e+00 5.829215650000e-01 3.638764320000e-01  1 1 1   0.00   0.00   0.00  
C  4.806825500000e-02 5.597927570000e-01 3.694023790000e-01  1 1 1   0.00   0.00   0.00  
C  4.802583200000e-02 5.137804750000e-01 3.694900270000e-01  1 1 1   0.00   0.00   0.00  
C  0.000000000000e+00 4.906286600000e-01 3.639959990000e-01  1 1 1   0.00   0.00   0.00  
C  9.519741540000e-01 5.137804750000e-01 3.694900270000e-01  1 1 1   0.00   0.00   0.00  
C  9.519317150000e-01 5.597927570000e-01 3.694023790000e-01  1 1 1   0.00   0.00   0.00  
C  0.000000000000e+00 6.282063130000e-01 3.533604150000e-01  1 1 1   0.00   0.00   0.00  
C  4.859302600000e-02 6.507146950000e-01 3.477751910000e-01  1 1 1   0.00   0.00   0.00  
C  9.671390800000e-02 6.276212330000e-01 3.565256000000e-01  1 1 1   0.00   0.00   0.00  
C  9.649237200000e-02 5.826607940000e-01 3.685927990000e-01  1 1 1   0.00   0.00   0.00  
C  1.446120890000e-01 5.597212310000e-01 3.758227830000e-01  1 1 1   0.00   0.00   0.00  
C  1.445657310000e-01 5.138514040000e-01 3.758475780000e-01  1 1 1   0.00   0.00   0.00  
C  9.647666700000e-02 4.908897880000e-01 3.686783910000e-01  1 1 1   0.00   0.00   0.00  
C  9.657485800000e-02 4.459112290000e-01 3.565720020000e-01  1 1 1   0.00   0.00   0.00  
C  4.853017600000e-02 4.227075870000e-01 3.477675910000e-01  1 1 1   0.00   0.00   0.00  
C  0.000000000000e+00 4.453099370000e-01 3.533591930000e-01  1 1 1   0.00   0.00   0.00  
C  9.514698390000e-01 4.227075870000e-01 3.477675910000e-01  1 1 1   0.00   0.00   0.00  
C  9.034251570000e-01 4.459112290000e-01 3.565720020000e-01  1 1 1   0.00   0.00   0.00  
C  9.035233260000e-01 4.908897880000e-01 3.686783910000e-01  1 1 1   0.00   0.00   0.00  
C  8.554342990000e-01 5.138514040000e-01 3.758475780000e-01  1 1 1   0.00   0.00   0.00  
C  8.553879260000e-01 5.597212310000e-01 3.758227830000e-01  1 1 1   0.00   0.00   0.00  
C  9.035076500000e-01 5.826607940000e-01 3.685927990000e-01  1 1 1   0.00   0.00   0.00  
C  9.032860990000e-01 6.276212330000e-01 3.565256000000e-01  1 1 1   0.00   0.00   0.00  
C  9.514069560000e-01 6.507143380000e-01 3.477751910000e-01  1 1 1   0.00   0.00   0.00  
C  9.515770670000e-01 6.959210040000e-01 3.337651790000e-01  1 1 1   0.00   0.00   0.00  
C  0.000000000000e+00 7.206323740000e-01 3.307195900000e-01  1 1 1   0.00   0.00   0.00  
C  4.842294400000e-02 6.959210040000e-01 3.337651790000e-01  1 1 1   0.00   0.00   0.00  
C  9.958482500000e-02 7.139760850000e-01 3.226816060000e-01  1 1 1   0.00   0.00   0.00  
C  1.457181870000e-01 6.918758750000e-01 3.310044110000e-01  1 1 1   0.00   0.00   0.00  
C  1.461286540000e-01 6.489370470000e-01 3.514384030000e-01  1 1 1   0.00   0.00   0.00  
C  1.929380150000e-01 6.268582940000e-01 3.642959890000e-01  1 1 1   0.00   0.00   0.00  
C  1.935747270000e-01 5.827978250000e-01 3.761568070000e-01  1 1 1   0.00   0.00   0.00  
C  2.415636330000e-01 5.588934420000e-01 3.838888110000e-01  1 1 1   0.00   0.00   0.00  
C  2.415593120000e-01 5.148352980000e-01 3.839384020000e-01  1 1 1   0.00   0.00   0.00  
C  1.935983000000e-01 4.908376040000e-01 3.762408200000e-01  1 1 1   0.00   0.00   0.00  
C  1.928928350000e-01 4.467933770000e-01 3.644504250000e-01  1 1 1   0.00   0.00   0.00  
C  1.461164800000e-01 4.247207050000e-01 3.514615890000e-01  1 1 1   0.00   0.00   0.00  
C  1.455418170000e-01 3.818457130000e-01 3.307487960000e-01  1 1 1   0.00   0.00   0.00  
C  9.959896700000e-02 3.596279030000e-01 3.225236240000e-01  1 1 1   0.00   0.00   0.00  
C  4.828782400000e-02 3.773551580000e-01 3.338395950000e-01  1 1 1   0.00   0.00   0.00  
C  0.000000000000e+00 3.523165580000e-01 3.308492000000e-01  1 1 1   0.00   0.00   0.00  
C  9.517121910000e-01 3.773551580000e-01 3.338395950000e-01  1 1 1   0.00   0.00   0.00  
C  9.004010560000e-01 3.596279030000e-01 3.225236240000e-01  1 1 1   0.00   0.00   0.00  
C  8.544582130000e-01 3.818457130000e-01 3.307487960000e-01  1 1 1   0.00   0.00   0.00  
C  8.538835050000e-01 4.247207050000e-01 3.514615890000e-01  1 1 1   0.00   0.00   0.00  
C  8.071071510000e-01 4.467933770000e-01 3.644504250000e-01  1 1 1   0.00   0.00   0.00  
C  8.064017300000e-01 4.908376040000e-01 3.762408200000e-01  1 1 1   0.00   0.00   0.00  
C  7.584410910000e-01 5.148352980000e-01 3.839384020000e-01  1 1 1   0.00   0.00   0.00  
C  7.584363820000e-01 5.588934420000e-01 3.838888110000e-01  1 1 1   0.00   0.00   0.00  
C  8.064252730000e-01 5.827978250000e-01 3.761568070000e-01  1 1 1   0.00   0.00   0.00  
C  8.070619700000e-01 6.268582940000e-01 3.642959890000e-01  1 1 1   0.00   0.00   0.00  
C  8.538713460000e-01 6.489370470000e-01 3.514384030000e-01  1 1 1   0.00   0.00   0.00  
C  8.542817830000e-01 6.918758750000e-01 3.310044110000e-01  1 1 1   0.00   0.00   0.00  
C  9.004151820000e-01 7.139760850000e-01 3.226816060000e-01  1 1 1   0.00   0.00   0.00  
H  1.839332730000e-01 2.061333660000e-01 3.217111830000e-01  1 1 1   0.00   0.00   0.00  
H  2.298670860000e-01 1.446061430000e-01 3.626987930000e-01  1 1 1   0.00   0.00   0.00  
H  2.786950170000e-01 7.620301100000e-02 3.881019950000e-01  1 1 1   0.00   0.00   0.00  
H  2.787547110000e-01 9.976567030000e-01 3.883079890000e-01  1 1 1   0.00   0.00   0.00  
H  2.298977230000e-01 9.291009900000e-01 3.629079760000e-01  1 1 1   0.00   0.00   0.00  
H  1.838079690000e-01 8.676887750000e-01 3.212491870000e-01  1 1 1   0.00   0.00   0.00  
H  8.161920310000e-01 8.676887750000e-01 3.212491870000e-01  1 1 1   0.00   0.00   0.00  
H  7.701022620000e-01 9.291009900000e-01 3.629079760000e-01  1 1 1   0.00   0.00   0.00  
H  7.212452890000e-01 9.976567030000e-01 3.883076010000e-01  1 1 1   0.00   0.00   0.00  
H  7.213050130000e-01 7.620301100000e-02 3.881019950000e-01  1 1 1   0.00   0.00   0.00  
H  7.701328990000e-01 1.446061430000e-01 3.626987930000e-01  1 1 1   0.00   0.00   0.00  
H  8.160667420000e-01 2.061333660000e-01 3.217111830000e-01  1 1 1   0.00   0.00   0.00  
H  1.839332730000e-01 7.061334250000e-01 3.217111830000e-01  1 1 1   0.00   0.00   0.00  
H  2.298670860000e-01 6.446062330000e-01 3.626987930000e-01  1 1 1   0.00   0.00   0.00  
H  2.786950170000e-01 5.762031080000e-01 3.881019950000e-01  1 1 1   0.00   0.00   0.00  
H  2.787547110000e-01 4.976565240000e-01 3.883079890000e-01  1 1 1   0.00   0.00   0.00  
H  2.298977230000e-01 4.291011100000e-01 3.629079760000e-01  1 1 1   0.00   0.00   0.00  
H  1.838079690000e-01 3.676889240000e-01 3.212491870000e-01  1 1 1   0.00   0.00   0.00  
H  8.161920310000e-01 3.676889240000e-01 3.212491870000e-01  1 1 1   0.00   0.00   0.00  
H  7.701022620000e-01 4.291011100000e-01 3.629079760000e-01  1 1 1   0.00   0.00   0.00  
H  7.212452890000e-01 4.976565240000e-01 3.883076010000e-01  1 1 1   0.00   0.00   0.00  
H  7.213050130000e-01 5.762031080000e-01 3.881019950000e-01  1 1 1   0.00   0.00   0.00  
H  7.701328990000e-01 6.446062330000e-01 3.626987930000e-01  1 1 1   0.00   0.00   0.00  
H  8.160667420000e-01 7.061334250000e-01 3.217111830000e-01  1 1 1   0.00   0.00   0.00  
"  
