description="input.xyz"  
#******** REAL SPACE GRID ********   
wavefunction_grid="88 88 88"  
potential_grid_refinement="2"  
  
#******* CONTROL OPTIONS *******  
start_mode          ="LCAO Start"  
calculation_mode    ="Quench Electrons  "  
kohn_sham_solver    ="davidson"  
subdiag_driver      ="auto"  
#auto: if cuda available, use cusolver, otherwise use lapack for n<128 and scaplack for large system  
cube_rho = "True"  
  
#********* K POINT SETUP *********  
kpoint_mesh = "1 1 1"  
kpoint_is_shift = "0 0 0"  
  
#******* Pseudopotentials *******   
internal_pseudo_type = "sg15"  
#use Optimized Norm-Conserving Vanderbilt (ONCV) pseudopotenitals  
#those pseudopotentials are built in with RMG  
write_pseudopotential_plots ="False"  
  
#*****Exchange Correlation ******  
exchange_correlation_type="AUTO_XC"  
#AUTO_XC: XC will be determined from pseudopotential  
  
#****  LATTICE and ATOMS  ****   
bravais_lattice_type="None"  
crds_units = "Angstrom"  
lattice_units = "Angstrom"  
lattice_vector="  
 1.616107203000e+01  0.000000000000e+00  0.000000000000e+00   
 0.000000000000e+00  1.616107203000e+01  0.000000000000e+00   
 0.000000000000e+00  0.000000000000e+00  1.616107203000e+01   
"  
atomic_coordinate_type = "Absolute"  
atoms="  
Si  0.000000000000e+00 0.000000000000e+00 0.000000000000e+00  1 1 1   0.00   0.00   0.00  
Si  2.693512002970e+00 2.693512002970e+00 0.000000000000e+00  1 1 1   0.00   0.00   0.00  
Si  0.000000000000e+00 2.693512002970e+00 2.693512002970e+00  1 1 1   0.00   0.00   0.00  
Si  2.693512002970e+00 0.000000000000e+00 2.693512002970e+00  1 1 1   0.00   0.00   0.00  
Si  1.346756001490e+00 1.346756001490e+00 1.346756001490e+00  1 1 1   0.00   0.00   0.00  
Si  4.040268004460e+00 4.040268004460e+00 1.346756001490e+00  1 1 1   0.00   0.00   0.00  
Si  1.346756001490e+00 4.040268004460e+00 4.040268004460e+00  1 1 1   0.00   0.00   0.00  
Si  4.040268004460e+00 1.346756001490e+00 4.040268004460e+00  1 1 1   0.00   0.00   0.00  
Si  0.000000000000e+00 0.000000000000e+00 5.387024010000e+00  1 1 1   0.00   0.00   0.00  
Si  2.693512002970e+00 2.693512002970e+00 5.387024010000e+00  1 1 1   0.00   0.00   0.00  
Si  0.000000000000e+00 2.693512002970e+00 8.080536012970e+00  1 1 1   0.00   0.00   0.00  
Si  2.693512002970e+00 0.000000000000e+00 8.080536012970e+00  1 1 1   0.00   0.00   0.00  
Si  1.346756001490e+00 1.346756001490e+00 6.733780011490e+00  1 1 1   0.00   0.00   0.00  
Si  4.040268004460e+00 4.040268004460e+00 6.733780011490e+00  1 1 1   0.00   0.00   0.00  
Si  1.346756001490e+00 4.040268004460e+00 9.427292014460e+00  1 1 1   0.00   0.00   0.00  
Si  4.040268004460e+00 1.346756001490e+00 9.427292014460e+00  1 1 1   0.00   0.00   0.00  
Si  0.000000000000e+00 0.000000000000e+00 1.077404802000e+01  1 1 1   0.00   0.00   0.00  
Si  2.693512002970e+00 2.693512002970e+00 1.077404802000e+01  1 1 1   0.00   0.00   0.00  
Si  0.000000000000e+00 2.693512002970e+00 1.346756002297e+01  1 1 1   0.00   0.00   0.00  
Si  2.693512002970e+00 0.000000000000e+00 1.346756002297e+01  1 1 1   0.00   0.00   0.00  
Si  1.346756001490e+00 1.346756001490e+00 1.212080402149e+01  1 1 1   0.00   0.00   0.00  
Si  4.040268004460e+00 4.040268004460e+00 1.212080402149e+01  1 1 1   0.00   0.00   0.00  
Si  1.346756001490e+00 4.040268004460e+00 1.481431602446e+01  1 1 1   0.00   0.00   0.00  
Si  4.040268004460e+00 1.346756001490e+00 1.481431602446e+01  1 1 1   0.00   0.00   0.00  
Si  0.000000000000e+00 5.387024010000e+00 0.000000000000e+00  1 1 1   0.00   0.00   0.00  
Si  2.693512002970e+00 8.080536012970e+00 0.000000000000e+00  1 1 1   0.00   0.00   0.00  
Si  0.000000000000e+00 8.080536012970e+00 2.693512002970e+00  1 1 1   0.00   0.00   0.00  
Si  2.693512002970e+00 5.387024010000e+00 2.693512002970e+00  1 1 1   0.00   0.00   0.00  
Si  1.346756001490e+00 6.733780011490e+00 1.346756001490e+00  1 1 1   0.00   0.00   0.00  
Si  4.040268004460e+00 9.427292014460e+00 1.346756001490e+00  1 1 1   0.00   0.00   0.00  
Si  1.346756001490e+00 9.427292014460e+00 4.040268004460e+00  1 1 1   0.00   0.00   0.00  
Si  4.040268004460e+00 6.733780011490e+00 4.040268004460e+00  1 1 1   0.00   0.00   0.00  
Si  0.000000000000e+00 5.387024010000e+00 5.387024010000e+00  1 1 1   0.00   0.00   0.00  
Si  2.693512002970e+00 8.080536012970e+00 5.387024010000e+00  1 1 1   0.00   0.00   0.00  
Si  0.000000000000e+00 8.080536012970e+00 8.080536012970e+00  1 1 1   0.00   0.00   0.00  
Si  2.693512002970e+00 5.387024010000e+00 8.080536012970e+00  1 1 1   0.00   0.00   0.00  
Si  1.346756001490e+00 6.733780011490e+00 6.733780011490e+00  1 1 1   0.00   0.00   0.00  
Si  4.040268004460e+00 9.427292014460e+00 6.733780011490e+00  1 1 1   0.00   0.00   0.00  
Si  1.346756001490e+00 9.427292014460e+00 9.427292014460e+00  1 1 1   0.00   0.00   0.00  
Si  4.040268004460e+00 6.733780011490e+00 9.427292014460e+00  1 1 1   0.00   0.00   0.00  
Si  0.000000000000e+00 5.387024010000e+00 1.077404802000e+01  1 1 1   0.00   0.00   0.00  
Si  2.693512002970e+00 8.080536012970e+00 1.077404802000e+01  1 1 1   0.00   0.00   0.00  
Si  0.000000000000e+00 8.080536012970e+00 1.346756002297e+01  1 1 1   0.00   0.00   0.00  
Si  2.693512002970e+00 5.387024010000e+00 1.346756002297e+01  1 1 1   0.00   0.00   0.00  
Si  1.346756001490e+00 6.733780011490e+00 1.212080402149e+01  1 1 1   0.00   0.00   0.00  
Si  4.040268004460e+00 9.427292014460e+00 1.212080402149e+01  1 1 1   0.00   0.00   0.00  
Si  1.346756001490e+00 9.427292014460e+00 1.481431602446e+01  1 1 1   0.00   0.00   0.00  
Si  4.040268004460e+00 6.733780011490e+00 1.481431602446e+01  1 1 1   0.00   0.00   0.00  
Si  0.000000000000e+00 1.077404802000e+01 0.000000000000e+00  1 1 1   0.00   0.00   0.00  
Si  2.693512002970e+00 1.346756002297e+01 0.000000000000e+00  1 1 1   0.00   0.00   0.00  
Si  0.000000000000e+00 1.346756002297e+01 2.693512002970e+00  1 1 1   0.00   0.00   0.00  
Si  2.693512002970e+00 1.077404802000e+01 2.693512002970e+00  1 1 1   0.00   0.00   0.00  
Si  1.346756001490e+00 1.212080402149e+01 1.346756001490e+00  1 1 1   0.00   0.00   0.00  
Si  4.040268004460e+00 1.481431602446e+01 1.346756001490e+00  1 1 1   0.00   0.00   0.00  
Si  1.346756001490e+00 1.481431602446e+01 4.040268004460e+00  1 1 1   0.00   0.00   0.00  
Si  4.040268004460e+00 1.212080402149e+01 4.040268004460e+00  1 1 1   0.00   0.00   0.00  
Si  0.000000000000e+00 1.077404802000e+01 5.387024010000e+00  1 1 1   0.00   0.00   0.00  
Si  2.693512002970e+00 1.346756002297e+01 5.387024010000e+00  1 1 1   0.00   0.00   0.00  
Si  0.000000000000e+00 1.346756002297e+01 8.080536012970e+00  1 1 1   0.00   0.00   0.00  
Si  2.693512002970e+00 1.077404802000e+01 8.080536012970e+00  1 1 1   0.00   0.00   0.00  
Si  1.346756001490e+00 1.212080402149e+01 6.733780011490e+00  1 1 1   0.00   0.00   0.00  
Si  4.040268004460e+00 1.481431602446e+01 6.733780011490e+00  1 1 1   0.00   0.00   0.00  
Si  1.346756001490e+00 1.481431602446e+01 9.427292014460e+00  1 1 1   0.00   0.00   0.00  
Si  4.040268004460e+00 1.212080402149e+01 9.427292014460e+00  1 1 1   0.00   0.00   0.00  
Si  0.000000000000e+00 1.077404802000e+01 1.077404802000e+01  1 1 1   0.00   0.00   0.00  
Si  2.693512002970e+00 1.346756002297e+01 1.077404802000e+01  1 1 1   0.00   0.00   0.00  
Si  0.000000000000e+00 1.346756002297e+01 1.346756002297e+01  1 1 1   0.00   0.00   0.00  
Si  2.693512002970e+00 1.077404802000e+01 1.346756002297e+01  1 1 1   0.00   0.00   0.00  
Si  1.346756001490e+00 1.212080402149e+01 1.212080402149e+01  1 1 1   0.00   0.00   0.00  
Si  4.040268004460e+00 1.481431602446e+01 1.212080402149e+01  1 1 1   0.00   0.00   0.00  
Si  1.346756001490e+00 1.481431602446e+01 1.481431602446e+01  1 1 1   0.00   0.00   0.00  
Si  4.040268004460e+00 1.212080402149e+01 1.481431602446e+01  1 1 1   0.00   0.00   0.00  
Si  5.387024010000e+00 0.000000000000e+00 0.000000000000e+00  1 1 1   0.00   0.00   0.00  
Si  8.080536012970e+00 2.693512002970e+00 0.000000000000e+00  1 1 1   0.00   0.00   0.00  
Si  5.387024010000e+00 2.693512002970e+00 2.693512002970e+00  1 1 1   0.00   0.00   0.00  
Si  8.080536012970e+00 0.000000000000e+00 2.693512002970e+00  1 1 1   0.00   0.00   0.00  
Si  6.733780011490e+00 1.346756001490e+00 1.346756001490e+00  1 1 1   0.00   0.00   0.00  
Si  9.427292014460e+00 4.040268004460e+00 1.346756001490e+00  1 1 1   0.00   0.00   0.00  
Si  6.733780011490e+00 4.040268004460e+00 4.040268004460e+00  1 1 1   0.00   0.00   0.00  
Si  9.427292014460e+00 1.346756001490e+00 4.040268004460e+00  1 1 1   0.00   0.00   0.00  
Si  5.387024010000e+00 0.000000000000e+00 5.387024010000e+00  1 1 1   0.00   0.00   0.00  
Si  8.080536012970e+00 2.693512002970e+00 5.387024010000e+00  1 1 1   0.00   0.00   0.00  
Si  5.387024010000e+00 2.693512002970e+00 8.080536012970e+00  1 1 1   0.00   0.00   0.00  
Si  8.080536012970e+00 0.000000000000e+00 8.080536012970e+00  1 1 1   0.00   0.00   0.00  
Si  6.733780011490e+00 1.346756001490e+00 6.733780011490e+00  1 1 1   0.00   0.00   0.00  
Si  9.427292014460e+00 4.040268004460e+00 6.733780011490e+00  1 1 1   0.00   0.00   0.00  
Si  6.733780011490e+00 4.040268004460e+00 9.427292014460e+00  1 1 1   0.00   0.00   0.00  
Si  9.427292014460e+00 1.346756001490e+00 9.427292014460e+00  1 1 1   0.00   0.00   0.00  
Si  5.387024010000e+00 0.000000000000e+00 1.077404802000e+01  1 1 1   0.00   0.00   0.00  
Si  8.080536012970e+00 2.693512002970e+00 1.077404802000e+01  1 1 1   0.00   0.00   0.00  
Si  5.387024010000e+00 2.693512002970e+00 1.346756002297e+01  1 1 1   0.00   0.00   0.00  
Si  8.080536012970e+00 0.000000000000e+00 1.346756002297e+01  1 1 1   0.00   0.00   0.00  
Si  6.733780011490e+00 1.346756001490e+00 1.212080402149e+01  1 1 1   0.00   0.00   0.00  
Si  9.427292014460e+00 4.040268004460e+00 1.212080402149e+01  1 1 1   0.00   0.00   0.00  
Si  6.733780011490e+00 4.040268004460e+00 1.481431602446e+01  1 1 1   0.00   0.00   0.00  
Si  9.427292014460e+00 1.346756001490e+00 1.481431602446e+01  1 1 1   0.00   0.00   0.00  
Si  5.387024010000e+00 5.387024010000e+00 0.000000000000e+00  1 1 1   0.00   0.00   0.00  
Si  8.080536012970e+00 8.080536012970e+00 0.000000000000e+00  1 1 1   0.00   0.00   0.00  
Si  5.387024010000e+00 8.080536012970e+00 2.693512002970e+00  1 1 1   0.00   0.00   0.00  
Si  8.080536012970e+00 5.387024010000e+00 2.693512002970e+00  1 1 1   0.00   0.00   0.00  
Si  6.733780011490e+00 6.733780011490e+00 1.346756001490e+00  1 1 1   0.00   0.00   0.00  
Si  9.427292014460e+00 9.427292014460e+00 1.346756001490e+00  1 1 1   0.00   0.00   0.00  
Si  6.733780011490e+00 9.427292014460e+00 4.040268004460e+00  1 1 1   0.00   0.00   0.00  
Si  9.427292014460e+00 6.733780011490e+00 4.040268004460e+00  1 1 1   0.00   0.00   0.00  
Si  5.387024010000e+00 5.387024010000e+00 5.387024010000e+00  1 1 1   0.00   0.00   0.00  
Si  8.080536012970e+00 8.080536012970e+00 5.387024010000e+00  1 1 1   0.00   0.00   0.00  
Si  5.387024010000e+00 8.080536012970e+00 8.080536012970e+00  1 1 1   0.00   0.00   0.00  
Si  8.080536012970e+00 5.387024010000e+00 8.080536012970e+00  1 1 1   0.00   0.00   0.00  
Si  6.733780011490e+00 6.733780011490e+00 6.733780011490e+00  1 1 1   0.00   0.00   0.00  
Si  9.427292014460e+00 9.427292014460e+00 6.733780011490e+00  1 1 1   0.00   0.00   0.00  
Si  6.733780011490e+00 9.427292014460e+00 9.427292014460e+00  1 1 1   0.00   0.00   0.00  
Si  9.427292014460e+00 6.733780011490e+00 9.427292014460e+00  1 1 1   0.00   0.00   0.00  
Si  5.387024010000e+00 5.387024010000e+00 1.077404802000e+01  1 1 1   0.00   0.00   0.00  
Si  8.080536012970e+00 8.080536012970e+00 1.077404802000e+01  1 1 1   0.00   0.00   0.00  
Si  5.387024010000e+00 8.080536012970e+00 1.346756002297e+01  1 1 1   0.00   0.00   0.00  
Si  8.080536012970e+00 5.387024010000e+00 1.346756002297e+01  1 1 1   0.00   0.00   0.00  
Si  6.733780011490e+00 6.733780011490e+00 1.212080402149e+01  1 1 1   0.00   0.00   0.00  
Si  9.427292014460e+00 9.427292014460e+00 1.212080402149e+01  1 1 1   0.00   0.00   0.00  
Si  6.733780011490e+00 9.427292014460e+00 1.481431602446e+01  1 1 1   0.00   0.00   0.00  
Si  9.427292014460e+00 6.733780011490e+00 1.481431602446e+01  1 1 1   0.00   0.00   0.00  
Si  5.387024010000e+00 1.077404802000e+01 0.000000000000e+00  1 1 1   0.00   0.00   0.00  
Si  8.080536012970e+00 1.346756002297e+01 0.000000000000e+00  1 1 1   0.00   0.00   0.00  
Si  5.387024010000e+00 1.346756002297e+01 2.693512002970e+00  1 1 1   0.00   0.00   0.00  
Si  8.080536012970e+00 1.077404802000e+01 2.693512002970e+00  1 1 1   0.00   0.00   0.00  
Si  6.733780011490e+00 1.212080402149e+01 1.346756001490e+00  1 1 1   0.00   0.00   0.00  
Si  9.427292014460e+00 1.481431602446e+01 1.346756001490e+00  1 1 1   0.00   0.00   0.00  
Si  6.733780011490e+00 1.481431602446e+01 4.040268004460e+00  1 1 1   0.00   0.00   0.00  
Si  9.427292014460e+00 1.212080402149e+01 4.040268004460e+00  1 1 1   0.00   0.00   0.00  
Si  5.387024010000e+00 1.077404802000e+01 5.387024010000e+00  1 1 1   0.00   0.00   0.00  
Si  8.080536012970e+00 1.346756002297e+01 5.387024010000e+00  1 1 1   0.00   0.00   0.00  
Si  5.387024010000e+00 1.346756002297e+01 8.080536012970e+00  1 1 1   0.00   0.00   0.00  
Si  8.080536012970e+00 1.077404802000e+01 8.080536012970e+00  1 1 1   0.00   0.00   0.00  
Si  6.733780011490e+00 1.212080402149e+01 6.733780011490e+00  1 1 1   0.00   0.00   0.00  
Si  9.427292014460e+00 1.481431602446e+01 6.733780011490e+00  1 1 1   0.00   0.00   0.00  
Si  6.733780011490e+00 1.481431602446e+01 9.427292014460e+00  1 1 1   0.00   0.00   0.00  
Si  9.427292014460e+00 1.212080402149e+01 9.427292014460e+00  1 1 1   0.00   0.00   0.00  
Si  5.387024010000e+00 1.077404802000e+01 1.077404802000e+01  1 1 1   0.00   0.00   0.00  
Si  8.080536012970e+00 1.346756002297e+01 1.077404802000e+01  1 1 1   0.00   0.00   0.00  
Si  5.387024010000e+00 1.346756002297e+01 1.346756002297e+01  1 1 1   0.00   0.00   0.00  
Si  8.080536012970e+00 1.077404802000e+01 1.346756002297e+01  1 1 1   0.00   0.00   0.00  
Si  6.733780011490e+00 1.212080402149e+01 1.212080402149e+01  1 1 1   0.00   0.00   0.00  
Si  9.427292014460e+00 1.481431602446e+01 1.212080402149e+01  1 1 1   0.00   0.00   0.00  
Si  6.733780011490e+00 1.481431602446e+01 1.481431602446e+01  1 1 1   0.00   0.00   0.00  
Si  9.427292014460e+00 1.212080402149e+01 1.481431602446e+01  1 1 1   0.00   0.00   0.00  
Si  1.077404802000e+01 0.000000000000e+00 0.000000000000e+00  1 1 1   0.00   0.00   0.00  
Si  1.346756002297e+01 2.693512002970e+00 0.000000000000e+00  1 1 1   0.00   0.00   0.00  
Si  1.077404802000e+01 2.693512002970e+00 2.693512002970e+00  1 1 1   0.00   0.00   0.00  
Si  1.346756002297e+01 0.000000000000e+00 2.693512002970e+00  1 1 1   0.00   0.00   0.00  
Si  1.212080402149e+01 1.346756001490e+00 1.346756001490e+00  1 1 1   0.00   0.00   0.00  
Si  1.481431602446e+01 4.040268004460e+00 1.346756001490e+00  1 1 1   0.00   0.00   0.00  
Si  1.212080402149e+01 4.040268004460e+00 4.040268004460e+00  1 1 1   0.00   0.00   0.00  
Si  1.481431602446e+01 1.346756001490e+00 4.040268004460e+00  1 1 1   0.00   0.00   0.00  
Si  1.077404802000e+01 0.000000000000e+00 5.387024010000e+00  1 1 1   0.00   0.00   0.00  
Si  1.346756002297e+01 2.693512002970e+00 5.387024010000e+00  1 1 1   0.00   0.00   0.00  
Si  1.077404802000e+01 2.693512002970e+00 8.080536012970e+00  1 1 1   0.00   0.00   0.00  
Si  1.346756002297e+01 0.000000000000e+00 8.080536012970e+00  1 1 1   0.00   0.00   0.00  
Si  1.212080402149e+01 1.346756001490e+00 6.733780011490e+00  1 1 1   0.00   0.00   0.00  
Si  1.481431602446e+01 4.040268004460e+00 6.733780011490e+00  1 1 1   0.00   0.00   0.00  
Si  1.212080402149e+01 4.040268004460e+00 9.427292014460e+00  1 1 1   0.00   0.00   0.00  
Si  1.481431602446e+01 1.346756001490e+00 9.427292014460e+00  1 1 1   0.00   0.00   0.00  
Si  1.077404802000e+01 0.000000000000e+00 1.077404802000e+01  1 1 1   0.00   0.00   0.00  
Si  1.346756002297e+01 2.693512002970e+00 1.077404802000e+01  1 1 1   0.00   0.00   0.00  
Si  1.077404802000e+01 2.693512002970e+00 1.346756002297e+01  1 1 1   0.00   0.00   0.00  
Si  1.346756002297e+01 0.000000000000e+00 1.346756002297e+01  1 1 1   0.00   0.00   0.00  
Si  1.212080402149e+01 1.346756001490e+00 1.212080402149e+01  1 1 1   0.00   0.00   0.00  
Si  1.481431602446e+01 4.040268004460e+00 1.212080402149e+01  1 1 1   0.00   0.00   0.00  
Si  1.212080402149e+01 4.040268004460e+00 1.481431602446e+01  1 1 1   0.00   0.00   0.00  
Si  1.481431602446e+01 1.346756001490e+00 1.481431602446e+01  1 1 1   0.00   0.00   0.00  
Si  1.077404802000e+01 5.387024010000e+00 0.000000000000e+00  1 1 1   0.00   0.00   0.00  
Si  1.346756002297e+01 8.080536012970e+00 0.000000000000e+00  1 1 1   0.00   0.00   0.00  
Si  1.077404802000e+01 8.080536012970e+00 2.693512002970e+00  1 1 1   0.00   0.00   0.00  
Si  1.346756002297e+01 5.387024010000e+00 2.693512002970e+00  1 1 1   0.00   0.00   0.00  
Si  1.212080402149e+01 6.733780011490e+00 1.346756001490e+00  1 1 1   0.00   0.00   0.00  
Si  1.481431602446e+01 9.427292014460e+00 1.346756001490e+00  1 1 1   0.00   0.00   0.00  
Si  1.212080402149e+01 9.427292014460e+00 4.040268004460e+00  1 1 1   0.00   0.00   0.00  
Si  1.481431602446e+01 6.733780011490e+00 4.040268004460e+00  1 1 1   0.00   0.00   0.00  
Si  1.077404802000e+01 5.387024010000e+00 5.387024010000e+00  1 1 1   0.00   0.00   0.00  
Si  1.346756002297e+01 8.080536012970e+00 5.387024010000e+00  1 1 1   0.00   0.00   0.00  
Si  1.077404802000e+01 8.080536012970e+00 8.080536012970e+00  1 1 1   0.00   0.00   0.00  
Si  1.346756002297e+01 5.387024010000e+00 8.080536012970e+00  1 1 1   0.00   0.00   0.00  
Si  1.212080402149e+01 6.733780011490e+00 6.733780011490e+00  1 1 1   0.00   0.00   0.00  
Si  1.481431602446e+01 9.427292014460e+00 6.733780011490e+00  1 1 1   0.00   0.00   0.00  
Si  1.212080402149e+01 9.427292014460e+00 9.427292014460e+00  1 1 1   0.00   0.00   0.00  
Si  1.481431602446e+01 6.733780011490e+00 9.427292014460e+00  1 1 1   0.00   0.00   0.00  
Si  1.077404802000e+01 5.387024010000e+00 1.077404802000e+01  1 1 1   0.00   0.00   0.00  
Si  1.346756002297e+01 8.080536012970e+00 1.077404802000e+01  1 1 1   0.00   0.00   0.00  
Si  1.077404802000e+01 8.080536012970e+00 1.346756002297e+01  1 1 1   0.00   0.00   0.00  
Si  1.346756002297e+01 5.387024010000e+00 1.346756002297e+01  1 1 1   0.00   0.00   0.00  
Si  1.212080402149e+01 6.733780011490e+00 1.212080402149e+01  1 1 1   0.00   0.00   0.00  
Si  1.481431602446e+01 9.427292014460e+00 1.212080402149e+01  1 1 1   0.00   0.00   0.00  
Si  1.212080402149e+01 9.427292014460e+00 1.481431602446e+01  1 1 1   0.00   0.00   0.00  
Si  1.481431602446e+01 6.733780011490e+00 1.481431602446e+01  1 1 1   0.00   0.00   0.00  
Si  1.077404802000e+01 1.077404802000e+01 0.000000000000e+00  1 1 1   0.00   0.00   0.00  
Si  1.346756002297e+01 1.346756002297e+01 0.000000000000e+00  1 1 1   0.00   0.00   0.00  
Si  1.077404802000e+01 1.346756002297e+01 2.693512002970e+00  1 1 1   0.00   0.00   0.00  
Si  1.346756002297e+01 1.077404802000e+01 2.693512002970e+00  1 1 1   0.00   0.00   0.00  
Si  1.212080402149e+01 1.212080402149e+01 1.346756001490e+00  1 1 1   0.00   0.00   0.00  
Si  1.481431602446e+01 1.481431602446e+01 1.346756001490e+00  1 1 1   0.00   0.00   0.00  
Si  1.212080402149e+01 1.481431602446e+01 4.040268004460e+00  1 1 1   0.00   0.00   0.00  
Si  1.481431602446e+01 1.212080402149e+01 4.040268004460e+00  1 1 1   0.00   0.00   0.00  
Si  1.077404802000e+01 1.077404802000e+01 5.387024010000e+00  1 1 1   0.00   0.00   0.00  
Si  1.346756002297e+01 1.346756002297e+01 5.387024010000e+00  1 1 1   0.00   0.00   0.00  
Si  1.077404802000e+01 1.346756002297e+01 8.080536012970e+00  1 1 1   0.00   0.00   0.00  
Si  1.346756002297e+01 1.077404802000e+01 8.080536012970e+00  1 1 1   0.00   0.00   0.00  
Si  1.212080402149e+01 1.212080402149e+01 6.733780011490e+00  1 1 1   0.00   0.00   0.00  
Si  1.481431602446e+01 1.481431602446e+01 6.733780011490e+00  1 1 1   0.00   0.00   0.00  
Si  1.212080402149e+01 1.481431602446e+01 9.427292014460e+00  1 1 1   0.00   0.00   0.00  
Si  1.481431602446e+01 1.212080402149e+01 9.427292014460e+00  1 1 1   0.00   0.00   0.00  
Si  1.077404802000e+01 1.077404802000e+01 1.077404802000e+01  1 1 1   0.00   0.00   0.00  
Si  1.346756002297e+01 1.346756002297e+01 1.077404802000e+01  1 1 1   0.00   0.00   0.00  
Si  1.077404802000e+01 1.346756002297e+01 1.346756002297e+01  1 1 1   0.00   0.00   0.00  
Si  1.346756002297e+01 1.077404802000e+01 1.346756002297e+01  1 1 1   0.00   0.00   0.00  
Si  1.212080402149e+01 1.212080402149e+01 1.212080402149e+01  1 1 1   0.00   0.00   0.00  
Si  1.481431602446e+01 1.481431602446e+01 1.212080402149e+01  1 1 1   0.00   0.00   0.00  
Si  1.212080402149e+01 1.481431602446e+01 1.481431602446e+01  1 1 1   0.00   0.00   0.00  
Si  1.481431602446e+01 1.212080402149e+01 1.481431602446e+01  1 1 1   0.00   0.00   0.00  
"  
