description="Cu111-vac15                             
"  
#******** REAL SPACE GRID ********   
wavefunction_grid="128 80 128"  
potential_grid_refinement="2"  
  
#******* CONTROL OPTIONS *******  
start_mode          ="LCAO Start"  
calculation_mode    ="Quench Electrons  "  
kohn_sham_solver    ="davidson"  
subdiag_driver      ="auto"  
#auto: if cuda available, use cusolver, otherwise use lapack for n<128 and scaplack for large system  
cube_rho = "True"  
  
#********* K POINT SETUP *********  
kpoint_mesh = "1 1 1"  
kpoint_is_shift = "0 0 0"  
  
#******* Pseudopotentials *******   
internal_pseudo_type = "sg15"  
#use Optimized Norm-Conserving Vanderbilt (ONCV) pseudopotenitals  
#those pseudopotentials are built in with RMG  
write_pseudopotential_plots ="False"  
  
#*****Exchange Correlation ******  
exchange_correlation_type="AUTO_XC"  
#AUTO_XC: XC will be determined from pseudopotential  
  
#****  LATTICE and ATOMS  ****   
bravais_lattice_type="None"  
crds_units = "Angstrom"  
lattice_units = "Angstrom"  
lattice_vector="  
 2.545879900000e+01  0.000000000000e+00  0.000000000000e+00   
 1.272940000000e+00  1.543357666667e+01  0.000000000000e+00   
 0.000000000000e+00  0.000000000000e+00  2.500000000000e+01   
"  
atomic_coordinate_type = "Cell Relative"  
atoms="  
Cu  0.000000000000e+00 0.000000000000e+00 0.000000000000e+00  1 1 1   0.00   0.00   0.00  
Cu  4.285713374157e-02 1.428573588365e-01 0.000000000000e+00  1 1 1   0.00   0.00   0.00  
Cu  4.761905668880e-02 4.761890363284e-02 8.314800000000e-02  1 1 1   0.00   0.00   0.00  
Cu  9.904761865024e-01 1.904762624693e-01 8.314800000000e-02  1 1 1   0.00   0.00   0.00  
Cu  9.951109698283e-01 9.611298440308e-02 1.645371701706e-01  1 1 1   0.00   0.00   0.00  
Cu  3.789248810737e-02 2.402093767380e-01 1.649681317141e-01  1 1 1   0.00   0.00   0.00  
Cu  6.014905651028e-04 1.231056519323e-03 2.456729879074e-01  1 1 1   0.00   0.00   0.00  
Cu  4.291673426370e-02 1.432616252809e-01 2.456346488276e-01  1 1 1   0.00   0.00   0.00  
Cu  1.000000039279e-01 0.000000000000e+00 0.000000000000e+00  1 1 1   0.00   0.00   0.00  
Cu  1.428571376695e-01 1.428573588365e-01 0.000000000000e+00  1 1 1   0.00   0.00   0.00  
Cu  1.476190606167e-01 4.761890363284e-02 8.314800000000e-02  1 1 1   0.00   0.00   0.00  
Cu  9.047619043037e-02 1.904762624693e-01 8.314800000000e-02  1 1 1   0.00   0.00   0.00  
Cu  9.539257203136e-02 9.629704051057e-02 1.646243032832e-01  1 1 1   0.00   0.00   0.00  
Cu  1.383203738908e-01 2.400255479702e-01 1.654395709408e-01  1 1 1   0.00   0.00   0.00  
Cu  1.009321668148e-01 1.306435439574e-03 2.459181352621e-01  1 1 1   0.00   0.00   0.00  
Cu  1.434135140154e-01 1.435141458884e-01 2.460878233484e-01  1 1 1   0.00   0.00   0.00  
Cu  2.000000078558e-01 0.000000000000e+00 0.000000000000e+00  1 1 1   0.00   0.00   0.00  
Cu  2.428571415974e-01 1.428573588365e-01 0.000000000000e+00  1 1 1   0.00   0.00   0.00  
Cu  2.476190645446e-01 4.761890363284e-02 8.314800000000e-02  1 1 1   0.00   0.00   0.00  
Cu  1.904761943583e-01 1.904762624693e-01 8.314800000000e-02  1 1 1   0.00   0.00   0.00  
Cu  1.957075941283e-01 9.647276891532e-02 1.649829380899e-01  1 1 1   0.00   0.00   0.00  
Cu  2.384236541615e-01 2.393753728978e-01 1.654085515552e-01  1 1 1   0.00   0.00   0.00  
Cu  2.009281661528e-01 1.718966150904e-03 2.462188454320e-01  1 1 1   0.00   0.00   0.00  
Cu  2.439461400428e-01 1.440063648301e-01 2.472767887151e-01  1 1 1   0.00   0.00   0.00  
Cu  3.000000117837e-01 0.000000000000e+00 0.000000000000e+00  1 1 1   0.00   0.00   0.00  
Cu  3.428571455253e-01 1.428573588365e-01 0.000000000000e+00  1 1 1   0.00   0.00   0.00  
Cu  3.476190684725e-01 4.761890363284e-02 8.314800000000e-02  1 1 1   0.00   0.00   0.00  
Cu  2.904761982862e-01 1.904762624693e-01 8.314800000000e-02  1 1 1   0.00   0.00   0.00  
Cu  2.956914241381e-01 9.594574154606e-02 1.654391094367e-01  1 1 1   0.00   0.00   0.00  
Cu  3.386842748682e-01 2.385597937182e-01 1.651682372450e-01  1 1 1   0.00   0.00   0.00  
Cu  3.009808250021e-01 1.504784356840e-03 2.478708320197e-01  1 1 1   0.00   0.00   0.00  
Cu  3.437450932398e-01 1.440873851470e-01 2.475794992723e-01  1 1 1   0.00   0.00   0.00  
Cu  4.000000157117e-01 0.000000000000e+00 0.000000000000e+00  1 1 1   0.00   0.00   0.00  
Cu  4.428571494532e-01 1.428573588365e-01 0.000000000000e+00  1 1 1   0.00   0.00   0.00  
Cu  4.476190724005e-01 4.761890363284e-02 8.314800000000e-02  1 1 1   0.00   0.00   0.00  
Cu  3.904762022141e-01 1.904762624693e-01 8.314800000000e-02  1 1 1   0.00   0.00   0.00  
Cu  3.956211153210e-01 9.558118926707e-02 1.654797330053e-01  1 1 1   0.00   0.00   0.00  
Cu  4.384280366926e-01 2.386479450501e-01 1.655339239241e-01  1 1 1   0.00   0.00   0.00  
Cu  4.005664476924e-01 1.051649460024e-03 2.479028435385e-01  1 1 1   0.00   0.00   0.00  
Cu  4.432761666493e-01 1.438856560861e-01 2.477918686167e-01  1 1 1   0.00   0.00   0.00  
Cu  5.000000196396e-01 0.000000000000e+00 0.000000000000e+00  1 1 1   0.00   0.00   0.00  
Cu  5.428571533811e-01 1.428573588365e-01 0.000000000000e+00  1 1 1   0.00   0.00   0.00  
Cu  5.476190763284e-01 4.761890363284e-02 8.314800000000e-02  1 1 1   0.00   0.00   0.00  
Cu  4.904762061420e-01 1.904762624693e-01 8.314800000000e-02  1 1 1   0.00   0.00   0.00  
Cu  4.953891098281e-01 9.567765655808e-02 1.655802565168e-01  1 1 1   0.00   0.00   0.00  
Cu  5.381606215835e-01 2.387228090271e-01 1.655935963605e-01  1 1 1   0.00   0.00   0.00  
Cu  5.001738058928e-01 9.980188051841e-04 2.478563401007e-01  1 1 1   0.00   0.00   0.00  
Cu  5.429117733223e-01 1.439876084349e-01 2.478419968369e-01  1 1 1   0.00   0.00   0.00  
Cu  6.000000235675e-01 0.000000000000e+00 0.000000000000e+00  1 1 1   0.00   0.00   0.00  
Cu  6.428571573091e-01 1.428573588365e-01 0.000000000000e+00  1 1 1   0.00   0.00   0.00  
Cu  6.476190802563e-01 4.761890363284e-02 8.314800000000e-02  1 1 1   0.00   0.00   0.00  
Cu  5.904762100699e-01 1.904762624693e-01 8.314800000000e-02  1 1 1   0.00   0.00   0.00  
Cu  5.951634301106e-01 9.574198150975e-02 1.655634745045e-01  1 1 1   0.00   0.00   0.00  
Cu  6.378308455862e-01 2.387214399044e-01 1.655199771143e-01  1 1 1   0.00   0.00   0.00  
Cu  5.998004973323e-01 1.135177351102e-03 2.478338696317e-01  1 1 1   0.00   0.00   0.00  
Cu  6.425685050317e-01 1.440298781297e-01 2.478985749838e-01  1 1 1   0.00   0.00   0.00  
Cu  7.000000274954e-01 0.000000000000e+00 0.000000000000e+00  1 1 1   0.00   0.00   0.00  
Cu  7.428571612370e-01 1.428573588365e-01 0.000000000000e+00  1 1 1   0.00   0.00   0.00  
Cu  7.476190841842e-01 4.761890363284e-02 8.314800000000e-02  1 1 1   0.00   0.00   0.00  
Cu  6.904762139979e-01 1.904762624693e-01 8.314800000000e-02  1 1 1   0.00   0.00   0.00  
Cu  6.949268745637e-01 9.572630498482e-02 1.655120767282e-01  1 1 1   0.00   0.00   0.00  
Cu  7.375416747570e-01 2.385326448711e-01 1.654550618491e-01  1 1 1   0.00   0.00   0.00  
Cu  6.993670840890e-01 1.144322060824e-03 2.476556294138e-01  1 1 1   0.00   0.00   0.00  
Cu  7.422448503716e-01 1.435929707151e-01 2.479111218783e-01  1 1 1   0.00   0.00   0.00  
Cu  8.000000314233e-01 0.000000000000e+00 0.000000000000e+00  1 1 1   0.00   0.00   0.00  
Cu  8.428571651649e-01 1.428573588365e-01 0.000000000000e+00  1 1 1   0.00   0.00   0.00  
Cu  8.476190881121e-01 4.761890363284e-02 8.314800000000e-02  1 1 1   0.00   0.00   0.00  
Cu  7.904762179258e-01 1.904762624693e-01 8.314800000000e-02  1 1 1   0.00   0.00   0.00  
Cu  7.947065479109e-01 9.564314088662e-02 1.652537227959e-01  1 1 1   0.00   0.00   0.00  
Cu  8.374661234753e-01 2.390502528110e-01 1.648970690703e-01  1 1 1   0.00   0.00   0.00  
Cu  7.992179930217e-01 1.023401922204e-03 2.473450820681e-01  1 1 1   0.00   0.00   0.00  
Cu  8.424633502552e-01 1.431286532174e-01 2.461444007689e-01  1 1 1   0.00   0.00   0.00  
Cu  9.000000353512e-01 0.000000000000e+00 0.000000000000e+00  1 1 1   0.00   0.00   0.00  
Cu  9.428571690928e-01 1.428573588365e-01 0.000000000000e+00  1 1 1   0.00   0.00   0.00  
Cu  9.476190920400e-01 4.761890363284e-02 8.314800000000e-02  1 1 1   0.00   0.00   0.00  
Cu  8.904762218537e-01 1.904762624693e-01 8.314800000000e-02  1 1 1   0.00   0.00   0.00  
Cu  8.949411009888e-01 9.581032457863e-02 1.646292217453e-01  1 1 1   0.00   0.00   0.00  
Cu  9.377231979928e-01 2.395285337179e-01 1.648116676545e-01  1 1 1   0.00   0.00   0.00  
Cu  8.999492093747e-01 1.123735949385e-03 2.460957455973e-01  1 1 1   0.00   0.00   0.00  
Cu  9.425719248146e-01 1.431844233613e-01 2.458889116646e-01  1 1 1   0.00   0.00   0.00  
Cu  9.857142959521e-01 2.857140697350e-01 0.000000000000e+00  1 1 1   0.00   0.00   0.00  
Cu  2.857142969369e-02 4.285714285714e-01 0.000000000000e+00  1 1 1   0.00   0.00   0.00  
Cu  3.333332024402e-02 3.333336213058e-01 8.314800000000e-02  1 1 1   0.00   0.00   0.00  
Cu  9.761904824546e-01 4.761903322043e-01 8.314800000000e-02  1 1 1   0.00   0.00   0.00  
Cu  9.806900550797e-01 3.843303898988e-01 1.679168448446e-01  1 1 1   0.00   0.00   0.00  
Cu  2.373629371284e-02 5.249586852702e-01 1.655983678913e-01  1 1 1   0.00   0.00   0.00  
Cu  9.845915717283e-01 2.857676594894e-01 2.460962584625e-01  1 1 1   0.00   0.00   0.00  
Cu  2.799974220348e-02 4.323489761659e-01 2.520236597332e-01  1 1 1   0.00   0.00   0.00  
Cu  8.571429988004e-02 2.857140697350e-01 0.000000000000e+00  1 1 1   0.00   0.00   0.00  
Cu  1.285714336216e-01 4.285714285714e-01 0.000000000000e+00  1 1 1   0.00   0.00   0.00  
Cu  1.333333241719e-01 3.333336213058e-01 8.314800000000e-02  1 1 1   0.00   0.00   0.00  
Cu  7.619048638249e-02 4.761903322043e-01 8.314800000000e-02  1 1 1   0.00   0.00   0.00  
Cu  8.085459229302e-02 3.842591961107e-01 1.682093345815e-01  1 1 1   0.00   0.00   0.00  
Cu  1.244615317816e-01 5.239206630106e-01 1.660436166344e-01  1 1 1   0.00   0.00   0.00  
Cu  8.566001119380e-02 2.853856790376e-01 2.462766703752e-01  1 1 1   0.00   0.00   0.00  
Cu  1.313126082437e-01 4.309638692421e-01 2.541325618643e-01  1 1 1   0.00   0.00   0.00  
Cu  1.857143038079e-01 2.857140697350e-01 0.000000000000e+00  1 1 1   0.00   0.00   0.00  
Cu  2.285714375495e-01 4.285714285714e-01 0.000000000000e+00  1 1 1   0.00   0.00   0.00  
Cu  2.333333280998e-01 3.333336213058e-01 8.314800000000e-02  1 1 1   0.00   0.00   0.00  
Cu  1.761904903104e-01 4.761903322043e-01 8.314800000000e-02  1 1 1   0.00   0.00   0.00  
Cu  1.805200928063e-01 3.826529722227e-01 1.669834150028e-01  1 1 1   0.00   0.00   0.00  
Cu  2.246137555586e-01 5.244833710456e-01 1.651688713800e-01  1 1 1   0.00   0.00   0.00  
Cu  1.872928410828e-01 2.861420499333e-01 2.477649683886e-01  1 1 1   0.00   0.00   0.00  
Cu  2.318741248294e-01 4.294794874463e-01 2.470425510943e-01  1 1 1   0.00   0.00   0.00  
Cu  2.857143077359e-01 2.857140697350e-01 0.000000000000e+00  1 1 1   0.00   0.00   0.00  
Cu  3.285714414774e-01 4.285714285714e-01 0.000000000000e+00  1 1 1   0.00   0.00   0.00  
Cu  3.333333320278e-01 3.333336213058e-01 8.314800000000e-02  1 1 1   0.00   0.00   0.00  
Cu  2.761904942383e-01 4.761903322043e-01 8.314800000000e-02  1 1 1   0.00   0.00   0.00  
Cu  2.815157029313e-01 3.814754431555e-01 1.650694481079e-01  1 1 1   0.00   0.00   0.00  
Cu  3.246888589256e-01 5.241059132002e-01 1.652728429064e-01  1 1 1   0.00   0.00   0.00  
Cu  2.873985178784e-01 2.866464782258e-01 2.471362621037e-01  1 1 1   0.00   0.00   0.00  
Cu  3.301823706777e-01 4.294753416197e-01 2.479411543647e-01  1 1 1   0.00   0.00   0.00  
Cu  3.857143116638e-01 2.857140697350e-01 0.000000000000e+00  1 1 1   0.00   0.00   0.00  
Cu  4.285714454054e-01 4.285714285714e-01 0.000000000000e+00  1 1 1   0.00   0.00   0.00  
Cu  4.333333359557e-01 3.333336213058e-01 8.314800000000e-02  1 1 1   0.00   0.00   0.00  
Cu  3.761904981662e-01 4.761903322043e-01 8.314800000000e-02  1 1 1   0.00   0.00   0.00  
Cu  3.814640311200e-01 3.813859661476e-01 1.654769783234e-01  1 1 1   0.00   0.00   0.00  
Cu  4.241757104773e-01 5.242179321065e-01 1.655581232841e-01  1 1 1   0.00   0.00   0.00  
Cu  3.865483780936e-01 2.867059746380e-01 2.478931928322e-01  1 1 1   0.00   0.00   0.00  
Cu  4.293035465919e-01 4.297363098695e-01 2.479946309355e-01  1 1 1   0.00   0.00   0.00  
Cu  4.857143155917e-01 2.857140697350e-01 0.000000000000e+00  1 1 1   0.00   0.00   0.00  
Cu  5.285714493333e-01 4.285714285714e-01 0.000000000000e+00  1 1 1   0.00   0.00   0.00  
Cu  5.333333398836e-01 3.333336213058e-01 8.314800000000e-02  1 1 1   0.00   0.00   0.00  
Cu  4.761905020941e-01 4.761903322043e-01 8.314800000000e-02  1 1 1   0.00   0.00   0.00  
Cu  4.811917253613e-01 3.815402194737e-01 1.655838501236e-01  1 1 1   0.00   0.00   0.00  
Cu  5.238402538845e-01 5.242625186889e-01 1.656818899925e-01  1 1 1   0.00   0.00   0.00  
Cu  4.860709542512e-01 2.868682527184e-01 2.479514862985e-01  1 1 1   0.00   0.00   0.00  
Cu  5.287141922561e-01 4.297535536604e-01 2.481628919427e-01  1 1 1   0.00   0.00   0.00  
Cu  5.857143195196e-01 2.857140697350e-01 0.000000000000e+00  1 1 1   0.00   0.00   0.00  
Cu  6.285714532612e-01 4.285714285714e-01 0.000000000000e+00  1 1 1   0.00   0.00   0.00  
Cu  6.333333438115e-01 3.333336213058e-01 8.314800000000e-02  1 1 1   0.00   0.00   0.00  
Cu  5.761905060221e-01 4.761903322043e-01 8.314800000000e-02  1 1 1   0.00   0.00   0.00  
Cu  5.808395718900e-01 3.815191572539e-01 1.655639904140e-01  1 1 1   0.00   0.00   0.00  
Cu  6.235784335874e-01 5.242013412631e-01 1.655788390025e-01  1 1 1   0.00   0.00   0.00  
Cu  5.856340354495e-01 2.868788969356e-01 2.480402045504e-01  1 1 1   0.00   0.00   0.00  
Cu  6.281544309668e-01 4.295860740777e-01 2.480775724080e-01  1 1 1   0.00   0.00   0.00  
Cu  6.857143234475e-01 2.857140697350e-01 0.000000000000e+00  1 1 1   0.00   0.00   0.00  
Cu  7.285714571891e-01 4.285714285714e-01 0.000000000000e+00  1 1 1   0.00   0.00   0.00  
Cu  7.333333477394e-01 3.333336213058e-01 8.314800000000e-02  1 1 1   0.00   0.00   0.00  
Cu  6.761905099500e-01 4.761903322043e-01 8.314800000000e-02  1 1 1   0.00   0.00   0.00  
Cu  6.804540509812e-01 3.815150382188e-01 1.653226921350e-01  1 1 1   0.00   0.00   0.00  
Cu  7.231500232799e-01 5.242589671886e-01 1.651978002076e-01  1 1 1   0.00   0.00   0.00  
Cu  6.850894810206e-01 2.867200146441e-01 2.479025220086e-01  1 1 1   0.00   0.00   0.00  
Cu  7.272665461982e-01 4.294792826383e-01 2.477473005401e-01  1 1 1   0.00   0.00   0.00  
Cu  7.857143273754e-01 2.857140697350e-01 0.000000000000e+00  1 1 1   0.00   0.00   0.00  
Cu  8.285714611170e-01 4.285714285714e-01 0.000000000000e+00  1 1 1   0.00   0.00   0.00  
Cu  8.333333516673e-01 3.333336213058e-01 8.314800000000e-02  1 1 1   0.00   0.00   0.00  
Cu  7.761905138779e-01 4.761903322043e-01 8.314800000000e-02  1 1 1   0.00   0.00   0.00  
Cu  7.805594759867e-01 3.816126208556e-01 1.652740843413e-01  1 1 1   0.00   0.00   0.00  
Cu  8.231777458097e-01 5.248526027447e-01 1.652198833353e-01  1 1 1   0.00   0.00   0.00  
Cu  7.845171740505e-01 2.862192320987e-01 2.472158116119e-01  1 1 1   0.00   0.00   0.00  
Cu  8.259480756022e-01 4.296377581855e-01 2.470876081769e-01  1 1 1   0.00   0.00   0.00  
Cu  8.857143313034e-01 2.857140697350e-01 0.000000000000e+00  1 1 1   0.00   0.00   0.00  
Cu  9.285714650449e-01 4.285714285714e-01 0.000000000000e+00  1 1 1   0.00   0.00   0.00  
Cu  9.333333555953e-01 3.333336213058e-01 8.314800000000e-02  1 1 1   0.00   0.00   0.00  
Cu  8.761905178058e-01 4.761903322043e-01 8.314800000000e-02  1 1 1   0.00   0.00   0.00  
Cu  8.812315121330e-01 3.830084179344e-01 1.664047850206e-01  1 1 1   0.00   0.00   0.00  
Cu  9.232143115142e-01 5.247632238676e-01 1.657122660346e-01  1 1 1   0.00   0.00   0.00  
Cu  8.843612254107e-01 2.855525784166e-01 2.458114242281e-01  1 1 1   0.00   0.00   0.00  
Cu  9.252204091469e-01 4.329113947963e-01 2.523360634051e-01  1 1 1   0.00   0.00   0.00  
Cu  9.714285595073e-01 5.714287874079e-01 0.000000000000e+00  1 1 1   0.00   0.00   0.00  
Cu  1.428572564581e-02 7.142854983064e-01 0.000000000000e+00  1 1 1   0.00   0.00   0.00  
Cu  1.904761619614e-02 6.190476910407e-01 8.314800000000e-02  1 1 1   0.00   0.00   0.00  
Cu  9.619047460098e-01 7.619050498772e-01 8.314800000000e-02  1 1 1   0.00   0.00   0.00  
Cu  9.663683466923e-01 6.687374832775e-01 1.667720289560e-01  1 1 1   0.00   0.00   0.00  
Cu  9.891270599894e-03 8.084099834590e-01 1.666189964970e-01  1 1 1   0.00   0.00   0.00  
Cu  9.702929526116e-01 5.724473091814e-01 2.456339737451e-01  1 1 1   0.00   0.00   0.00  
Cu  1.505347405193e-02 7.123621701476e-01 2.512946299325e-01  1 1 1   0.00   0.00   0.00  
Cu  7.142856343526e-02 5.714287874079e-01 0.000000000000e+00  1 1 1   0.00   0.00   0.00  
Cu  1.142857295737e-01 7.142854983064e-01 0.000000000000e+00  1 1 1   0.00   0.00   0.00  
Cu  1.190476201240e-01 6.190476910407e-01 8.314800000000e-02  1 1 1   0.00   0.00   0.00  
Cu  6.190474993770e-02 7.619050498772e-01 8.314800000000e-02  1 1 1   0.00   0.00   0.00  
Cu  6.702812834978e-02 6.679747914888e-01 1.665721751705e-01  1 1 1   0.00   0.00   0.00  
Cu  1.103520353146e-01 8.079842023174e-01 1.666339094568e-01  1 1 1   0.00   0.00   0.00  
Cu  7.267093062497e-02 5.711991085524e-01 2.457043198218e-01  1 1 1   0.00   0.00   0.00  
Cu  1.176934403773e-01 7.115115305025e-01 2.520912805629e-01  1 1 1   0.00   0.00   0.00  
Cu  1.714285673632e-01 5.714287874079e-01 0.000000000000e+00  1 1 1   0.00   0.00   0.00  
Cu  2.142857335016e-01 7.142854983064e-01 0.000000000000e+00  1 1 1   0.00   0.00   0.00  
Cu  2.190476240520e-01 6.190476910407e-01 8.314800000000e-02  1 1 1   0.00   0.00   0.00  
Cu  1.619047538656e-01 7.619050498772e-01 8.314800000000e-02  1 1 1   0.00   0.00   0.00  
Cu  1.668402312873e-01 6.671684074227e-01 1.659224385438e-01  1 1 1   0.00   0.00   0.00  
Cu  2.103283061233e-01 8.097415447723e-01 1.650887958790e-01  1 1 1   0.00   0.00   0.00  
Cu  1.748917287280e-01 5.706969638502e-01 2.470942271577e-01  1 1 1   0.00   0.00   0.00  
Cu  2.170412597686e-01 7.153687884037e-01 2.469467034515e-01  1 1 1   0.00   0.00   0.00  
Cu  2.714285712911e-01 5.714287874079e-01 0.000000000000e+00  1 1 1   0.00   0.00   0.00  
Cu  3.142857374296e-01 7.142854983064e-01 0.000000000000e+00  1 1 1   0.00   0.00   0.00  
Cu  3.190476279799e-01 6.190476910407e-01 8.314800000000e-02  1 1 1   0.00   0.00   0.00  
Cu  2.619047577935e-01 7.619050498772e-01 8.314800000000e-02  1 1 1   0.00   0.00   0.00  
Cu  2.674092743558e-01 6.668860944353e-01 1.653368482247e-01  1 1 1   0.00   0.00   0.00  
Cu  3.102077953126e-01 8.098300889238e-01 1.653578891596e-01  1 1 1   0.00   0.00   0.00  
Cu  2.735374063170e-01 5.723670728817e-01 2.477039638779e-01  1 1 1   0.00   0.00   0.00  
Cu  3.158247335409e-01 7.153354293165e-01 2.477984069275e-01  1 1 1   0.00   0.00   0.00  
Cu  3.714285752190e-01 5.714287874079e-01 0.000000000000e+00  1 1 1   0.00   0.00   0.00  
Cu  4.142857413575e-01 7.142854983064e-01 0.000000000000e+00  1 1 1   0.00   0.00   0.00  
Cu  4.190476319078e-01 6.190476910407e-01 8.314800000000e-02  1 1 1   0.00   0.00   0.00  
Cu  3.619047617215e-01 7.619050498772e-01 8.314800000000e-02  1 1 1   0.00   0.00   0.00  
Cu  3.673030967326e-01 6.670279408578e-01 1.654610441463e-01  1 1 1   0.00   0.00   0.00  
Cu  4.098961370104e-01 8.098206986718e-01 1.655373362174e-01  1 1 1   0.00   0.00   0.00  
Cu  3.725627598189e-01 5.725753484639e-01 2.479728619996e-01  1 1 1   0.00   0.00   0.00  
Cu  4.149950764228e-01 7.152895676366e-01 2.480998640263e-01  1 1 1   0.00   0.00   0.00  
Cu  4.714285791469e-01 5.714287874079e-01 0.000000000000e+00  1 1 1   0.00   0.00   0.00  
Cu  5.142857452854e-01 7.142854983064e-01 0.000000000000e+00  1 1 1   0.00   0.00   0.00  
Cu  5.190476358357e-01 6.190476910407e-01 8.314800000000e-02  1 1 1   0.00   0.00   0.00  
Cu  4.619047656494e-01 7.619050498772e-01 8.314800000000e-02  1 1 1   0.00   0.00   0.00  
Cu  4.669008751914e-01 6.671078070028e-01 1.655904113061e-01  1 1 1   0.00   0.00   0.00  
Cu  5.096273799880e-01 8.098678613790e-01 1.656265601385e-01  1 1 1   0.00   0.00   0.00  
Cu  4.718211326508e-01 5.725613990394e-01 2.481998067750e-01  1 1 1   0.00   0.00   0.00  
Cu  5.144430572919e-01 7.151991400167e-01 2.482189757982e-01  1 1 1   0.00   0.00   0.00  
Cu  5.714285830748e-01 5.714287874079e-01 0.000000000000e+00  1 1 1   0.00   0.00   0.00  
Cu  6.142857492133e-01 7.142854983064e-01 0.000000000000e+00  1 1 1   0.00   0.00   0.00  
Cu  6.190476397636e-01 6.190476910407e-01 8.314800000000e-02  1 1 1   0.00   0.00   0.00  
Cu  5.619047695773e-01 7.619050498772e-01 8.314800000000e-02  1 1 1   0.00   0.00   0.00  
Cu  5.665504584540e-01 6.670244367862e-01 1.656499676644e-01  1 1 1   0.00   0.00   0.00  
Cu  6.093874831729e-01 8.098861371613e-01 1.656109612489e-01  1 1 1   0.00   0.00   0.00  
Cu  5.712784029734e-01 5.724004682788e-01 2.481850538696e-01  1 1 1   0.00   0.00   0.00  
Cu  6.138498343588e-01 7.151705563780e-01 2.480956577452e-01  1 1 1   0.00   0.00   0.00  
Cu  6.714285870028e-01 5.714287874079e-01 0.000000000000e+00  1 1 1   0.00   0.00   0.00  
Cu  7.142857531412e-01 7.142854983064e-01 0.000000000000e+00  1 1 1   0.00   0.00   0.00  
Cu  7.190476436915e-01 6.190476910407e-01 8.314800000000e-02  1 1 1   0.00   0.00   0.00  
Cu  6.619047735052e-01 7.619050498772e-01 8.314800000000e-02  1 1 1   0.00   0.00   0.00  
Cu  6.663178008754e-01 6.669463895590e-01 1.656085359424e-01  1 1 1   0.00   0.00   0.00  
Cu  7.090476163862e-01 8.098812995472e-01 1.652959802370e-01  1 1 1   0.00   0.00   0.00  
Cu  6.705537168307e-01 5.723105870986e-01 2.480221600226e-01  1 1 1   0.00   0.00   0.00  
Cu  7.129968475378e-01 7.154902209070e-01 2.479397524843e-01  1 1 1   0.00   0.00   0.00  
Cu  7.714285909307e-01 5.714287874079e-01 0.000000000000e+00  1 1 1   0.00   0.00   0.00  
Cu  8.142857570691e-01 7.142854983064e-01 0.000000000000e+00  1 1 1   0.00   0.00   0.00  
Cu  8.190476476195e-01 6.190476910407e-01 8.314800000000e-02  1 1 1   0.00   0.00   0.00  
Cu  7.619047774331e-01 7.619050498772e-01 8.314800000000e-02  1 1 1   0.00   0.00   0.00  
Cu  7.661582361107e-01 6.671786903383e-01 1.651015635563e-01  1 1 1   0.00   0.00   0.00  
Cu  8.091830972561e-01 8.101795573986e-01 1.655009987571e-01  1 1 1   0.00   0.00   0.00  
Cu  7.694536223729e-01 5.727491695707e-01 2.476136364280e-01  1 1 1   0.00   0.00   0.00  
Cu  8.113506092386e-01 7.158341233117e-01 2.469875383525e-01  1 1 1   0.00   0.00   0.00  
Cu  8.714285948586e-01 5.714287874079e-01 0.000000000000e+00  1 1 1   0.00   0.00   0.00  
Cu  9.142857609970e-01 7.142854983064e-01 0.000000000000e+00  1 1 1   0.00   0.00   0.00  
Cu  9.190476515474e-01 6.190476910407e-01 8.314800000000e-02  1 1 1   0.00   0.00   0.00  
Cu  8.619047813610e-01 7.619050498772e-01 8.314800000000e-02  1 1 1   0.00   0.00   0.00  
Cu  8.668236541749e-01 6.682198358522e-01 1.661441072086e-01  1 1 1   0.00   0.00   0.00  
Cu  9.092876737305e-01 8.087147426253e-01 1.672726512315e-01  1 1 1   0.00   0.00   0.00  
Cu  8.680176352091e-01 5.735436228845e-01 2.469814357449e-01  1 1 1   0.00   0.00   0.00  
Cu  9.118925521159e-01 7.135936649719e-01 2.535756464713e-01  1 1 1   0.00   0.00   0.00  
Cu  9.571428554595e-01 8.571428571429e-01 0.000000000000e+00  1 1 1   0.00   0.00   0.00  
Cu  4.761912148261e-03 9.047617607757e-01 8.314800000000e-02  1 1 1   0.00   0.00   0.00  
Cu  9.523824833671e-01 9.523068499965e-01 1.648746882752e-01  1 1 1   0.00   0.00   0.00  
Cu  9.577334686627e-01 8.590840692866e-01 2.464693582279e-01  1 1 1   0.00   0.00   0.00  
Cu  5.714285938738e-02 8.571428571429e-01 0.000000000000e+00  1 1 1   0.00   0.00   0.00  
Cu  1.047619160762e-01 9.047617607757e-01 8.314800000000e-02  1 1 1   0.00   0.00   0.00  
Cu  5.270226227241e-02 9.522472440680e-01 1.648543190273e-01  1 1 1   0.00   0.00   0.00  
Cu  5.894523752475e-02 8.583780183544e-01 2.463881634420e-01  1 1 1   0.00   0.00   0.00  
Cu  1.571428633153e-01 8.571428571429e-01 0.000000000000e+00  1 1 1   0.00   0.00   0.00  
Cu  2.047619200041e-01 9.047617607757e-01 8.314800000000e-02  1 1 1   0.00   0.00   0.00  
Cu  1.528029601101e-01 9.528882488661e-01 1.647709442384e-01  1 1 1   0.00   0.00   0.00  
Cu  1.593017019162e-01 8.589771718220e-01 2.460694353023e-01  1 1 1   0.00   0.00   0.00  
Cu  2.571428672432e-01 8.571428571429e-01 0.000000000000e+00  1 1 1   0.00   0.00   0.00  
Cu  3.047619239320e-01 9.047617607757e-01 8.314800000000e-02  1 1 1   0.00   0.00   0.00  
Cu  2.529817613042e-01 9.529889514666e-01 1.652413678368e-01  1 1 1   0.00   0.00   0.00  
Cu  2.588654310162e-01 8.586766269965e-01 2.472909617536e-01  1 1 1   0.00   0.00   0.00  
Cu  3.571428711711e-01 8.571428571429e-01 0.000000000000e+00  1 1 1   0.00   0.00   0.00  
Cu  4.047619278599e-01 9.047617607757e-01 8.314800000000e-02  1 1 1   0.00   0.00   0.00  
Cu  3.527319447492e-01 9.527744022354e-01 1.655874598605e-01  1 1 1   0.00   0.00   0.00  
Cu  3.580827612354e-01 8.582084312748e-01 2.479421689927e-01  1 1 1   0.00   0.00   0.00  
Cu  4.571428750990e-01 8.571428571429e-01 0.000000000000e+00  1 1 1   0.00   0.00   0.00  
Cu  5.047619317878e-01 9.047617607757e-01 8.314800000000e-02  1 1 1   0.00   0.00   0.00  
Cu  4.525714433349e-01 9.526437640580e-01 1.655750868713e-01  1 1 1   0.00   0.00   0.00  
Cu  4.575261033026e-01 8.580318677554e-01 2.480308254450e-01  1 1 1   0.00   0.00   0.00  
Cu  5.571428790270e-01 8.571428571429e-01 0.000000000000e+00  1 1 1   0.00   0.00   0.00  
Cu  6.047619357158e-01 9.047617607757e-01 8.314800000000e-02  1 1 1   0.00   0.00   0.00  
Cu  5.523843169694e-01 9.527348664737e-01 1.655974047553e-01  1 1 1   0.00   0.00   0.00  
Cu  5.570734391577e-01 8.580681758801e-01 2.479620055466e-01  1 1 1   0.00   0.00   0.00  
Cu  6.571428829549e-01 8.571428571429e-01 0.000000000000e+00  1 1 1   0.00   0.00   0.00  
Cu  7.047619396437e-01 9.047617607757e-01 8.314800000000e-02  1 1 1   0.00   0.00   0.00  
Cu  6.521596770120e-01 9.527500190124e-01 1.654755364301e-01  1 1 1   0.00   0.00   0.00  
Cu  6.565373223108e-01 8.582545158316e-01 2.479187152986e-01  1 1 1   0.00   0.00   0.00  
Cu  7.571428868828e-01 8.571428571429e-01 0.000000000000e+00  1 1 1   0.00   0.00   0.00  
Cu  8.047619435716e-01 9.047617607757e-01 8.314800000000e-02  1 1 1   0.00   0.00   0.00  
Cu  7.520084642204e-01 9.529640441481e-01 1.653163624352e-01  1 1 1   0.00   0.00   0.00  
Cu  7.555783636000e-01 8.586251509115e-01 2.472478110294e-01  1 1 1   0.00   0.00   0.00  
Cu  8.571428908107e-01 8.571428571429e-01 0.000000000000e+00  1 1 1   0.00   0.00   0.00  
Cu  9.047619474995e-01 9.047617607757e-01 8.314800000000e-02  1 1 1   0.00   0.00   0.00  
Cu  8.521255108931e-01 9.524509927648e-01 1.654572965884e-01  1 1 1   0.00   0.00   0.00  
Cu  8.556228695138e-01 8.586654934787e-01 2.479903405735e-01  1 1 1   0.00   0.00   0.00  
Cu  9.208882746865e-01 5.853408776658e-01 3.327408673412e-01  1 1 1   0.00   0.00   0.00  
Cu  2.111236281289e-02 5.719559847573e-01 3.323552458545e-01  1 1 1   0.00   0.00   0.00  
Cu  1.213611290202e-01 5.584818808255e-01 3.329830841959e-01  1 1 1   0.00   0.00   0.00  
C  2.104167008810e-02 1.652218604038e-01 3.658974445435e-01  1 1 1   0.00   0.00   0.00  
C  6.925711514141e-02 1.118027969344e-01 3.676593611138e-01  1 1 1   0.00   0.00   0.00  
C  6.914586966588e-02 1.923028123120e-02 3.672933358558e-01  1 1 1   0.00   0.00   0.00  
C  2.081787030784e-02 9.789059729069e-01 3.653746101975e-01  1 1 1   0.00   0.00   0.00  
C  9.725912152895e-01 3.228104802457e-02 3.671728175876e-01  1 1 1   0.00   0.00   0.00  
C  9.727055272135e-01 1.248358881868e-01 3.673303542595e-01  1 1 1   0.00   0.00   0.00  
C  2.120778748370e-02 2.578768162209e-01 3.602792102841e-01  1 1 1   0.00   0.00   0.00  
C  6.992158059214e-02 2.974372340386e-01 3.564930798654e-01  1 1 1   0.00   0.00   0.00  
C  1.180782529685e-01 2.438529466060e-01 3.626533089497e-01  1 1 1   0.00   0.00   0.00  
C  1.178801966910e-01 1.517446302210e-01 3.678332903233e-01  1 1 1   0.00   0.00   0.00  
C  1.661979173779e-01 9.848523881108e-02 3.709418385935e-01  1 1 1   0.00   0.00   0.00  
C  1.660806053023e-01 6.055186155791e-03 3.705504396562e-01  1 1 1   0.00   0.00   0.00  
C  1.176648216993e-01 9.661191089024e-01 3.670901421789e-01  1 1 1   0.00   0.00   0.00  
C  1.176206123614e-01 8.740776299955e-01 3.613230299350e-01  1 1 1   0.00   0.00   0.00  
C  6.935317752743e-02 8.336074496434e-01 3.551156958053e-01  1 1 1   0.00   0.00   0.00  
C  2.072229079896e-02 8.862747856545e-01 3.594011749185e-01  1 1 1   0.00   0.00   0.00  
C  9.720174492099e-01 8.467402578504e-01 3.554110113613e-01  1 1 1   0.00   0.00   0.00  
C  9.238372197759e-01 9.002444877521e-01 3.617004238194e-01  1 1 1   0.00   0.00   0.00  
C  9.239726577274e-01 9.923387826935e-01 3.670347113550e-01  1 1 1   0.00   0.00   0.00  
C  8.756377519663e-01 4.548045641594e-02 3.703882628977e-01  1 1 1   0.00   0.00   0.00  
C  8.757273199435e-01 1.379416633994e-01 3.702453193792e-01  1 1 1   0.00   0.00   0.00  
C  9.241736603676e-01 1.779068861955e-01 3.671354487174e-01  1 1 1   0.00   0.00   0.00  
C  9.242813499896e-01 2.699800278011e-01 3.616353002562e-01  1 1 1   0.00   0.00   0.00  
C  9.725935170000e-01 3.105428760561e-01 3.558590462062e-01  1 1 1   0.00   0.00   0.00  
C  9.725793815228e-01 4.030283741779e-01 3.449164055818e-01  1 1 1   0.00   0.00   0.00  
C  2.150707116090e-02 4.428699932103e-01 3.385041800529e-01  1 1 1   0.00   0.00   0.00  
C  7.017232840825e-02 3.897977611813e-01 3.453126959202e-01  1 1 1   0.00   0.00   0.00  
C  1.206288393813e-01 4.291405279272e-01 3.407028512166e-01  1 1 1   0.00   0.00   0.00  
C  1.665407297453e-01 3.744765720872e-01 3.499170924492e-01  1 1 1   0.00   0.00   0.00  
C  1.672781052232e-01 2.826342869302e-01 3.610960683245e-01  1 1 1   0.00   0.00   0.00  
C  2.144975624315e-01 2.292261912137e-01 3.675155682623e-01  1 1 1   0.00   0.00   0.00  
C  2.150539854153e-01 1.383774361180e-01 3.723549947212e-01  1 1 1   0.00   0.00   0.00  
C  2.630375738147e-01 8.315533173202e-02 3.757889690306e-01  1 1 1   0.00   0.00   0.00  
C  2.629346665657e-01 9.944605546848e-01 3.752891738900e-01  1 1 1   0.00   0.00   0.00  
C  2.148231240432e-01 9.526711976846e-01 3.714052250692e-01  1 1 1   0.00   0.00   0.00  
C  2.140548741346e-01 8.621462979156e-01 3.656805027653e-01  1 1 1   0.00   0.00   0.00  
C  1.666674794326e-01 8.219662388920e-01 3.591378670353e-01  1 1 1   0.00   0.00   0.00  
C  1.657155208282e-01 7.304874860782e-01 3.475764080499e-01  1 1 1   0.00   0.00   0.00  
C  1.196871214483e-01 6.876350783795e-01 3.399941495182e-01  1 1 1   0.00   0.00   0.00  
C  6.944486295249e-02 7.410083204084e-01 3.443180394287e-01  1 1 1   0.00   0.00   0.00  
C  2.055159789093e-02 7.011400268186e-01 3.378866157272e-01  1 1 1   0.00   0.00   0.00  
C  9.718397476995e-01 7.542713687538e-01 3.444451908750e-01  1 1 1   0.00   0.00   0.00  
C  9.214487584351e-01 7.147236293779e-01 3.400865771223e-01  1 1 1   0.00   0.00   0.00  
C  8.755034323220e-01 7.693494567160e-01 3.493167225624e-01  1 1 1   0.00   0.00   0.00  
C  8.746968560140e-01 8.612781506695e-01 3.603611730046e-01  1 1 1   0.00   0.00   0.00  
C  8.274465717618e-01 9.145582169611e-01 3.670035015066e-01  1 1 1   0.00   0.00   0.00  
C  8.268319787497e-01 5.424023744780e-03 3.718643889991e-01  1 1 1   0.00   0.00   0.00  
C  7.788511927333e-01 6.060062610342e-02 3.755361034662e-01  1 1 1   0.00   0.00   0.00  
C  7.789051514707e-01 1.493160814066e-01 3.751165743094e-01  1 1 1   0.00   0.00   0.00  
C  8.269836219401e-01 1.912845153173e-01 3.711950052068e-01  1 1 1   0.00   0.00   0.00  
C  8.278036505370e-01 2.818614194564e-01 3.656562454653e-01  1 1 1   0.00   0.00   0.00  
C  8.752304393055e-01 3.220789106034e-01 3.593251118242e-01  1 1 1   0.00   0.00   0.00  
C  8.762725266397e-01 4.135442596010e-01 3.477455701315e-01  1 1 1   0.00   0.00   0.00  
C  9.223631150455e-01 4.563248530257e-01 3.401777382782e-01  1 1 1   0.00   0.00   0.00  
H  2.049347734948e-01 4.020459329011e-01 3.494593304408e-01  1 1 1   0.00   0.00   0.00  
H  2.520489706122e-01 2.590576098843e-01 3.674739159290e-01  1 1 1   0.00   0.00   0.00  
H  3.004274009157e-01 1.131545994280e-01 3.776870129312e-01  1 1 1   0.00   0.00   0.00  
H  3.002073825800e-01 9.539303679697e-01 3.768040079223e-01  1 1 1   0.00   0.00   0.00  
H  2.515323455264e-01 8.218998085969e-01 3.652844055950e-01  1 1 1   0.00   0.00   0.00  
H  2.041667795521e-01 6.925084627366e-01 3.466125833437e-01  1 1 1   0.00   0.00   0.00  
H  8.371263825730e-01 7.417015632039e-01 3.490946799426e-01  1 1 1   0.00   0.00   0.00  
H  7.899291857903e-01 8.846374629361e-01 3.671765444276e-01  1 1 1   0.00   0.00   0.00  
H  7.414989545972e-01 3.051531108903e-02 3.775278762555e-01  1 1 1   0.00   0.00   0.00  
H  7.416132456232e-01 1.897545027717e-01 3.768569612612e-01  1 1 1   0.00   0.00   0.00  
H  7.903605755858e-01 3.221832765621e-01 3.653263495182e-01  1 1 1   0.00   0.00   0.00  
H  8.378538427777e-01 4.516056420075e-01 3.467630038464e-01  1 1 1   0.00   0.00   0.00  
"  
