description="Cu111-vac15
"  
#******** REAL SPACE GRID ********   
wavefunction_grid="152 96 152"  
potential_grid_refinement="2"  
  
#******* CONTROL OPTIONS *******  
start_mode          ="Restart From File"
calculation_mode    ="STM"
STM_bias = "-2.0 -1.9 -1.8 -1.7 -1.6 -1.5 -1.4 -1.3 -1.2 -1.1 -1.0 -0.9 -0.8 -0.7 -0.6 -0.5 -0.4 -0.3 -0.2 -0.1 2.0 1.9 1.8 1.7 1.6 1.5 1.4 1.3 1.2 1.1 1.0 0.9 0.8 0.7 0.6 0.5 0.4 0.3 0.2 0.1"
kohn_sham_solver    ="davidson"  
subdiag_driver      ="auto"  
charge_density_mixing = "0.2"

#auto: if cuda available, use cusolver, otherwise use lapack for n<128 and scaplack for large system  
cube_rho = "True"  
  
#********* K POINT SETUP *********  
kpoint_mesh = "1 1 1"  
kpoint_is_shift = "0 0 0"  
  
#******* Pseudopotentials *******   
internal_pseudo_type = "nc_accuracy"  
#use Optimized Norm-Conserving Vanderbilt (ONCV) pseudopotenitals  
#those pseudopotentials are built in with RMG  
write_pseudopotential_plots ="False"  
  
#*****Exchange Correlation ******  
exchange_correlation_type="AUTO_XC"  
#AUTO_XC: XC will be determined from pseudopotential  
  
#****  LATTICE and ATOMS  ****   
bravais_lattice_type="None"  
crds_units = "Angstrom"  
lattice_units = "Angstrom"  
lattice_vector="  
 2.545879900000e+01  0.000000000000e+00  0.000000000000e+00   
 1.272940000000e+00  1.543357666667e+01  0.000000000000e+00   
 0.000000000000e+00  0.000000000000e+00  2.500000000000e+01   
"  
atomic_coordinate_type = "Absolute"  
atoms="  
Cu  0.000000000000e+00 0.000000000000e+00 0.000000000000e+00  1 1 1   0.00   0.00   0.00  
Cu  0.000000000000e+00 1.322878000000e+01 0.000000000000e+00  1 1 1   0.00   0.00   0.00  
Cu  0.000000000000e+00 4.409590000000e+00 0.000000000000e+00  1 1 1   0.00   0.00   0.00  
Cu  0.000000000000e+00 8.819190000000e+00 0.000000000000e+00  1 1 1   0.00   0.00   0.00  
Cu  1.018352000000e+01 0.000000000000e+00 0.000000000000e+00  1 1 1   0.00   0.00   0.00  
Cu  1.018352000000e+01 1.322878000000e+01 0.000000000000e+00  1 1 1   0.00   0.00   0.00  
Cu  1.018352000000e+01 4.409590000000e+00 0.000000000000e+00  1 1 1   0.00   0.00   0.00  
Cu  1.018352000000e+01 8.819190000000e+00 0.000000000000e+00  1 1 1   0.00   0.00   0.00  
Cu  1.145646000000e+01 1.102398000000e+01 0.000000000000e+00  1 1 1   0.00   0.00   0.00  
Cu  1.145646000000e+01 2.204800000000e+00 0.000000000000e+00  1 1 1   0.00   0.00   0.00  
Cu  1.145646000000e+01 6.614390000000e+00 0.000000000000e+00  1 1 1   0.00   0.00   0.00  
Cu  1.272940000000e+00 1.102398000000e+01 0.000000000000e+00  1 1 1   0.00   0.00   0.00  
Cu  1.272940000000e+00 2.204800000000e+00 0.000000000000e+00  1 1 1   0.00   0.00   0.00  
Cu  1.272940000000e+00 6.614390000000e+00 0.000000000000e+00  1 1 1   0.00   0.00   0.00  
Cu  1.272940000000e+01 0.000000000000e+00 0.000000000000e+00  1 1 1   0.00   0.00   0.00  
Cu  1.272940000000e+01 1.322878000000e+01 0.000000000000e+00  1 1 1   0.00   0.00   0.00  
Cu  1.272940000000e+01 4.409590000000e+00 0.000000000000e+00  1 1 1   0.00   0.00   0.00  
Cu  1.272940000000e+01 8.819190000000e+00 0.000000000000e+00  1 1 1   0.00   0.00   0.00  
Cu  1.400234000000e+01 1.102398000000e+01 0.000000000000e+00  1 1 1   0.00   0.00   0.00  
Cu  1.400234000000e+01 2.204800000000e+00 0.000000000000e+00  1 1 1   0.00   0.00   0.00  
Cu  1.400234000000e+01 6.614390000000e+00 0.000000000000e+00  1 1 1   0.00   0.00   0.00  
Cu  1.527528000000e+01 0.000000000000e+00 0.000000000000e+00  1 1 1   0.00   0.00   0.00  
Cu  1.527528000000e+01 1.322878000000e+01 0.000000000000e+00  1 1 1   0.00   0.00   0.00  
Cu  1.527528000000e+01 4.409590000000e+00 0.000000000000e+00  1 1 1   0.00   0.00   0.00  
Cu  1.527528000000e+01 8.819190000000e+00 0.000000000000e+00  1 1 1   0.00   0.00   0.00  
Cu  1.654822000000e+01 1.102398000000e+01 0.000000000000e+00  1 1 1   0.00   0.00   0.00  
Cu  1.654822000000e+01 2.204800000000e+00 0.000000000000e+00  1 1 1   0.00   0.00   0.00  
Cu  1.654822000000e+01 6.614390000000e+00 0.000000000000e+00  1 1 1   0.00   0.00   0.00  
Cu  1.782116000000e+01 0.000000000000e+00 0.000000000000e+00  1 1 1   0.00   0.00   0.00  
Cu  1.782116000000e+01 1.322878000000e+01 0.000000000000e+00  1 1 1   0.00   0.00   0.00  
Cu  1.782116000000e+01 4.409590000000e+00 0.000000000000e+00  1 1 1   0.00   0.00   0.00  
Cu  1.782116000000e+01 8.819190000000e+00 0.000000000000e+00  1 1 1   0.00   0.00   0.00  
Cu  1.909410000000e+01 1.102398000000e+01 0.000000000000e+00  1 1 1   0.00   0.00   0.00  
Cu  1.909410000000e+01 2.204800000000e+00 0.000000000000e+00  1 1 1   0.00   0.00   0.00  
Cu  1.909410000000e+01 6.614390000000e+00 0.000000000000e+00  1 1 1   0.00   0.00   0.00  
Cu  2.036704000000e+01 0.000000000000e+00 0.000000000000e+00  1 1 1   0.00   0.00   0.00  
Cu  2.036704000000e+01 1.322878000000e+01 0.000000000000e+00  1 1 1   0.00   0.00   0.00  
Cu  2.036704000000e+01 4.409590000000e+00 0.000000000000e+00  1 1 1   0.00   0.00   0.00  
Cu  2.036704000000e+01 8.819190000000e+00 0.000000000000e+00  1 1 1   0.00   0.00   0.00  
Cu  2.163998000000e+01 1.102398000000e+01 0.000000000000e+00  1 1 1   0.00   0.00   0.00  
Cu  2.163998000000e+01 2.204800000000e+00 0.000000000000e+00  1 1 1   0.00   0.00   0.00  
Cu  2.163998000000e+01 6.614390000000e+00 0.000000000000e+00  1 1 1   0.00   0.00   0.00  
Cu  2.291292000000e+01 0.000000000000e+00 0.000000000000e+00  1 1 1   0.00   0.00   0.00  
Cu  2.291292000000e+01 1.322878000000e+01 0.000000000000e+00  1 1 1   0.00   0.00   0.00  
Cu  2.291292000000e+01 4.409590000000e+00 0.000000000000e+00  1 1 1   0.00   0.00   0.00  
Cu  2.291292000000e+01 8.819190000000e+00 0.000000000000e+00  1 1 1   0.00   0.00   0.00  
Cu  2.418586000000e+01 1.102398000000e+01 0.000000000000e+00  1 1 1   0.00   0.00   0.00  
Cu  2.418586000000e+01 2.204800000000e+00 0.000000000000e+00  1 1 1   0.00   0.00   0.00  
Cu  2.418586000000e+01 6.614390000000e+00 0.000000000000e+00  1 1 1   0.00   0.00   0.00  
Cu  2.545880000000e+00 0.000000000000e+00 0.000000000000e+00  1 1 1   0.00   0.00   0.00  
Cu  2.545880000000e+00 1.322878000000e+01 0.000000000000e+00  1 1 1   0.00   0.00   0.00  
Cu  2.545880000000e+00 4.409590000000e+00 0.000000000000e+00  1 1 1   0.00   0.00   0.00  
Cu  2.545880000000e+00 8.819190000000e+00 0.000000000000e+00  1 1 1   0.00   0.00   0.00  
Cu  3.818820000000e+00 1.102398000000e+01 0.000000000000e+00  1 1 1   0.00   0.00   0.00  
Cu  3.818820000000e+00 2.204800000000e+00 0.000000000000e+00  1 1 1   0.00   0.00   0.00  
Cu  3.818820000000e+00 6.614390000000e+00 0.000000000000e+00  1 1 1   0.00   0.00   0.00  
Cu  5.091760000000e+00 0.000000000000e+00 0.000000000000e+00  1 1 1   0.00   0.00   0.00  
Cu  5.091760000000e+00 1.322878000000e+01 0.000000000000e+00  1 1 1   0.00   0.00   0.00  
Cu  5.091760000000e+00 4.409590000000e+00 0.000000000000e+00  1 1 1   0.00   0.00   0.00  
Cu  5.091760000000e+00 8.819190000000e+00 0.000000000000e+00  1 1 1   0.00   0.00   0.00  
Cu  6.364700000000e+00 1.102398000000e+01 0.000000000000e+00  1 1 1   0.00   0.00   0.00  
Cu  6.364700000000e+00 2.204800000000e+00 0.000000000000e+00  1 1 1   0.00   0.00   0.00  
Cu  6.364700000000e+00 6.614390000000e+00 0.000000000000e+00  1 1 1   0.00   0.00   0.00  
Cu  7.637640000000e+00 0.000000000000e+00 0.000000000000e+00  1 1 1   0.00   0.00   0.00  
Cu  7.637640000000e+00 1.322878000000e+01 0.000000000000e+00  1 1 1   0.00   0.00   0.00  
Cu  7.637640000000e+00 4.409590000000e+00 0.000000000000e+00  1 1 1   0.00   0.00   0.00  
Cu  7.637640000000e+00 8.819190000000e+00 0.000000000000e+00  1 1 1   0.00   0.00   0.00  
Cu  8.910580000000e+00 1.102398000000e+01 0.000000000000e+00  1 1 1   0.00   0.00   0.00  
Cu  8.910580000000e+00 2.204800000000e+00 0.000000000000e+00  1 1 1   0.00   0.00   0.00  
Cu  8.910580000000e+00 6.614390000000e+00 0.000000000000e+00  1 1 1   0.00   0.00   0.00  
Cu  0.000000000000e+00 1.175892000000e+01 2.078700000000e+00  1 1 1   0.00   0.00   0.00  
Cu  0.000000000000e+00 2.939730000000e+00 2.078700000000e+00  1 1 1   0.00   0.00   0.00  
Cu  0.000000000000e+00 7.349320000000e+00 2.078700000000e+00  1 1 1   0.00   0.00   0.00  
Cu  1.018352000000e+01 1.175892000000e+01 2.078700000000e+00  1 1 1   0.00   0.00   0.00  
Cu  1.018352000000e+01 2.939730000000e+00 2.078700000000e+00  1 1 1   0.00   0.00   0.00  
Cu  1.018352000000e+01 7.349320000000e+00 2.078700000000e+00  1 1 1   0.00   0.00   0.00  
Cu  1.145646000000e+01 1.396371000000e+01 2.078700000000e+00  1 1 1   0.00   0.00   0.00  
Cu  1.145646000000e+01 5.144530000000e+00 2.078700000000e+00  1 1 1   0.00   0.00   0.00  
Cu  1.145646000000e+01 7.349300000000e-01 2.078700000000e+00  1 1 1   0.00   0.00   0.00  
Cu  1.145646000000e+01 9.554120000000e+00 2.078700000000e+00  1 1 1   0.00   0.00   0.00  
Cu  1.272940000000e+00 1.396371000000e+01 2.078700000000e+00  1 1 1   0.00   0.00   0.00  
Cu  1.272940000000e+00 5.144530000000e+00 2.078700000000e+00  1 1 1   0.00   0.00   0.00  
Cu  1.272940000000e+00 7.349300000000e-01 2.078700000000e+00  1 1 1   0.00   0.00   0.00  
Cu  1.272940000000e+00 9.554120000000e+00 2.078700000000e+00  1 1 1   0.00   0.00   0.00  
Cu  1.272940000000e+01 1.175892000000e+01 2.078700000000e+00  1 1 1   0.00   0.00   0.00  
Cu  1.272940000000e+01 2.939730000000e+00 2.078700000000e+00  1 1 1   0.00   0.00   0.00  
Cu  1.272940000000e+01 7.349320000000e+00 2.078700000000e+00  1 1 1   0.00   0.00   0.00  
Cu  1.400234000000e+01 1.396371000000e+01 2.078700000000e+00  1 1 1   0.00   0.00   0.00  
Cu  1.400234000000e+01 5.144530000000e+00 2.078700000000e+00  1 1 1   0.00   0.00   0.00  
Cu  1.400234000000e+01 7.349300000000e-01 2.078700000000e+00  1 1 1   0.00   0.00   0.00  
Cu  1.400234000000e+01 9.554120000000e+00 2.078700000000e+00  1 1 1   0.00   0.00   0.00  
Cu  1.527528000000e+01 1.175892000000e+01 2.078700000000e+00  1 1 1   0.00   0.00   0.00  
Cu  1.527528000000e+01 2.939730000000e+00 2.078700000000e+00  1 1 1   0.00   0.00   0.00  
Cu  1.527528000000e+01 7.349320000000e+00 2.078700000000e+00  1 1 1   0.00   0.00   0.00  
Cu  1.654822000000e+01 1.396371000000e+01 2.078700000000e+00  1 1 1   0.00   0.00   0.00  
Cu  1.654822000000e+01 5.144530000000e+00 2.078700000000e+00  1 1 1   0.00   0.00   0.00  
Cu  1.654822000000e+01 7.349300000000e-01 2.078700000000e+00  1 1 1   0.00   0.00   0.00  
Cu  1.654822000000e+01 9.554120000000e+00 2.078700000000e+00  1 1 1   0.00   0.00   0.00  
Cu  1.782116000000e+01 1.175892000000e+01 2.078700000000e+00  1 1 1   0.00   0.00   0.00  
Cu  1.782116000000e+01 2.939730000000e+00 2.078700000000e+00  1 1 1   0.00   0.00   0.00  
Cu  1.782116000000e+01 7.349320000000e+00 2.078700000000e+00  1 1 1   0.00   0.00   0.00  
Cu  1.909410000000e+01 1.396371000000e+01 2.078700000000e+00  1 1 1   0.00   0.00   0.00  
Cu  1.909410000000e+01 5.144530000000e+00 2.078700000000e+00  1 1 1   0.00   0.00   0.00  
Cu  1.909410000000e+01 7.349300000000e-01 2.078700000000e+00  1 1 1   0.00   0.00   0.00  
Cu  1.909410000000e+01 9.554120000000e+00 2.078700000000e+00  1 1 1   0.00   0.00   0.00  
Cu  2.036704000000e+01 1.175892000000e+01 2.078700000000e+00  1 1 1   0.00   0.00   0.00  
Cu  2.036704000000e+01 2.939730000000e+00 2.078700000000e+00  1 1 1   0.00   0.00   0.00  
Cu  2.036704000000e+01 7.349320000000e+00 2.078700000000e+00  1 1 1   0.00   0.00   0.00  
Cu  2.163998000000e+01 1.396371000000e+01 2.078700000000e+00  1 1 1   0.00   0.00   0.00  
Cu  2.163998000000e+01 5.144530000000e+00 2.078700000000e+00  1 1 1   0.00   0.00   0.00  
Cu  2.163998000000e+01 7.349300000000e-01 2.078700000000e+00  1 1 1   0.00   0.00   0.00  
Cu  2.163998000000e+01 9.554120000000e+00 2.078700000000e+00  1 1 1   0.00   0.00   0.00  
Cu  2.291292000000e+01 1.175892000000e+01 2.078700000000e+00  1 1 1   0.00   0.00   0.00  
Cu  2.291292000000e+01 2.939730000000e+00 2.078700000000e+00  1 1 1   0.00   0.00   0.00  
Cu  2.291292000000e+01 7.349320000000e+00 2.078700000000e+00  1 1 1   0.00   0.00   0.00  
Cu  2.418586000000e+01 1.396371000000e+01 2.078700000000e+00  1 1 1   0.00   0.00   0.00  
Cu  2.418586000000e+01 5.144530000000e+00 2.078700000000e+00  1 1 1   0.00   0.00   0.00  
Cu  2.418586000000e+01 7.349300000000e-01 2.078700000000e+00  1 1 1   0.00   0.00   0.00  
Cu  2.418586000000e+01 9.554120000000e+00 2.078700000000e+00  1 1 1   0.00   0.00   0.00  
Cu  2.545880000000e+00 1.175892000000e+01 2.078700000000e+00  1 1 1   0.00   0.00   0.00  
Cu  2.545880000000e+00 2.939730000000e+00 2.078700000000e+00  1 1 1   0.00   0.00   0.00  
Cu  2.545880000000e+00 7.349320000000e+00 2.078700000000e+00  1 1 1   0.00   0.00   0.00  
Cu  3.818820000000e+00 1.396371000000e+01 2.078700000000e+00  1 1 1   0.00   0.00   0.00  
Cu  3.818820000000e+00 5.144530000000e+00 2.078700000000e+00  1 1 1   0.00   0.00   0.00  
Cu  3.818820000000e+00 7.349300000000e-01 2.078700000000e+00  1 1 1   0.00   0.00   0.00  
Cu  3.818820000000e+00 9.554120000000e+00 2.078700000000e+00  1 1 1   0.00   0.00   0.00  
Cu  5.091760000000e+00 1.175892000000e+01 2.078700000000e+00  1 1 1   0.00   0.00   0.00  
Cu  5.091760000000e+00 2.939730000000e+00 2.078700000000e+00  1 1 1   0.00   0.00   0.00  
Cu  5.091760000000e+00 7.349320000000e+00 2.078700000000e+00  1 1 1   0.00   0.00   0.00  
Cu  6.364700000000e+00 1.396371000000e+01 2.078700000000e+00  1 1 1   0.00   0.00   0.00  
Cu  6.364700000000e+00 5.144530000000e+00 2.078700000000e+00  1 1 1   0.00   0.00   0.00  
Cu  6.364700000000e+00 7.349300000000e-01 2.078700000000e+00  1 1 1   0.00   0.00   0.00  
Cu  6.364700000000e+00 9.554120000000e+00 2.078700000000e+00  1 1 1   0.00   0.00   0.00  
Cu  7.637640000000e+00 1.175892000000e+01 2.078700000000e+00  1 1 1   0.00   0.00   0.00  
Cu  7.637640000000e+00 2.939730000000e+00 2.078700000000e+00  1 1 1   0.00   0.00   0.00  
Cu  7.637640000000e+00 7.349320000000e+00 2.078700000000e+00  1 1 1   0.00   0.00   0.00  
Cu  8.910580000000e+00 1.396371000000e+01 2.078700000000e+00  1 1 1   0.00   0.00   0.00  
Cu  8.910580000000e+00 5.144530000000e+00 2.078700000000e+00  1 1 1   0.00   0.00   0.00  
Cu  8.910580000000e+00 7.349300000000e-01 2.078700000000e+00  1 1 1   0.00   0.00   0.00  
Cu  8.910580000000e+00 9.554120000000e+00 2.078700000000e+00  1 1 1   0.00   0.00   0.00  
Cu  0.000000000000e+00 1.028905000000e+01 4.157410000000e+00  1 1 1   0.00   0.00   0.00  
Cu  0.000000000000e+00 1.469860000000e+00 4.157410000000e+00  1 1 1   0.00   0.00   0.00  
Cu  0.000000000000e+00 1.469864000000e+01 4.157410000000e+00  1 1 1   0.00   0.00   0.00  
Cu  0.000000000000e+00 5.879460000000e+00 4.157410000000e+00  1 1 1   0.00   0.00   0.00  
Cu  1.018352000000e+01 1.028905000000e+01 4.157410000000e+00  1 1 1   0.00   0.00   0.00  
Cu  1.018352000000e+01 1.469860000000e+00 4.157410000000e+00  1 1 1   0.00   0.00   0.00  
Cu  1.018352000000e+01 1.469864000000e+01 4.157410000000e+00  1 1 1   0.00   0.00   0.00  
Cu  1.018352000000e+01 5.879460000000e+00 4.157410000000e+00  1 1 1   0.00   0.00   0.00  
Cu  1.145646000000e+01 1.249385000000e+01 4.157410000000e+00  1 1 1   0.00   0.00   0.00  
Cu  1.145646000000e+01 3.674660000000e+00 4.157410000000e+00  1 1 1   0.00   0.00   0.00  
Cu  1.145646000000e+01 8.084250000000e+00 4.157410000000e+00  1 1 1   0.00   0.00   0.00  
Cu  1.272940000000e+00 1.249385000000e+01 4.157410000000e+00  1 1 1   0.00   0.00   0.00  
Cu  1.272940000000e+00 3.674660000000e+00 4.157410000000e+00  1 1 1   0.00   0.00   0.00  
Cu  1.272940000000e+00 8.084250000000e+00 4.157410000000e+00  1 1 1   0.00   0.00   0.00  
Cu  1.272940000000e+01 1.028905000000e+01 4.157410000000e+00  1 1 1   0.00   0.00   0.00  
Cu  1.272940000000e+01 1.469860000000e+00 4.157410000000e+00  1 1 1   0.00   0.00   0.00  
Cu  1.272940000000e+01 1.469864000000e+01 4.157410000000e+00  1 1 1   0.00   0.00   0.00  
Cu  1.272940000000e+01 5.879460000000e+00 4.157410000000e+00  1 1 1   0.00   0.00   0.00  
Cu  1.400234000000e+01 1.249385000000e+01 4.157410000000e+00  1 1 1   0.00   0.00   0.00  
Cu  1.400234000000e+01 3.674660000000e+00 4.157410000000e+00  1 1 1   0.00   0.00   0.00  
Cu  1.400234000000e+01 8.084250000000e+00 4.157410000000e+00  1 1 1   0.00   0.00   0.00  
Cu  1.527528000000e+01 1.028905000000e+01 4.157410000000e+00  1 1 1   0.00   0.00   0.00  
Cu  1.527528000000e+01 1.469860000000e+00 4.157410000000e+00  1 1 1   0.00   0.00   0.00  
Cu  1.527528000000e+01 1.469864000000e+01 4.157410000000e+00  1 1 1   0.00   0.00   0.00  
Cu  1.527528000000e+01 5.879460000000e+00 4.157410000000e+00  1 1 1   0.00   0.00   0.00  
Cu  1.654822000000e+01 1.249385000000e+01 4.157410000000e+00  1 1 1   0.00   0.00   0.00  
Cu  1.654822000000e+01 3.674660000000e+00 4.157410000000e+00  1 1 1   0.00   0.00   0.00  
Cu  1.654822000000e+01 8.084250000000e+00 4.157410000000e+00  1 1 1   0.00   0.00   0.00  
Cu  1.782116000000e+01 1.028905000000e+01 4.157410000000e+00  1 1 1   0.00   0.00   0.00  
Cu  1.782116000000e+01 1.469860000000e+00 4.157410000000e+00  1 1 1   0.00   0.00   0.00  
Cu  1.782116000000e+01 1.469864000000e+01 4.157410000000e+00  1 1 1   0.00   0.00   0.00  
Cu  1.782116000000e+01 5.879460000000e+00 4.157410000000e+00  1 1 1   0.00   0.00   0.00  
Cu  1.909410000000e+01 1.249385000000e+01 4.157410000000e+00  1 1 1   0.00   0.00   0.00  
Cu  1.909410000000e+01 3.674660000000e+00 4.157410000000e+00  1 1 1   0.00   0.00   0.00  
Cu  1.909410000000e+01 8.084250000000e+00 4.157410000000e+00  1 1 1   0.00   0.00   0.00  
Cu  2.036704000000e+01 1.028905000000e+01 4.157410000000e+00  1 1 1   0.00   0.00   0.00  
Cu  2.036704000000e+01 1.469860000000e+00 4.157410000000e+00  1 1 1   0.00   0.00   0.00  
Cu  2.036704000000e+01 1.469864000000e+01 4.157410000000e+00  1 1 1   0.00   0.00   0.00  
Cu  2.036704000000e+01 5.879460000000e+00 4.157410000000e+00  1 1 1   0.00   0.00   0.00  
Cu  2.163998000000e+01 1.249385000000e+01 4.157410000000e+00  1 1 1   0.00   0.00   0.00  
Cu  2.163998000000e+01 3.674660000000e+00 4.157410000000e+00  1 1 1   0.00   0.00   0.00  
Cu  2.163998000000e+01 8.084250000000e+00 4.157410000000e+00  1 1 1   0.00   0.00   0.00  
Cu  2.291292000000e+01 1.028905000000e+01 4.157410000000e+00  1 1 1   0.00   0.00   0.00  
Cu  2.291292000000e+01 1.469860000000e+00 4.157410000000e+00  1 1 1   0.00   0.00   0.00  
Cu  2.291292000000e+01 1.469864000000e+01 4.157410000000e+00  1 1 1   0.00   0.00   0.00  
Cu  2.291292000000e+01 5.879460000000e+00 4.157410000000e+00  1 1 1   0.00   0.00   0.00  
Cu  2.418586000000e+01 1.249385000000e+01 4.157410000000e+00  1 1 1   0.00   0.00   0.00  
Cu  2.418586000000e+01 3.674660000000e+00 4.157410000000e+00  1 1 1   0.00   0.00   0.00  
Cu  2.418586000000e+01 8.084250000000e+00 4.157410000000e+00  1 1 1   0.00   0.00   0.00  
Cu  2.545880000000e+00 1.028905000000e+01 4.157410000000e+00  1 1 1   0.00   0.00   0.00  
Cu  2.545880000000e+00 1.469860000000e+00 4.157410000000e+00  1 1 1   0.00   0.00   0.00  
Cu  2.545880000000e+00 1.469864000000e+01 4.157410000000e+00  1 1 1   0.00   0.00   0.00  
Cu  2.545880000000e+00 5.879460000000e+00 4.157410000000e+00  1 1 1   0.00   0.00   0.00  
Cu  3.818820000000e+00 1.249385000000e+01 4.157410000000e+00  1 1 1   0.00   0.00   0.00  
Cu  3.818820000000e+00 3.674660000000e+00 4.157410000000e+00  1 1 1   0.00   0.00   0.00  
Cu  3.818820000000e+00 8.084250000000e+00 4.157410000000e+00  1 1 1   0.00   0.00   0.00  
Cu  5.091760000000e+00 1.028905000000e+01 4.157410000000e+00  1 1 1   0.00   0.00   0.00  
Cu  5.091760000000e+00 1.469860000000e+00 4.157410000000e+00  1 1 1   0.00   0.00   0.00  
Cu  5.091760000000e+00 1.469864000000e+01 4.157410000000e+00  1 1 1   0.00   0.00   0.00  
Cu  5.091760000000e+00 5.879460000000e+00 4.157410000000e+00  1 1 1   0.00   0.00   0.00  
Cu  6.364700000000e+00 1.249385000000e+01 4.157410000000e+00  1 1 1   0.00   0.00   0.00  
Cu  6.364700000000e+00 3.674660000000e+00 4.157410000000e+00  1 1 1   0.00   0.00   0.00  
Cu  6.364700000000e+00 8.084250000000e+00 4.157410000000e+00  1 1 1   0.00   0.00   0.00  
Cu  7.637640000000e+00 1.028905000000e+01 4.157410000000e+00  1 1 1   0.00   0.00   0.00  
Cu  7.637640000000e+00 1.469860000000e+00 4.157410000000e+00  1 1 1   0.00   0.00   0.00  
Cu  7.637640000000e+00 1.469864000000e+01 4.157410000000e+00  1 1 1   0.00   0.00   0.00  
Cu  7.637640000000e+00 5.879460000000e+00 4.157410000000e+00  1 1 1   0.00   0.00   0.00  
Cu  8.910580000000e+00 1.249385000000e+01 4.157410000000e+00  1 1 1   0.00   0.00   0.00  
Cu  8.910580000000e+00 3.674660000000e+00 4.157410000000e+00  1 1 1   0.00   0.00   0.00  
Cu  8.910580000000e+00 8.084250000000e+00 4.157410000000e+00  1 1 1   0.00   0.00   0.00  
Cu  0.000000000000e+00 0.000000000000e+00 6.236110000000e+00  1 1 1   0.00   0.00   0.00  
Cu  0.000000000000e+00 1.322878000000e+01 6.236110000000e+00  1 1 1   0.00   0.00   0.00  
Cu  0.000000000000e+00 4.409590000000e+00 6.236110000000e+00  1 1 1   0.00   0.00   0.00  
Cu  0.000000000000e+00 8.819190000000e+00 6.236110000000e+00  1 1 1   0.00   0.00   0.00  
Cu  1.018352000000e+01 0.000000000000e+00 6.236110000000e+00  1 1 1   0.00   0.00   0.00  
Cu  1.018352000000e+01 1.322878000000e+01 6.236110000000e+00  1 1 1   0.00   0.00   0.00  
Cu  1.018352000000e+01 4.409590000000e+00 6.236110000000e+00  1 1 1   0.00   0.00   0.00  
Cu  1.018352000000e+01 8.819190000000e+00 6.236110000000e+00  1 1 1   0.00   0.00   0.00  
Cu  1.145646000000e+01 1.102398000000e+01 6.236110000000e+00  1 1 1   0.00   0.00   0.00  
Cu  1.145646000000e+01 2.204800000000e+00 6.236110000000e+00  1 1 1   0.00   0.00   0.00  
Cu  1.145646000000e+01 6.614390000000e+00 6.236110000000e+00  1 1 1   0.00   0.00   0.00  
Cu  1.272940000000e+00 1.102398000000e+01 6.236110000000e+00  1 1 1   0.00   0.00   0.00  
Cu  1.272940000000e+00 2.204800000000e+00 6.236110000000e+00  1 1 1   0.00   0.00   0.00  
Cu  1.272940000000e+00 6.614390000000e+00 6.236110000000e+00  1 1 1   0.00   0.00   0.00  
Cu  1.272940000000e+01 0.000000000000e+00 6.236110000000e+00  1 1 1   0.00   0.00   0.00  
Cu  1.272940000000e+01 1.322878000000e+01 6.236110000000e+00  1 1 1   0.00   0.00   0.00  
Cu  1.272940000000e+01 4.409590000000e+00 6.236110000000e+00  1 1 1   0.00   0.00   0.00  
Cu  1.272940000000e+01 8.819190000000e+00 6.236110000000e+00  1 1 1   0.00   0.00   0.00  
Cu  1.400234000000e+01 1.102398000000e+01 6.236110000000e+00  1 1 1   0.00   0.00   0.00  
Cu  1.400234000000e+01 2.204800000000e+00 6.236110000000e+00  1 1 1   0.00   0.00   0.00  
Cu  1.400234000000e+01 6.614390000000e+00 6.236110000000e+00  1 1 1   0.00   0.00   0.00  
Cu  1.527528000000e+01 0.000000000000e+00 6.236110000000e+00  1 1 1   0.00   0.00   0.00  
Cu  1.527528000000e+01 1.322878000000e+01 6.236110000000e+00  1 1 1   0.00   0.00   0.00  
Cu  1.527528000000e+01 4.409590000000e+00 6.236110000000e+00  1 1 1   0.00   0.00   0.00  
Cu  1.527528000000e+01 8.819190000000e+00 6.236110000000e+00  1 1 1   0.00   0.00   0.00  
Cu  1.654822000000e+01 1.102398000000e+01 6.236110000000e+00  1 1 1   0.00   0.00   0.00  
Cu  1.654822000000e+01 2.204800000000e+00 6.236110000000e+00  1 1 1   0.00   0.00   0.00  
Cu  1.654822000000e+01 6.614390000000e+00 6.236110000000e+00  1 1 1   0.00   0.00   0.00  
Cu  1.782116000000e+01 0.000000000000e+00 6.236110000000e+00  1 1 1   0.00   0.00   0.00  
Cu  1.782116000000e+01 1.322878000000e+01 6.236110000000e+00  1 1 1   0.00   0.00   0.00  
Cu  1.782116000000e+01 4.409590000000e+00 6.236110000000e+00  1 1 1   0.00   0.00   0.00  
Cu  1.782116000000e+01 8.819190000000e+00 6.236110000000e+00  1 1 1   0.00   0.00   0.00  
Cu  1.909410000000e+01 1.102398000000e+01 6.236110000000e+00  1 1 1   0.00   0.00   0.00  
Cu  1.909410000000e+01 2.204800000000e+00 6.236110000000e+00  1 1 1   0.00   0.00   0.00  
Cu  1.909410000000e+01 6.614390000000e+00 6.236110000000e+00  1 1 1   0.00   0.00   0.00  
Cu  2.036704000000e+01 0.000000000000e+00 6.236110000000e+00  1 1 1   0.00   0.00   0.00  
Cu  2.036704000000e+01 1.322878000000e+01 6.236110000000e+00  1 1 1   0.00   0.00   0.00  
Cu  2.036704000000e+01 4.409590000000e+00 6.236110000000e+00  1 1 1   0.00   0.00   0.00  
Cu  2.036704000000e+01 8.819190000000e+00 6.236110000000e+00  1 1 1   0.00   0.00   0.00  
Cu  2.163998000000e+01 1.102398000000e+01 6.236110000000e+00  1 1 1   0.00   0.00   0.00  
Cu  2.163998000000e+01 2.204800000000e+00 6.236110000000e+00  1 1 1   0.00   0.00   0.00  
Cu  2.163998000000e+01 6.614390000000e+00 6.236110000000e+00  1 1 1   0.00   0.00   0.00  
Cu  2.291292000000e+01 0.000000000000e+00 6.236110000000e+00  1 1 1   0.00   0.00   0.00  
Cu  2.291292000000e+01 1.322878000000e+01 6.236110000000e+00  1 1 1   0.00   0.00   0.00  
Cu  2.291292000000e+01 4.409590000000e+00 6.236110000000e+00  1 1 1   0.00   0.00   0.00  
Cu  2.291292000000e+01 8.819190000000e+00 6.236110000000e+00  1 1 1   0.00   0.00   0.00  
Cu  2.418586000000e+01 1.102398000000e+01 6.236110000000e+00  1 1 1   0.00   0.00   0.00  
Cu  2.418586000000e+01 2.204800000000e+00 6.236110000000e+00  1 1 1   0.00   0.00   0.00  
Cu  2.418586000000e+01 6.614390000000e+00 6.236110000000e+00  1 1 1   0.00   0.00   0.00  
Cu  2.545880000000e+00 0.000000000000e+00 6.236110000000e+00  1 1 1   0.00   0.00   0.00  
Cu  2.545880000000e+00 1.322878000000e+01 6.236110000000e+00  1 1 1   0.00   0.00   0.00  
Cu  2.545880000000e+00 4.409590000000e+00 6.236110000000e+00  1 1 1   0.00   0.00   0.00  
Cu  2.545880000000e+00 8.819190000000e+00 6.236110000000e+00  1 1 1   0.00   0.00   0.00  
Cu  3.818820000000e+00 1.102398000000e+01 6.236110000000e+00  1 1 1   0.00   0.00   0.00  
Cu  3.818820000000e+00 2.204800000000e+00 6.236110000000e+00  1 1 1   0.00   0.00   0.00  
Cu  3.818820000000e+00 6.614390000000e+00 6.236110000000e+00  1 1 1   0.00   0.00   0.00  
Cu  5.091760000000e+00 0.000000000000e+00 6.236110000000e+00  1 1 1   0.00   0.00   0.00  
Cu  5.091760000000e+00 1.322878000000e+01 6.236110000000e+00  1 1 1   0.00   0.00   0.00  
Cu  5.091760000000e+00 4.409590000000e+00 6.236110000000e+00  1 1 1   0.00   0.00   0.00  
Cu  5.091760000000e+00 8.819190000000e+00 6.236110000000e+00  1 1 1   0.00   0.00   0.00  
Cu  6.364700000000e+00 1.102398000000e+01 6.236110000000e+00  1 1 1   0.00   0.00   0.00  
Cu  6.364700000000e+00 2.204800000000e+00 6.236110000000e+00  1 1 1   0.00   0.00   0.00  
Cu  6.364700000000e+00 6.614390000000e+00 6.236110000000e+00  1 1 1   0.00   0.00   0.00  
Cu  7.637640000000e+00 0.000000000000e+00 6.236110000000e+00  1 1 1   0.00   0.00   0.00  
Cu  7.637640000000e+00 1.322878000000e+01 6.236110000000e+00  1 1 1   0.00   0.00   0.00  
Cu  7.637640000000e+00 4.409590000000e+00 6.236110000000e+00  1 1 1   0.00   0.00   0.00  
Cu  7.637640000000e+00 8.819190000000e+00 6.236110000000e+00  1 1 1   0.00   0.00   0.00  
Cu  8.910580000000e+00 1.102398000000e+01 6.236110000000e+00  1 1 1   0.00   0.00   0.00  
Cu  8.910580000000e+00 2.204800000000e+00 6.236110000000e+00  1 1 1   0.00   0.00   0.00  
Cu  8.910580000000e+00 6.614390000000e+00 6.236110000000e+00  1 1 1   0.00   0.00   0.00  
H  -1.865740000000e+00 -6.197710000000e+00 7.567590000000e+00  1 1 1   0.00   0.00   0.00  
H  3.345350000000e+00 -6.630840000000e+00 7.567590000000e+00  1 1 1   0.00   0.00   0.00  
H  4.411040000000e+00 6.218970000000e+00 7.576800000000e+00  1 1 1   0.00   0.00   0.00  
H  -7.953900000000e-01 6.651720000000e+00 7.576800000000e+00  1 1 1   0.00   0.00   0.00  
H  -3.821160000000e+00 -4.793660000000e+00 7.997730000000e+00  1 1 1   0.00   0.00   0.00  
H  5.505740000000e+00 -5.568880000000e+00 7.997730000000e+00  1 1 1   0.00   0.00   0.00  
H  6.372470000000e+00 4.820380000000e+00 8.009280000000e+00  1 1 1   0.00   0.00   0.00  
H  -2.960800000000e+00 5.596140000000e+00 8.009290000000e+00  1 1 1   0.00   0.00   0.00  
C  -1.705370000000e+00 -5.220270000000e+00 8.029590000000e+00  1 1 1   0.00   0.00   0.00  
C  3.348550000000e+00 -5.640340000000e+00 8.029590000000e+00  1 1 1   0.00   0.00   0.00  
C  4.252570000000e+00 5.240540000000e+00 8.033540000000e+00  1 1 1   0.00   0.00   0.00  
C  -8.006200000000e-01 5.660540000000e+00 8.033540000000e+00  1 1 1   0.00   0.00   0.00  
C  1.743070000000e+00 5.656180000000e+00 8.034490000000e+00  1 1 1   0.00   0.00   0.00  
C  8.028200000000e-01 -5.656180000000e+00 8.037730000000e+00  1 1 1   0.00   0.00   0.00  
Cu  1.909410000000e+00 7.716790000000e+00 8.186100000000e+00  1 1 1   0.00   0.00   0.00  
C  -2.813940000000e+00 -4.437000000000e+00 8.235220000000e+00  1 1 1   0.00   0.00   0.00  
C  4.571230000000e+00 -5.050830000000e+00 8.235220000000e+00  1 1 1   0.00   0.00   0.00  
C  -2.027840000000e+00 5.075080000000e+00 8.241610000000e+00  1 1 1   0.00   0.00   0.00  
C  5.366290000000e+00 4.460510000000e+00 8.241610000000e+00  1 1 1   0.00   0.00   0.00  
C  2.908170000000e+00 4.790640000000e+00 8.310630000000e+00  1 1 1   0.00   0.00   0.00  
C  4.510500000000e-01 4.994870000000e+00 8.310630000000e+00  1 1 1   0.00   0.00   0.00  
C  2.092240000000e+00 -4.984480000000e+00 8.312490000000e+00  1 1 1   0.00   0.00   0.00  
C  -3.580200000000e-01 -4.780820000000e+00 8.312490000000e+00  1 1 1   0.00   0.00   0.00  
C  2.214840000000e+00 -3.583890000000e+00 8.660690000000e+00  1 1 1   0.00   0.00   0.00  
C  -2.477100000000e-01 -3.379210000000e+00 8.660690000000e+00  1 1 1   0.00   0.00   0.00  
C  2.796400000000e+00 3.393700000000e+00 8.660880000000e+00  1 1 1   0.00   0.00   0.00  
C  3.306700000000e-01 3.598650000000e+00 8.660880000000e+00  1 1 1   0.00   0.00   0.00  
C  -2.148510000000e+00 3.749420000000e+00 8.752460000000e+00  1 1 1   0.00   0.00   0.00  
C  5.266440000000e+00 3.133110000000e+00 8.752460000000e+00  1 1 1   0.00   0.00   0.00  
C  -2.718430000000e+00 -3.111240000000e+00 8.753040000000e+00  1 1 1   0.00   0.00   0.00  
C  4.695900000000e+00 -3.727490000000e+00 8.753040000000e+00  1 1 1   0.00   0.00   0.00  
C  1.041600000000e+00 -2.783290000000e+00 8.800480000000e+00  1 1 1   0.00   0.00   0.00  
C  1.505740000000e+00 2.800820000000e+00 8.800510000000e+00  1 1 1   0.00   0.00   0.00  
C  3.957990000000e+00 2.578790000000e+00 8.879640000000e+00  1 1 1   0.00   0.00   0.00  
C  -9.495300000000e-01 2.986690000000e+00 8.879640000000e+00  1 1 1   0.00   0.00   0.00  
C  -1.407080000000e+00 -2.561060000000e+00 8.880800000000e+00  1 1 1   0.00   0.00   0.00  
C  3.493380000000e+00 -2.968370000000e+00 8.880800000000e+00  1 1 1   0.00   0.00   0.00  
H  -4.284180000000e+00 3.792210000000e+00 9.033970000000e+00  1 1 1   0.00   0.00   0.00  
H  7.379880000000e+00 2.822730000000e+00 9.033970000000e+00  1 1 1   0.00   0.00   0.00  
H  -4.832830000000e+00 -2.799230000000e+00 9.039200000000e+00  1 1 1   0.00   0.00   0.00  
H  6.832790000000e+00 -3.768840000000e+00 9.039200000000e+00  1 1 1   0.00   0.00   0.00  
C  1.389460000000e+00 1.401820000000e+00 9.063410000000e+00  1 1 1   0.00   0.00   0.00  
C  1.157970000000e+00 -1.383240000000e+00 9.066400000000e+00  1 1 1   0.00   0.00   0.00  
C  -3.392820000000e+00 3.166040000000e+00 9.073900000000e+00  1 1 1   0.00   0.00   0.00  
C  6.397370000000e+00 2.352310000000e+00 9.073900000000e+00  1 1 1   0.00   0.00   0.00  
C  -3.848530000000e+00 -2.330690000000e+00 9.077760000000e+00  1 1 1   0.00   0.00   0.00  
C  5.939350000000e+00 -3.144230000000e+00 9.077760000000e+00  1 1 1   0.00   0.00   0.00  
C  -1.059350000000e+00 1.597250000000e+00 9.181320000000e+00  1 1 1   0.00   0.00   0.00  
C  3.836920000000e+00 1.190280000000e+00 9.181320000000e+00  1 1 1   0.00   0.00   0.00  
C  -1.289100000000e+00 -1.171720000000e+00 9.183460000000e+00  1 1 1   0.00   0.00   0.00  
C  3.606380000000e+00 -1.578620000000e+00 9.183460000000e+00  1 1 1   0.00   0.00   0.00  
C  1.105200000000e-01 7.886600000000e-01 9.201560000000e+00  1 1 1   0.00   0.00   0.00  
C  2.549620000000e+00 5.859300000000e-01 9.201560000000e+00  1 1 1   0.00   0.00   0.00  
C  -1.060000000000e-03 -5.667200000000e-01 9.203750000000e+00  1 1 1   0.00   0.00   0.00  
C  2.435900000000e+00 -7.692700000000e-01 9.203750000000e+00  1 1 1   0.00   0.00   0.00  
C  -2.339110000000e+00 9.900300000000e-01 9.362070000000e+00  1 1 1   0.00   0.00   0.00  
C  4.998880000000e+00 3.801200000000e-01 9.362070000000e+00  1 1 1   0.00   0.00   0.00  
C  -2.450220000000e+00 -3.609500000000e-01 9.362690000000e+00  1 1 1   0.00   0.00   0.00  
C  4.885420000000e+00 -9.706700000000e-01 9.362690000000e+00  1 1 1   0.00   0.00   0.00  
C  -3.522110000000e+00 1.806200000000e+00 9.370420000000e+00  1 1 1   0.00   0.00   0.00  
C  6.300390000000e+00 9.897900000000e-01 9.370420000000e+00  1 1 1   0.00   0.00   0.00  
C  -3.753330000000e+00 -9.685300000000e-01 9.372520000000e+00  1 1 1   0.00   0.00   0.00  
C  6.070350000000e+00 -1.785040000000e+00 9.372520000000e+00  1 1 1   0.00   0.00   0.00  
C  -4.801030000000e+00 1.168910000000e+00 9.563720000000e+00  1 1 1   0.00   0.00   0.00  
C  7.456540000000e+00 1.501000000000e-01 9.563720000000e+00  1 1 1   0.00   0.00   0.00  
C  -4.908540000000e+00 -1.260200000000e-01 9.564960000000e+00  1 1 1   0.00   0.00   0.00  
C  7.348800000000e+00 -1.144810000000e+00 9.564960000000e+00  1 1 1   0.00   0.00   0.00  
H  -5.698650000000e+00 1.781960000000e+00 9.669050000000e+00  1 1 1   0.00   0.00   0.00  
H  8.443060000000e+00 6.065500000000e-01 9.669050000000e+00  1 1 1   0.00   0.00   0.00  
H  -5.896360000000e+00 -5.782900000000e-01 9.674190000000e+00  1 1 1   0.00   0.00   0.00  
H  8.248390000000e+00 -1.753950000000e+00 9.674200000000e+00  1 1 1   0.00   0.00   0.00  
"
