description="GPH                                     
"  
#******** REAL SPACE GRID ********   
wavefunction_grid="160 160 128"  
potential_grid_refinement="2"  
  
#******* CONTROL OPTIONS *******  
start_mode          ="LCAO Start"  
calculation_mode    ="Quench Electrons  "  
kohn_sham_solver    ="davidson"  
subdiag_driver      ="auto"  
#auto: if cuda available, use cusolver, otherwise use lapack for n<128 and scaplack for large system  
cube_rho = "True"  
  
#********* K POINT SETUP *********  
kpoint_mesh = "1 1 1"  
kpoint_is_shift = "0 0 0"  
  
#******* Pseudopotentials *******   
internal_pseudo_type = "nc_accuracy"  
#use Optimized Norm-Conserving Vanderbilt (ONCV) pseudopotenitals  
#those pseudopotentials are built in with RMG  
write_pseudopotential_plots ="False"  
  
#*****Exchange Correlation ******  
exchange_correlation_type="AUTO_XC"  
#AUTO_XC: XC will be determined from pseudopotential  
  
#****  LATTICE and ATOMS  ****   
bravais_lattice_type="None"  
crds_units = "Angstrom"  
lattice_units = "Angstrom"  
lattice_vector="  
 2.136720235627e+01  -1.233636003222e+01  0.000000000000e+00   
 2.136720235627e+01  1.233636003222e+01  0.000000000000e+00   
 0.000000000000e+00  0.000000000000e+00  2.000000000000e+01   
"  
atomic_coordinate_type = "Cell Relative"  
atoms="  
C  1.646926477900e-06 1.646926477900e-06 1.209754938145e-04  1 1 1   0.00   0.00   0.00  
C  3.333568783199e-02 3.333568783199e-02 9.140703740940e-05  1 1 1   0.00   0.00   0.00  
C  9.999799326066e-01 9.999799326066e-01 1.698741062531e-01  1 1 1   0.00   0.00   0.00  
C  6.666145565168e-02 6.666145565168e-02 1.698927121871e-01  1 1 1   0.00   0.00   0.00  
C  9.999805390562e-02 5.051536909700e-06 1.134788624952e-04  1 1 1   0.00   0.00   0.00  
C  1.333309385478e-01 3.333724828560e-02 8.787147516640e-05  1 1 1   0.00   0.00   0.00  
C  1.000096898511e-01 9.999613671499e-01 1.698793709371e-01  1 1 1   0.00   0.00   0.00  
C  1.666887189113e-01 6.662256217729e-02 1.699019829660e-01  1 1 1   0.00   0.00   0.00  
C  1.999993544797e-01 1.291040696600e-06 1.158145697246e-04  1 1 1   0.00   0.00   0.00  
C  2.333318131666e-01 3.333724828560e-02 8.787147516640e-05  1 1 1   0.00   0.00   0.00  
C  2.000022746351e-01 9.999954507298e-01 1.698842684606e-01  1 1 1   0.00   0.00   0.00  
C  2.666770886966e-01 6.666145565168e-02 1.698927121871e-01  1 1 1   0.00   0.00   0.00  
C  2.999968945575e-01 5.051536909700e-06 1.134788624952e-04  1 1 1   0.00   0.00   0.00  
C  3.333286243360e-01 3.333568783199e-02 9.140703740940e-05  1 1 1   0.00   0.00   0.00  
C  3.000289429990e-01 9.999613671499e-01 1.698793709371e-01  1 1 1   0.00   0.00   0.00  
C  3.667077082718e-01 6.666246834042e-02 1.698998007693e-01  1 1 1   0.00   0.00   0.00  
C  3.999967061470e-01 1.646926477900e-06 1.209754938145e-04  1 1 1   0.00   0.00   0.00  
C  4.333296344278e-01 3.333138215493e-02 9.213212094750e-05  1 1 1   0.00   0.00   0.00  
C  4.000401347869e-01 9.999799326066e-01 1.698741062531e-01  1 1 1   0.00   0.00   0.00  
C  4.667072736336e-01 6.666965045731e-02 1.698966963294e-01  1 1 1   0.00   0.00   0.00  
C  4.999975144139e-01 9.999967912799e-01 1.127413353998e-04  1 1 1   0.00   0.00   0.00  
C  5.333297325452e-01 3.333326050831e-02 8.934275854950e-05  1 1 1   0.00   0.00   0.00  
C  5.000196988248e-01 3.447598253100e-06 1.698781229070e-01  1 1 1   0.00   0.00   0.00  
C  5.666711110386e-01 6.664790431612e-02 1.698820834740e-01  1 1 1   0.00   0.00   0.00  
C  6.000001170708e-01 4.426690694000e-07 1.136100668404e-04  1 1 1   0.00   0.00   0.00  
C  6.333310808113e-01 3.333570054942e-02 9.357040612200e-05  1 1 1   0.00   0.00   0.00  
C  6.000096749602e-01 9.999801406932e-01 1.698798710805e-01  1 1 1   0.00   0.00   0.00  
C  6.666759947764e-01 6.664801044714e-02 1.698796527042e-01  1 1 1   0.00   0.00   0.00  
C  6.999985150903e-01 2.969819469500e-06 1.251419367421e-04  1 1 1   0.00   0.00   0.00  
C  7.333332186393e-01 3.333570054942e-02 9.357040612200e-05  1 1 1   0.00   0.00   0.00  
C  7.000239148500e-01 9.999521703001e-01 1.698761151395e-01  1 1 1   0.00   0.00   0.00  
C  7.666809846453e-01 6.664790431612e-02 1.698820834740e-01  1 1 1   0.00   0.00   0.00  
C  7.999994402601e-01 4.426690694000e-07 1.136100668404e-04  1 1 1   0.00   0.00   0.00  
C  8.333370069464e-01 3.333326050831e-02 8.934275854950e-05  1 1 1   0.00   0.00   0.00  
C  8.000101843466e-01 9.999801406932e-01 1.698798710805e-01  1 1 1   0.00   0.00   0.00  
C  8.666230759091e-01 6.666965045731e-02 1.698966963294e-01  1 1 1   0.00   0.00   0.00  
C  9.000056943062e-01 9.999967912799e-01 1.127413353998e-04  1 1 1   0.00   0.00   0.00  
C  9.333389834172e-01 3.333138215493e-02 9.213212094750e-05  1 1 1   0.00   0.00   0.00  
C  8.999768535770e-01 3.447598253100e-06 1.698781229070e-01  1 1 1   0.00   0.00   0.00  
C  9.666298233877e-01 6.666246834042e-02 1.698998007693e-01  1 1 1   0.00   0.00   0.00  
C  5.051536909700e-06 9.999805390562e-02 1.134788624952e-04  1 1 1   0.00   0.00   0.00  
C  3.333724828560e-02 1.333309385478e-01 8.787147516640e-05  1 1 1   0.00   0.00   0.00  
C  9.999613671499e-01 1.000096898511e-01 1.698793709371e-01  1 1 1   0.00   0.00   0.00  
C  6.662256217729e-02 1.666887189113e-01 1.699019829660e-01  1 1 1   0.00   0.00   0.00  
C  1.000013447825e-01 1.000013447825e-01 1.098489499114e-04  1 1 1   0.00   0.00   0.00  
C  1.333333333333e-01 1.333333333333e-01 7.994199322780e-05  1 1 1   0.00   0.00   0.00  
C  9.998221569422e-02 9.998221569422e-02 1.698787835138e-01  1 1 1   0.00   0.00   0.00  
C  1.666887189113e-01 1.666887189113e-01 1.699019829660e-01  1 1 1   0.00   0.00   0.00  
C  1.999973104351e-01 1.000013447825e-01 1.098489499114e-04  1 1 1   0.00   0.00   0.00  
C  2.333318131666e-01 1.333309385478e-01 8.787147516640e-05  1 1 1   0.00   0.00   0.00  
C  2.000355686116e-01 9.998221569422e-02 1.698787835138e-01  1 1 1   0.00   0.00   0.00  
C  2.667070348603e-01 1.666718497808e-01 1.699047819871e-01  1 1 1   0.00   0.00   0.00  
C  2.999968945575e-01 9.999805390562e-02 1.134788624952e-04  1 1 1   0.00   0.00   0.00  
C  3.333278424744e-01 1.333343915664e-01 8.943609230270e-05  1 1 1   0.00   0.00   0.00  
C  3.000289429990e-01 1.000096898511e-01 1.698793709371e-01  1 1 1   0.00   0.00   0.00  
C  3.666820994385e-01 1.666780564589e-01 1.699092391870e-01  1 1 1   0.00   0.00   0.00  
C  3.999973248090e-01 9.999677564567e-02 1.140580398697e-04  1 1 1   0.00   0.00   0.00  
C  4.333255959274e-01 1.333321824046e-01 9.108288162450e-05  1 1 1   0.00   0.00   0.00  
C  4.000274951437e-01 9.999260713871e-02 1.698783090616e-01  1 1 1   0.00   0.00   0.00  
C  4.667059990880e-01 1.667123182071e-01 1.699179809674e-01  1 1 1   0.00   0.00   0.00  
C  4.999953357810e-01 9.999638402729e-02 1.175132889557e-04  1 1 1   0.00   0.00   0.00  
C  5.333294469042e-01 1.333310349018e-01 9.035184702100e-05  1 1 1   0.00   0.00   0.00  
C  5.000410786012e-01 9.999056423557e-02 1.698608370452e-01  1 1 1   0.00   0.00   0.00  
C  5.667303469574e-01 1.666334224440e-01 1.699176830512e-01  1 1 1   0.00   0.00   0.00  
C  5.999969679379e-01 1.000000153233e-01 1.160781810370e-04  1 1 1   0.00   0.00   0.00  
C  6.333351709073e-01 1.333296581855e-01 9.516433911470e-05  1 1 1   0.00   0.00   0.00  
C  6.000381459788e-01 9.994918293290e-02 1.698512162350e-01  1 1 1   0.00   0.00   0.00  
C  6.666362305987e-01 1.666334224440e-01 1.699176830512e-01  1 1 1   0.00   0.00   0.00  
C  7.000030167387e-01 1.000000153233e-01 1.160781810370e-04  1 1 1   0.00   0.00   0.00  
C  7.333395181940e-01 1.333310349018e-01 9.035184702100e-05  1 1 1   0.00   0.00   0.00  
C  7.000126710883e-01 9.994918293290e-02 1.698512162350e-01  1 1 1   0.00   0.00   0.00  
C  7.665816827049e-01 1.667123182071e-01 1.699179809674e-01  1 1 1   0.00   0.00   0.00  
C  8.000082801917e-01 9.999638402729e-02 1.175132889557e-04  1 1 1   0.00   0.00   0.00  
C  8.333422216680e-01 1.333321824046e-01 9.108288162450e-05  1 1 1   0.00   0.00   0.00  
C  7.999683571632e-01 9.999056423557e-02 1.698608370452e-01  1 1 1   0.00   0.00   0.00  
C  8.666398441026e-01 1.666780564589e-01 1.699092391870e-01  1 1 1   0.00   0.00   0.00  
C  9.000058995453e-01 9.999677564567e-02 1.140580398697e-04  1 1 1   0.00   0.00   0.00  
C  9.333377659591e-01 1.333343915664e-01 8.943609230270e-05  1 1 1   0.00   0.00   0.00  
C  8.999798977176e-01 9.999260713871e-02 1.698783090616e-01  1 1 1   0.00   0.00   0.00  
C  9.666211153589e-01 1.666718497808e-01 1.699047819871e-01  1 1 1   0.00   0.00   0.00  
C  1.291040696600e-06 1.999993544797e-01 1.158145697246e-04  1 1 1   0.00   0.00   0.00  
C  3.333724828560e-02 2.333318131666e-01 8.787147516640e-05  1 1 1   0.00   0.00   0.00  
C  9.999954507298e-01 2.000022746351e-01 1.698842684606e-01  1 1 1   0.00   0.00   0.00  
C  6.666145565168e-02 2.666770886966e-01 1.698927121871e-01  1 1 1   0.00   0.00   0.00  
C  1.000013447825e-01 1.999973104351e-01 1.098489499114e-04  1 1 1   0.00   0.00   0.00  
C  1.333309385478e-01 2.333318131666e-01 8.787147516640e-05  1 1 1   0.00   0.00   0.00  
C  9.998221569422e-02 2.000355686116e-01 1.698787835138e-01  1 1 1   0.00   0.00   0.00  
C  1.666718497808e-01 2.667070348603e-01 1.699047819871e-01  1 1 1   0.00   0.00   0.00  
C  1.999993544797e-01 1.999993544797e-01 1.158145697246e-04  1 1 1   0.00   0.00   0.00  
C  2.333291946135e-01 2.333291946135e-01 9.026575719420e-05  1 1 1   0.00   0.00   0.00  
C  2.000022746351e-01 2.000022746351e-01 1.698842684606e-01  1 1 1   0.00   0.00   0.00  
C  2.667298062505e-01 2.667298062505e-01 1.699027489669e-01  1 1 1   0.00   0.00   0.00  
C  2.999955775890e-01 1.999977472088e-01 1.151681618481e-04  1 1 1   0.00   0.00   0.00  
C  3.333285687617e-01 2.333295487870e-01 8.766522273620e-05  1 1 1   0.00   0.00   0.00  
C  3.000458001878e-01 1.999903776979e-01 1.698808796299e-01  1 1 1   0.00   0.00   0.00  
C  3.667250231653e-01 2.666896313551e-01 1.699251647921e-01  1 1 1   0.00   0.00   0.00  
C  3.999911903785e-01 1.999952319523e-01 1.120714006717e-04  1 1 1   0.00   0.00   0.00  
C  4.333263553049e-01 2.333286513992e-01 8.831122491420e-05  1 1 1   0.00   0.00   0.00  
C  4.000484575805e-01 2.000149413448e-01 1.699109766114e-01  1 1 1   0.00   0.00   0.00  
C  4.666228368551e-01 2.667380080067e-01 1.701584282398e-01  1 1 1   0.00   0.00   0.00  
C  4.999953115430e-01 1.999935241370e-01 1.117355490550e-04  1 1 1   0.00   0.00   0.00  
C  5.333348499083e-01 2.333186419836e-01 1.013838224253e-04  1 1 1   0.00   0.00   0.00  
C  5.000413713233e-01 2.000255569188e-01 1.699783525726e-01  1 1 1   0.00   0.00   0.00  
C  5.666888969484e-01 2.666222061032e-01 1.703088517617e-01  1 1 1   0.00   0.00   0.00  
C  6.000031139031e-01 1.999937721938e-01 1.338274112328e-04  1 1 1   0.00   0.00   0.00  
C  6.333465081081e-01 2.333186419836e-01 1.013838224253e-04  1 1 1   0.00   0.00   0.00  
C  6.001036232172e-01 1.997927535655e-01 1.699826894409e-01  1 1 1   0.00   0.00   0.00  
C  6.666391551383e-01 2.667380080067e-01 1.701584282398e-01  1 1 1   0.00   0.00   0.00  
C  7.000111643200e-01 1.999935241370e-01 1.117355490550e-04  1 1 1   0.00   0.00   0.00  
C  7.333449932959e-01 2.333286513992e-01 8.831122491420e-05  1 1 1   0.00   0.00   0.00  
C  6.999330717578e-01 2.000255569188e-01 1.699783525726e-01  1 1 1   0.00   0.00   0.00  
C  7.665853454796e-01 2.666896313551e-01 1.699251647921e-01  1 1 1   0.00   0.00   0.00  
C  8.000135776693e-01 1.999952319523e-01 1.120714006717e-04  1 1 1   0.00   0.00   0.00  
C  8.333418824513e-01 2.333295487870e-01 8.766522273620e-05  1 1 1   0.00   0.00   0.00  
C  7.999366010747e-01 2.000149413448e-01 1.699109766114e-01  1 1 1   0.00   0.00   0.00  
C  8.665403874990e-01 2.667298062505e-01 1.699027489669e-01  1 1 1   0.00   0.00   0.00  
C  9.000066752022e-01 1.999977472088e-01 1.151681618481e-04  1 1 1   0.00   0.00   0.00  
C  9.333416107731e-01 2.333291946135e-01 9.026575719420e-05  1 1 1   0.00   0.00   0.00  
C  8.999638221143e-01 1.999903776979e-01 1.698808796299e-01  1 1 1   0.00   0.00   0.00  
C  9.666211153589e-01 2.667070348603e-01 1.699047819871e-01  1 1 1   0.00   0.00   0.00  
C  5.051536909700e-06 2.999968945575e-01 1.134788624952e-04  1 1 1   0.00   0.00   0.00  
C  3.333568783199e-02 3.333286243360e-01 9.140703740940e-05  1 1 1   0.00   0.00   0.00  
C  9.999613671499e-01 3.000289429990e-01 1.698793709371e-01  1 1 1   0.00   0.00   0.00  
C  6.666246834042e-02 3.667077082718e-01 1.698998007693e-01  1 1 1   0.00   0.00   0.00  
C  9.999805390562e-02 2.999968945575e-01 1.134788624952e-04  1 1 1   0.00   0.00   0.00  
C  1.333343915664e-01 3.333278424744e-01 8.943609230270e-05  1 1 1   0.00   0.00   0.00  
C  1.000096898511e-01 3.000289429990e-01 1.698793709371e-01  1 1 1   0.00   0.00   0.00  
C  1.666780564589e-01 3.666820994385e-01 1.699092391870e-01  1 1 1   0.00   0.00   0.00  
C  1.999977472088e-01 2.999955775890e-01 1.151681618481e-04  1 1 1   0.00   0.00   0.00  
C  2.333295487870e-01 3.333285687617e-01 8.766522273620e-05  1 1 1   0.00   0.00   0.00  
C  1.999903776979e-01 3.000458001878e-01 1.698808796299e-01  1 1 1   0.00   0.00   0.00  
C  2.666896313551e-01 3.667250231653e-01 1.699251647921e-01  1 1 1   0.00   0.00   0.00  
C  2.999946945545e-01 2.999946945545e-01 1.175178400601e-04  1 1 1   0.00   0.00   0.00  
C  3.333233996973e-01 3.333233996973e-01 8.757766569540e-05  1 1 1   0.00   0.00   0.00  
C  2.999806742271e-01 2.999806742271e-01 1.698649562156e-01  1 1 1   0.00   0.00   0.00  
C  3.667433667002e-01 3.667433667002e-01 1.697148393471e-01  1 1 1   0.00   0.00   0.00  
C  3.999913019226e-01 2.999879524912e-01 1.114540078930e-04  1 1 1   0.00   0.00   0.00  
C  4.333289561292e-01 3.333184062708e-01 8.104604709300e-05  1 1 1   0.00   0.00   0.00  
C  4.000366217584e-01 2.998896187241e-01 1.699072267287e-01  1 1 1   0.00   0.00   0.00  
C  4.664329120872e-01 3.669284523578e-01 1.695988693394e-01  1 1 1   0.00   0.00   0.00  
C  4.999997895802e-01 2.999840772421e-01 1.265282089449e-04  1 1 1   0.00   0.00   0.00  
C  5.333485692111e-01 3.333028615778e-01 1.262008389489e-04  1 1 1   0.00   0.00   0.00  
C  5.002190482900e-01 2.998529066207e-01 1.702981902511e-01  1 1 1   0.00   0.00   0.00  
C  5.666386355550e-01 3.669284523578e-01 1.695988693394e-01  1 1 1   0.00   0.00   0.00  
C  6.000161331777e-01 2.999840772421e-01 1.265282089449e-04  1 1 1   0.00   0.00   0.00  
C  6.333526376000e-01 3.333184062708e-01 8.104604709300e-05  1 1 1   0.00   0.00   0.00  
C  5.999280450893e-01 2.998529066207e-01 1.702981902511e-01  1 1 1   0.00   0.00   0.00  
C  6.665132665996e-01 3.667433667002e-01 1.697148393471e-01  1 1 1   0.00   0.00   0.00  
C  7.000207455862e-01 2.999879524912e-01 1.114540078930e-04  1 1 1   0.00   0.00   0.00  
C  7.333532006054e-01 3.333233996973e-01 8.757766569540e-05  1 1 1   0.00   0.00   0.00  
C  7.000737595175e-01 2.998896187241e-01 1.699072267287e-01  1 1 1   0.00   0.00   0.00  
C  7.665853454796e-01 3.667250231653e-01 1.699251647921e-01  1 1 1   0.00   0.00   0.00  
C  8.000106108911e-01 2.999946945545e-01 1.175178400601e-04  1 1 1   0.00   0.00   0.00  
C  8.333418824513e-01 3.333285687617e-01 8.766522273620e-05  1 1 1   0.00   0.00   0.00  
C  8.000386515458e-01 2.999806742271e-01 1.698649562156e-01  1 1 1   0.00   0.00   0.00  
C  8.666398441026e-01 3.666820994385e-01 1.699092391870e-01  1 1 1   0.00   0.00   0.00  
C  9.000066752022e-01 2.999955775890e-01 1.151681618481e-04  1 1 1   0.00   0.00   0.00  
C  9.333377659591e-01 3.333278424744e-01 8.943609230270e-05  1 1 1   0.00   0.00   0.00  
C  8.999638221143e-01 3.000458001878e-01 1.698808796299e-01  1 1 1   0.00   0.00   0.00  
C  9.666298233877e-01 3.667077082718e-01 1.698998007693e-01  1 1 1   0.00   0.00   0.00  
C  1.646926477900e-06 3.999967061470e-01 1.209754938145e-04  1 1 1   0.00   0.00   0.00  
C  3.333138215493e-02 4.333296344278e-01 9.213212094750e-05  1 1 1   0.00   0.00   0.00  
C  9.999799326066e-01 4.000401347869e-01 1.698741062531e-01  1 1 1   0.00   0.00   0.00  
C  6.666965045731e-02 4.667072736336e-01 1.698966963294e-01  1 1 1   0.00   0.00   0.00  
C  9.999677564567e-02 3.999973248090e-01 1.140580398697e-04  1 1 1   0.00   0.00   0.00  
C  1.333321824046e-01 4.333255959274e-01 9.108288162450e-05  1 1 1   0.00   0.00   0.00  
C  9.999260713871e-02 4.000274951437e-01 1.698783090616e-01  1 1 1   0.00   0.00   0.00  
C  1.667123182071e-01 4.667059990880e-01 1.699179809674e-01  1 1 1   0.00   0.00   0.00  
C  1.999952319523e-01 3.999911903785e-01 1.120714006717e-04  1 1 1   0.00   0.00   0.00  
C  2.333286513992e-01 4.333263553049e-01 8.831122491420e-05  1 1 1   0.00   0.00   0.00  
C  2.000149413448e-01 4.000484575805e-01 1.699109766114e-01  1 1 1   0.00   0.00   0.00  
C  2.667380080067e-01 4.666228368551e-01 1.701584282398e-01  1 1 1   0.00   0.00   0.00  
C  2.999879524912e-01 3.999913019226e-01 1.114540078930e-04  1 1 1   0.00   0.00   0.00  
C  3.333184062708e-01 4.333289561292e-01 8.104604709300e-05  1 1 1   0.00   0.00   0.00  
C  2.998896187241e-01 4.000366217584e-01 1.699072267287e-01  1 1 1   0.00   0.00   0.00  
C  3.669284523578e-01 4.664329120872e-01 1.695988693394e-01  1 1 1   0.00   0.00   0.00  
C  3.999865251501e-01 3.999865251501e-01 1.121913950186e-04  1 1 1   0.00   0.00   0.00  
C  4.333213940069e-01 4.333213940069e-01 1.957284988663e-04  1 1 1   0.00   0.00   0.00  
C  3.997215874301e-01 3.997215874301e-01 1.692064821982e-01  1 1 1   0.00   0.00   0.00  
C  5.000107661629e-01 3.999784676741e-01 2.196797181000e-04  1 1 1   0.00   0.00   0.00  
C  5.333572119862e-01 4.333213940069e-01 1.957284988663e-04  1 1 1   0.00   0.00   0.00  
C  5.015759912762e-01 3.968480174477e-01 1.690626312998e-01  1 1 1   0.00   0.00   0.00  
C  5.666386355550e-01 4.664329120872e-01 1.695988693394e-01  1 1 1   0.00   0.00   0.00  
C  6.000269496998e-01 3.999865251501e-01 1.121913950186e-04  1 1 1   0.00   0.00   0.00  
C  6.333526376000e-01 4.333289561292e-01 8.104604709300e-05  1 1 1   0.00   0.00   0.00  
C  6.005568251397e-01 3.997215874301e-01 1.692064821982e-01  1 1 1   0.00   0.00   0.00  
C  6.666391551383e-01 4.666228368551e-01 1.701584282398e-01  1 1 1   0.00   0.00   0.00  
C  7.000207455862e-01 3.999913019226e-01 1.114540078930e-04  1 1 1   0.00   0.00   0.00  
C  7.333449932959e-01 4.333263553049e-01 8.831122491420e-05  1 1 1   0.00   0.00   0.00  
C  7.000737595175e-01 4.000366217584e-01 1.699072267287e-01  1 1 1   0.00   0.00   0.00  
C  7.665816827049e-01 4.667059990880e-01 1.699179809674e-01  1 1 1   0.00   0.00   0.00  
C  8.000135776693e-01 3.999911903785e-01 1.120714006717e-04  1 1 1   0.00   0.00   0.00  
C  8.333422216680e-01 4.333255959274e-01 9.108288162450e-05  1 1 1   0.00   0.00   0.00  
C  7.999366010747e-01 4.000484575805e-01 1.699109766114e-01  1 1 1   0.00   0.00   0.00  
C  8.666230759091e-01 4.667072736336e-01 1.698966963294e-01  1 1 1   0.00   0.00   0.00  
C  9.000058995453e-01 3.999973248090e-01 1.140580398697e-04  1 1 1   0.00   0.00   0.00  
C  9.333389834172e-01 4.333296344278e-01 9.213212094750e-05  1 1 1   0.00   0.00   0.00  
C  8.999798977176e-01 4.000274951437e-01 1.698783090616e-01  1 1 1   0.00   0.00   0.00  
C  9.666629215316e-01 4.666741569368e-01 1.698925168927e-01  1 1 1   0.00   0.00   0.00  
C  9.999967912799e-01 4.999975144139e-01 1.127413353998e-04  1 1 1   0.00   0.00   0.00  
C  3.333326050831e-02 5.333297325452e-01 8.934275854950e-05  1 1 1   0.00   0.00   0.00  
C  3.447598253100e-06 5.000196988248e-01 1.698781229070e-01  1 1 1   0.00   0.00   0.00  
C  6.664790431612e-02 5.666711110386e-01 1.698820834740e-01  1 1 1   0.00   0.00   0.00  
C  9.999638402729e-02 4.999953357810e-01 1.175132889557e-04  1 1 1   0.00   0.00   0.00  
C  1.333310349018e-01 5.333294469042e-01 9.035184702100e-05  1 1 1   0.00   0.00   0.00  
C  9.999056423557e-02 5.000410786012e-01 1.698608370452e-01  1 1 1   0.00   0.00   0.00  
C  1.666334224440e-01 5.667303469574e-01 1.699176830512e-01  1 1 1   0.00   0.00   0.00  
C  1.999935241370e-01 4.999953115430e-01 1.117355490550e-04  1 1 1   0.00   0.00   0.00  
C  2.333186419836e-01 5.333348499083e-01 1.013838224253e-04  1 1 1   0.00   0.00   0.00  
C  2.000255569188e-01 5.000413713233e-01 1.699783525726e-01  1 1 1   0.00   0.00   0.00  
C  2.666222061032e-01 5.666888969484e-01 1.703088517617e-01  1 1 1   0.00   0.00   0.00  
C  2.999840772421e-01 4.999997895802e-01 1.265282089449e-04  1 1 1   0.00   0.00   0.00  
C  3.333028615778e-01 5.333485692111e-01 1.262008389489e-04  1 1 1   0.00   0.00   0.00  
C  2.998529066207e-01 5.002190482900e-01 1.702981902511e-01  1 1 1   0.00   0.00   0.00  
C  3.669284523578e-01 5.666386355550e-01 1.695988693394e-01  1 1 1   0.00   0.00   0.00  
C  3.999784676741e-01 5.000107661629e-01 2.196797181000e-04  1 1 1   0.00   0.00   0.00  
C  4.333213940069e-01 5.333572119862e-01 1.957284988663e-04  1 1 1   0.00   0.00   0.00  
C  3.968480174477e-01 5.015759912762e-01 1.690626312998e-01  1 1 1   0.00   0.00   0.00  
C  4.664329120872e-01 5.666386355550e-01 1.695988693394e-01  1 1 1   0.00   0.00   0.00  
C  5.000107661629e-01 5.000107661629e-01 2.196797181000e-04  1 1 1   0.00   0.00   0.00  
C  5.333485692111e-01 5.333485692111e-01 1.262008389489e-04  1 1 1   0.00   0.00   0.00  
C  5.015759912762e-01 5.015759912762e-01 1.690626312998e-01  1 1 1   0.00   0.00   0.00  
C  5.666888969484e-01 5.666888969484e-01 1.703088517617e-01  1 1 1   0.00   0.00   0.00  
C  6.000161331777e-01 4.999997895802e-01 1.265282089449e-04  1 1 1   0.00   0.00   0.00  
C  6.333465081081e-01 5.333348499083e-01 1.013838224253e-04  1 1 1   0.00   0.00   0.00  
C  5.999280450893e-01 5.002190482900e-01 1.702981902511e-01  1 1 1   0.00   0.00   0.00  
C  6.666362305987e-01 5.667303469574e-01 1.699176830512e-01  1 1 1   0.00   0.00   0.00  
C  7.000111643200e-01 4.999953115430e-01 1.117355490550e-04  1 1 1   0.00   0.00   0.00  
C  7.333395181940e-01 5.333294469042e-01 9.035184702100e-05  1 1 1   0.00   0.00   0.00  
C  6.999330717578e-01 5.000413713233e-01 1.699783525726e-01  1 1 1   0.00   0.00   0.00  
C  7.666809846453e-01 5.666711110386e-01 1.698820834740e-01  1 1 1   0.00   0.00   0.00  
C  8.000082801917e-01 4.999953357810e-01 1.175132889557e-04  1 1 1   0.00   0.00   0.00  
C  8.333370069464e-01 5.333297325452e-01 8.934275854950e-05  1 1 1   0.00   0.00   0.00  
C  7.999683571632e-01 5.000410786012e-01 1.698608370452e-01  1 1 1   0.00   0.00   0.00  
C  8.666618042974e-01 5.666824968387e-01 1.698968182871e-01  1 1 1   0.00   0.00   0.00  
C  9.000056943062e-01 4.999975144139e-01 1.127413353998e-04  1 1 1   0.00   0.00   0.00  
C  9.333347252848e-01 5.333305494305e-01 8.899305672830e-05  1 1 1   0.00   0.00   0.00  
C  8.999768535770e-01 5.000196988248e-01 1.698781229070e-01  1 1 1   0.00   0.00   0.00  
C  9.666556988638e-01 5.666824968387e-01 1.698968182871e-01  1 1 1   0.00   0.00   0.00  
C  4.426690694000e-07 6.000001170708e-01 1.136100668404e-04  1 1 1   0.00   0.00   0.00  
C  3.333570054942e-02 6.333310808113e-01 9.357040612200e-05  1 1 1   0.00   0.00   0.00  
C  9.999801406932e-01 6.000096749602e-01 1.698798710805e-01  1 1 1   0.00   0.00   0.00  
C  6.664801044714e-02 6.666759947764e-01 1.698796527042e-01  1 1 1   0.00   0.00   0.00  
C  1.000000153233e-01 5.999969679379e-01 1.160781810370e-04  1 1 1   0.00   0.00   0.00  
C  1.333296581855e-01 6.333351709073e-01 9.516433911470e-05  1 1 1   0.00   0.00   0.00  
C  9.994918293290e-02 6.000381459788e-01 1.698512162350e-01  1 1 1   0.00   0.00   0.00  
C  1.666334224440e-01 6.666362305987e-01 1.699176830512e-01  1 1 1   0.00   0.00   0.00  
C  1.999937721938e-01 6.000031139031e-01 1.338274112328e-04  1 1 1   0.00   0.00   0.00  
C  2.333186419836e-01 6.333465081081e-01 1.013838224253e-04  1 1 1   0.00   0.00   0.00  
C  1.997927535655e-01 6.001036232172e-01 1.699826894409e-01  1 1 1   0.00   0.00   0.00  
C  2.667380080067e-01 6.666391551383e-01 1.701584282398e-01  1 1 1   0.00   0.00   0.00  
C  2.999840772421e-01 6.000161331777e-01 1.265282089449e-04  1 1 1   0.00   0.00   0.00  
C  3.333184062708e-01 6.333526376000e-01 8.104604709300e-05  1 1 1   0.00   0.00   0.00  
C  2.998529066207e-01 5.999280450893e-01 1.702981902511e-01  1 1 1   0.00   0.00   0.00  
C  3.667433667002e-01 6.665132665996e-01 1.697148393471e-01  1 1 1   0.00   0.00   0.00  
C  3.999865251501e-01 6.000269496998e-01 1.121913950186e-04  1 1 1   0.00   0.00   0.00  
C  4.333289561292e-01 6.333526376000e-01 8.104604709300e-05  1 1 1   0.00   0.00   0.00  
C  3.997215874301e-01 6.005568251397e-01 1.692064821982e-01  1 1 1   0.00   0.00   0.00  
C  4.666228368551e-01 6.666391551383e-01 1.701584282398e-01  1 1 1   0.00   0.00   0.00  
C  4.999997895802e-01 6.000161331777e-01 1.265282089449e-04  1 1 1   0.00   0.00   0.00  
C  5.333348499083e-01 6.333465081081e-01 1.013838224253e-04  1 1 1   0.00   0.00   0.00  
C  5.002190482900e-01 5.999280450893e-01 1.702981902511e-01  1 1 1   0.00   0.00   0.00  
C  5.667303469574e-01 6.666362305987e-01 1.699176830512e-01  1 1 1   0.00   0.00   0.00  
C  6.000031139031e-01 6.000031139031e-01 1.338274112328e-04  1 1 1   0.00   0.00   0.00  
C  6.333351709073e-01 6.333351709073e-01 9.516433911470e-05  1 1 1   0.00   0.00   0.00  
C  6.001036232172e-01 6.001036232172e-01 1.699826894409e-01  1 1 1   0.00   0.00   0.00  
C  6.666759947764e-01 6.666759947764e-01 1.698796527042e-01  1 1 1   0.00   0.00   0.00  
C  7.000030167387e-01 5.999969679379e-01 1.160781810370e-04  1 1 1   0.00   0.00   0.00  
C  7.333332186393e-01 6.333310808113e-01 9.357040612200e-05  1 1 1   0.00   0.00   0.00  
C  7.000126710883e-01 6.000381459788e-01 1.698512162350e-01  1 1 1   0.00   0.00   0.00  
C  7.666602980898e-01 6.666824092443e-01 1.698967514915e-01  1 1 1   0.00   0.00   0.00  
C  7.999994402601e-01 6.000001170708e-01 1.136100668404e-04  1 1 1   0.00   0.00   0.00  
C  8.333347271637e-01 6.333309845899e-01 8.743509645370e-05  1 1 1   0.00   0.00   0.00  
C  8.000101843466e-01 6.000096749602e-01 1.698798710805e-01  1 1 1   0.00   0.00   0.00  
C  8.666735043288e-01 6.666529913425e-01 1.698913212284e-01  1 1 1   0.00   0.00   0.00  
C  9.000004594152e-01 5.999990811695e-01 1.182801789810e-04  1 1 1   0.00   0.00   0.00  
C  9.333342882464e-01 6.333309845899e-01 8.743509645370e-05  1 1 1   0.00   0.00   0.00  
C  8.999935748676e-01 6.000128502648e-01 1.698825139095e-01  1 1 1   0.00   0.00   0.00  
C  9.666572926659e-01 6.666824092443e-01 1.698967514915e-01  1 1 1   0.00   0.00   0.00  
C  2.969819469500e-06 6.999985150903e-01 1.251419367421e-04  1 1 1   0.00   0.00   0.00  
C  3.333570054942e-02 7.333332186393e-01 9.357040612200e-05  1 1 1   0.00   0.00   0.00  
C  9.999521703001e-01 7.000239148500e-01 1.698761151395e-01  1 1 1   0.00   0.00   0.00  
C  6.664790431612e-02 7.666809846453e-01 1.698820834740e-01  1 1 1   0.00   0.00   0.00  
C  1.000000153233e-01 7.000030167387e-01 1.160781810370e-04  1 1 1   0.00   0.00   0.00  
C  1.333310349018e-01 7.333395181940e-01 9.035184702100e-05  1 1 1   0.00   0.00   0.00  
C  9.994918293290e-02 7.000126710883e-01 1.698512162350e-01  1 1 1   0.00   0.00   0.00  
C  1.667123182071e-01 7.665816827049e-01 1.699179809674e-01  1 1 1   0.00   0.00   0.00  
C  1.999935241370e-01 7.000111643200e-01 1.117355490550e-04  1 1 1   0.00   0.00   0.00  
C  2.333286513992e-01 7.333449932959e-01 8.831122491420e-05  1 1 1   0.00   0.00   0.00  
C  2.000255569188e-01 6.999330717578e-01 1.699783525726e-01  1 1 1   0.00   0.00   0.00  
C  2.666896313551e-01 7.665853454796e-01 1.699251647921e-01  1 1 1   0.00   0.00   0.00  
C  2.999879524912e-01 7.000207455862e-01 1.114540078930e-04  1 1 1   0.00   0.00   0.00  
C  3.333233996973e-01 7.333532006054e-01 8.757766569540e-05  1 1 1   0.00   0.00   0.00  
C  2.998896187241e-01 7.000737595175e-01 1.699072267287e-01  1 1 1   0.00   0.00   0.00  
C  3.667250231653e-01 7.665853454796e-01 1.699251647921e-01  1 1 1   0.00   0.00   0.00  
C  3.999913019226e-01 7.000207455862e-01 1.114540078930e-04  1 1 1   0.00   0.00   0.00  
C  4.333263553049e-01 7.333449932959e-01 8.831122491420e-05  1 1 1   0.00   0.00   0.00  
C  4.000366217584e-01 7.000737595175e-01 1.699072267287e-01  1 1 1   0.00   0.00   0.00  
C  4.667059990880e-01 7.665816827049e-01 1.699179809674e-01  1 1 1   0.00   0.00   0.00  
C  4.999953115430e-01 7.000111643200e-01 1.117355490550e-04  1 1 1   0.00   0.00   0.00  
C  5.333294469042e-01 7.333395181940e-01 9.035184702100e-05  1 1 1   0.00   0.00   0.00  
C  5.000413713233e-01 6.999330717578e-01 1.699783525726e-01  1 1 1   0.00   0.00   0.00  
C  5.666711110386e-01 7.666809846453e-01 1.698820834740e-01  1 1 1   0.00   0.00   0.00  
C  5.999969679379e-01 7.000030167387e-01 1.160781810370e-04  1 1 1   0.00   0.00   0.00  
C  6.333310808113e-01 7.333332186393e-01 9.357040612200e-05  1 1 1   0.00   0.00   0.00  
C  6.000381459788e-01 7.000126710883e-01 1.698512162350e-01  1 1 1   0.00   0.00   0.00  
C  6.666824092443e-01 7.666602980898e-01 1.698967514915e-01  1 1 1   0.00   0.00   0.00  
C  6.999985150903e-01 6.999985150903e-01 1.251419367421e-04  1 1 1   0.00   0.00   0.00  
C  7.333327783208e-01 7.333327783208e-01 8.660574236790e-05  1 1 1   0.00   0.00   0.00  
C  7.000239148500e-01 7.000239148500e-01 1.698761151395e-01  1 1 1   0.00   0.00   0.00  
C  7.666657786279e-01 7.666657786279e-01 1.698892267318e-01  1 1 1   0.00   0.00   0.00  
C  7.999996304871e-01 7.000003611100e-01 1.070943041768e-04  1 1 1   0.00   0.00   0.00  
C  8.333339016165e-01 7.333321967671e-01 8.285902511320e-05  1 1 1   0.00   0.00   0.00  
C  8.000008046771e-01 7.000016931219e-01 1.698809072630e-01  1 1 1   0.00   0.00   0.00  
C  8.666684427441e-01 7.666657786279e-01 1.698892267318e-01  1 1 1   0.00   0.00   0.00  
C  9.000000084029e-01 7.000003611100e-01 1.070943041768e-04  1 1 1   0.00   0.00   0.00  
C  9.333344433585e-01 7.333327783208e-01 8.660574236790e-05  1 1 1   0.00   0.00   0.00  
C  8.999975022010e-01 7.000016931219e-01 1.698809072630e-01  1 1 1   0.00   0.00   0.00  
C  9.666572926659e-01 7.666602980898e-01 1.698967514915e-01  1 1 1   0.00   0.00   0.00  
C  4.426690694000e-07 7.999994402601e-01 1.136100668404e-04  1 1 1   0.00   0.00   0.00  
C  3.333326050831e-02 8.333370069464e-01 8.934275854950e-05  1 1 1   0.00   0.00   0.00  
C  9.999801406932e-01 8.000101843466e-01 1.698798710805e-01  1 1 1   0.00   0.00   0.00  
C  6.666965045731e-02 8.666230759091e-01 1.698966963294e-01  1 1 1   0.00   0.00   0.00  
C  9.999638402729e-02 8.000082801917e-01 1.175132889557e-04  1 1 1   0.00   0.00   0.00  
C  1.333321824046e-01 8.333422216680e-01 9.108288162450e-05  1 1 1   0.00   0.00   0.00  
C  9.999056423557e-02 7.999683571632e-01 1.698608370452e-01  1 1 1   0.00   0.00   0.00  
C  1.666780564589e-01 8.666398441026e-01 1.699092391870e-01  1 1 1   0.00   0.00   0.00  
C  1.999952319523e-01 8.000135776693e-01 1.120714006717e-04  1 1 1   0.00   0.00   0.00  
C  2.333295487870e-01 8.333418824513e-01 8.766522273620e-05  1 1 1   0.00   0.00   0.00  
C  2.000149413448e-01 7.999366010747e-01 1.699109766114e-01  1 1 1   0.00   0.00   0.00  
C  2.667298062505e-01 8.665403874990e-01 1.699027489669e-01  1 1 1   0.00   0.00   0.00  
C  2.999946945545e-01 8.000106108911e-01 1.175178400601e-04  1 1 1   0.00   0.00   0.00  
C  3.333285687617e-01 8.333418824513e-01 8.766522273620e-05  1 1 1   0.00   0.00   0.00  
C  2.999806742271e-01 8.000386515458e-01 1.698649562156e-01  1 1 1   0.00   0.00   0.00  
C  3.666820994385e-01 8.666398441026e-01 1.699092391870e-01  1 1 1   0.00   0.00   0.00  
C  3.999911903785e-01 8.000135776693e-01 1.120714006717e-04  1 1 1   0.00   0.00   0.00  
C  4.333255959274e-01 8.333422216680e-01 9.108288162450e-05  1 1 1   0.00   0.00   0.00  
C  4.000484575805e-01 7.999366010747e-01 1.699109766114e-01  1 1 1   0.00   0.00   0.00  
C  4.667072736336e-01 8.666230759091e-01 1.698966963294e-01  1 1 1   0.00   0.00   0.00  
C  4.999953357810e-01 8.000082801917e-01 1.175132889557e-04  1 1 1   0.00   0.00   0.00  
C  5.333297325452e-01 8.333370069464e-01 8.934275854950e-05  1 1 1   0.00   0.00   0.00  
C  5.000410786012e-01 7.999683571632e-01 1.698608370452e-01  1 1 1   0.00   0.00   0.00  
C  5.666824968387e-01 8.666618042974e-01 1.698968182871e-01  1 1 1   0.00   0.00   0.00  
C  6.000001170708e-01 7.999994402601e-01 1.136100668404e-04  1 1 1   0.00   0.00   0.00  
C  6.333309845899e-01 8.333347271637e-01 8.743509645370e-05  1 1 1   0.00   0.00   0.00  
C  6.000096749602e-01 8.000101843466e-01 1.698798710805e-01  1 1 1   0.00   0.00   0.00  
C  6.666529913425e-01 8.666735043288e-01 1.698913212284e-01  1 1 1   0.00   0.00   0.00  
C  7.000003611100e-01 7.999996304871e-01 1.070943041768e-04  1 1 1   0.00   0.00   0.00  
C  7.333321967671e-01 8.333339016165e-01 8.285902511320e-05  1 1 1   0.00   0.00   0.00  
C  7.000016931219e-01 8.000008046771e-01 1.698809072630e-01  1 1 1   0.00   0.00   0.00  
C  7.666657786279e-01 8.666684427441e-01 1.698892267318e-01  1 1 1   0.00   0.00   0.00  
C  8.000000000000e-01 8.000000000000e-01 1.092781201706e-04  1 1 1   0.00   0.00   0.00  
C  8.333339016165e-01 8.333339016165e-01 8.285902511320e-05  1 1 1   0.00   0.00   0.00  
C  8.000000000000e-01 8.000000000000e-01 1.698842591755e-01  1 1 1   0.00   0.00   0.00  
C  8.666735043288e-01 8.666735043288e-01 1.698913212284e-01  1 1 1   0.00   0.00   0.00  
C  9.000000084029e-01 7.999996304871e-01 1.070943041768e-04  1 1 1   0.00   0.00   0.00  
C  9.333342882464e-01 8.333347271637e-01 8.743509645370e-05  1 1 1   0.00   0.00   0.00  
C  8.999975022010e-01 8.000008046771e-01 1.698809072630e-01  1 1 1   0.00   0.00   0.00  
C  9.666556988638e-01 8.666618042974e-01 1.698968182871e-01  1 1 1   0.00   0.00   0.00  
C  9.999967912799e-01 9.000056943062e-01 1.127413353998e-04  1 1 1   0.00   0.00   0.00  
C  3.333138215493e-02 9.333389834172e-01 9.213212094750e-05  1 1 1   0.00   0.00   0.00  
C  3.447598253100e-06 8.999768535770e-01 1.698781229070e-01  1 1 1   0.00   0.00   0.00  
C  6.666246834042e-02 9.666298233877e-01 1.698998007693e-01  1 1 1   0.00   0.00   0.00  
C  9.999677564567e-02 9.000058995453e-01 1.140580398697e-04  1 1 1   0.00   0.00   0.00  
C  1.333343915664e-01 9.333377659591e-01 8.943609230270e-05  1 1 1   0.00   0.00   0.00  
C  9.999260713871e-02 8.999798977176e-01 1.698783090616e-01  1 1 1   0.00   0.00   0.00  
C  1.666718497808e-01 9.666211153589e-01 1.699047819871e-01  1 1 1   0.00   0.00   0.00  
C  1.999977472088e-01 9.000066752022e-01 1.151681618481e-04  1 1 1   0.00   0.00   0.00  
C  2.333291946135e-01 9.333416107731e-01 9.026575719420e-05  1 1 1   0.00   0.00   0.00  
C  1.999903776979e-01 8.999638221143e-01 1.698808796299e-01  1 1 1   0.00   0.00   0.00  
C  2.667070348603e-01 9.666211153589e-01 1.699047819871e-01  1 1 1   0.00   0.00   0.00  
C  2.999955775890e-01 9.000066752022e-01 1.151681618481e-04  1 1 1   0.00   0.00   0.00  
C  3.333278424744e-01 9.333377659591e-01 8.943609230270e-05  1 1 1   0.00   0.00   0.00  
C  3.000458001878e-01 8.999638221143e-01 1.698808796299e-01  1 1 1   0.00   0.00   0.00  
C  3.667077082718e-01 9.666298233877e-01 1.698998007693e-01  1 1 1   0.00   0.00   0.00  
C  3.999973248090e-01 9.000058995453e-01 1.140580398697e-04  1 1 1   0.00   0.00   0.00  
C  4.333296344278e-01 9.333389834172e-01 9.213212094750e-05  1 1 1   0.00   0.00   0.00  
C  4.000274951437e-01 8.999798977176e-01 1.698783090616e-01  1 1 1   0.00   0.00   0.00  
C  4.666741569368e-01 9.666629215316e-01 1.698925168927e-01  1 1 1   0.00   0.00   0.00  
C  4.999975144139e-01 9.000056943062e-01 1.127413353998e-04  1 1 1   0.00   0.00   0.00  
C  5.333305494305e-01 9.333347252848e-01 8.899305672830e-05  1 1 1   0.00   0.00   0.00  
C  5.000196988248e-01 8.999768535770e-01 1.698781229070e-01  1 1 1   0.00   0.00   0.00  
C  5.666824968387e-01 9.666556988638e-01 1.698968182871e-01  1 1 1   0.00   0.00   0.00  
C  5.999990811695e-01 9.000004594152e-01 1.182801789810e-04  1 1 1   0.00   0.00   0.00  
C  6.333309845899e-01 9.333342882464e-01 8.743509645370e-05  1 1 1   0.00   0.00   0.00  
C  6.000128502648e-01 8.999935748676e-01 1.698825139095e-01  1 1 1   0.00   0.00   0.00  
C  6.666824092443e-01 9.666572926659e-01 1.698967514915e-01  1 1 1   0.00   0.00   0.00  
C  7.000003611100e-01 9.000000084029e-01 1.070943041768e-04  1 1 1   0.00   0.00   0.00  
C  7.333327783208e-01 9.333344433585e-01 8.660574236790e-05  1 1 1   0.00   0.00   0.00  
C  7.000016931219e-01 8.999975022010e-01 1.698809072630e-01  1 1 1   0.00   0.00   0.00  
C  7.666602980898e-01 9.666572926659e-01 1.698967514915e-01  1 1 1   0.00   0.00   0.00  
C  7.999996304871e-01 9.000000084029e-01 1.070943041768e-04  1 1 1   0.00   0.00   0.00  
C  8.333347271637e-01 9.333342882464e-01 8.743509645370e-05  1 1 1   0.00   0.00   0.00  
C  8.000008046771e-01 8.999975022010e-01 1.698809072630e-01  1 1 1   0.00   0.00   0.00  
C  8.666618042974e-01 9.666556988638e-01 1.698968182871e-01  1 1 1   0.00   0.00   0.00  
C  9.000004594152e-01 9.000004594152e-01 1.182801789810e-04  1 1 1   0.00   0.00   0.00  
C  9.333347252848e-01 9.333347252848e-01 8.899305672830e-05  1 1 1   0.00   0.00   0.00  
C  8.999935748676e-01 8.999935748676e-01 1.698825139095e-01  1 1 1   0.00   0.00   0.00  
C  9.666629215316e-01 9.666629215316e-01 1.698925168927e-01  1 1 1   0.00   0.00   0.00  
O  4.666666666667e-01 4.666666666667e-01 1.621747728499e-01  1 1 1   0.00   0.00   0.00  
"  
