description="GPH                                     
"  
#******** REAL SPACE GRID ********   
wavefunction_grid="160 160 128"  
potential_grid_refinement="2"  
  
#******* CONTROL OPTIONS *******  
start_mode          ="LCAO Start"  
calculation_mode    ="Quench Electrons  "  
kohn_sham_solver    ="davidson"  
subdiag_driver      ="auto"  
#auto: if cuda available, use cusolver, otherwise use lapack for n<128 and scaplack for large system  
cube_rho = "True"  
  
#********* K POINT SETUP *********  
kpoint_mesh = "1 1 1"  
kpoint_is_shift = "0 0 0"  
  
#******* Pseudopotentials *******   
internal_pseudo_type = "nc_accuracy"  
#use Optimized Norm-Conserving Vanderbilt (ONCV) pseudopotenitals  
#those pseudopotentials are built in with RMG  
write_pseudopotential_plots ="False"  
  
#*****Exchange Correlation ******  
exchange_correlation_type="AUTO_XC"  
#AUTO_XC: XC will be determined from pseudopotential  
  
#****  LATTICE and ATOMS  ****   
bravais_lattice_type="None"  
crds_units = "Angstrom"  
lattice_units = "Angstrom"  
lattice_vector="  
 2.467271995540e+01  0.000000000000e+00  0.000000000000e+00   
 1.233635997770e+01  2.136720226190e+01  0.000000000000e+00   
 0.000000000000e+00  0.000000000000e+00  2.000000000000e+01   
"  
atomic_coordinate_type = "Cell Relative"  
atoms="  
C  9.999262297228e-01 9.999262297228e-01 5.512842108867e-04  1 1 1   0.00   0.00   0.00  
C  3.325885351377e-02 3.325885351377e-02 5.284645360616e-04  1 1 1   0.00   0.00   0.00  
C  5.358529176430e-05 5.358529176430e-05 1.697215375493e-01  1 1 1   0.00   0.00   0.00  
C  6.649182074260e-02 6.649182074260e-02 1.697918870232e-01  1 1 1   0.00   0.00   0.00  
C  9.992388860526e-02 9.999220531833e-01 5.400032731274e-04  1 1 1   0.00   0.00   0.00  
C  1.332620964690e-01 3.326158985202e-02 5.205662117922e-04  1 1 1   0.00   0.00   0.00  
C  1.001356008144e-01 9.996690692619e-01 1.697284849327e-01  1 1 1   0.00   0.00   0.00  
C  1.665444711585e-01 6.631044856357e-02 1.697673624133e-01  1 1 1   0.00   0.00   0.00  
C  1.999261106981e-01 9.999265868345e-01 5.145589620734e-04  1 1 1   0.00   0.00   0.00  
C  2.332619748652e-01 3.326009000615e-02 5.068259874497e-04  1 1 1   0.00   0.00   0.00  
C  2.001069006743e-01 9.995536341332e-01 1.697161428523e-01  1 1 1   0.00   0.00   0.00  
C  2.665258580004e-01 6.630382162132e-02 1.697487488357e-01  1 1 1   0.00   0.00   0.00  
C  2.999281584503e-01 9.999295126275e-01 5.151697194689e-04  1 1 1   0.00   0.00   0.00  
C  3.332571444388e-01 3.325873210177e-02 5.251435865328e-04  1 1 1   0.00   0.00   0.00  
C  3.000309371940e-01 9.996329589579e-01 1.697228645456e-01  1 1 1   0.00   0.00   0.00  
C  3.665217959095e-01 6.639877352166e-02 1.697695715046e-01  1 1 1   0.00   0.00   0.00  
C  3.999261089269e-01 9.999268814233e-01 5.434210988026e-04  1 1 1   0.00   0.00   0.00  
C  4.332496911818e-01 3.325210067165e-02 5.823153705116e-04  1 1 1   0.00   0.00   0.00  
C  4.000386435000e-01 9.998115552954e-01 1.697306577076e-01  1 1 1   0.00   0.00   0.00  
C  4.665567288846e-01 6.656928766660e-02 1.698324897049e-01  1 1 1   0.00   0.00   0.00  
C  4.999197144072e-01 9.999219010365e-01 6.100659475041e-04  1 1 1   0.00   0.00   0.00  
C  5.332488743672e-01 3.325109089432e-02 6.446817833764e-04  1 1 1   0.00   0.00   0.00  
C  5.000821937777e-01 5.575751887810e-05 1.697699776509e-01  1 1 1   0.00   0.00   0.00  
C  5.665494244122e-01 6.694957822403e-02 1.698805734601e-01  1 1 1   0.00   0.00   0.00  
C  5.999134178998e-01 9.999204054026e-01 6.466084861800e-04  1 1 1   0.00   0.00   0.00  
C  6.332497887704e-01 3.325100644642e-02 6.515356494824e-04  1 1 1   0.00   0.00   0.00  
C  6.000765437711e-01 3.495515576950e-04 1.697569367140e-01  1 1 1   0.00   0.00   0.00  
C  6.664501583833e-01 6.730687913716e-02 1.697414996882e-01  1 1 1   0.00   0.00   0.00  
C  6.999176901209e-01 9.999183243470e-01 6.413249271100e-04  1 1 1   0.00   0.00   0.00  
C  7.332497830960e-01 3.324792147385e-02 6.274720082226e-04  1 1 1   0.00   0.00   0.00  
C  7.000215666003e-01 5.518968231939e-04 1.696430793154e-01  1 1 1   0.00   0.00   0.00  
C  7.662401639610e-01 6.748591193721e-02 1.696467298899e-01  1 1 1   0.00   0.00   0.00  
C  7.999197758887e-01 9.999218600295e-01 6.094674003859e-04  1 1 1   0.00   0.00   0.00  
C  8.332530143210e-01 3.325515401897e-02 5.732847953687e-04  1 1 1   0.00   0.00   0.00  
C  7.999081518501e-01 6.643131941011e-04 1.696252789819e-01  1 1 1   0.00   0.00   0.00  
C  8.660837770476e-01 6.743634836444e-02 1.695810728347e-01  1 1 1   0.00   0.00   0.00  
C  8.999204523524e-01 9.999290163112e-01 5.698044665166e-04  1 1 1   0.00   0.00   0.00  
C  9.332550943550e-01 3.326126879068e-02 5.309563488064e-04  1 1 1   0.00   0.00   0.00  
C  8.998863539568e-01 5.125980531206e-04 1.696548179241e-01  1 1 1   0.00   0.00   0.00  
C  9.662917968082e-01 6.694111791130e-02 1.697156698427e-01  1 1 1   0.00   0.00   0.00  
C  9.999220531833e-01 9.992388860526e-02 5.400032731274e-04  1 1 1   0.00   0.00   0.00  
C  3.326158985202e-02 1.332620964690e-01 5.205662117922e-04  1 1 1   0.00   0.00   0.00  
C  9.996690692619e-01 1.001356008144e-01 1.697284849327e-01  1 1 1   0.00   0.00   0.00  
C  6.631044856357e-02 1.665444711585e-01 1.697673624133e-01  1 1 1   0.00   0.00   0.00  
C  9.992513507410e-02 9.992513507410e-02 5.480503986455e-04  1 1 1   0.00   0.00   0.00  
C  1.332590171903e-01 1.332590171903e-01 5.235710886017e-04  1 1 1   0.00   0.00   0.00  
C  9.979418060219e-02 9.979418060219e-02 1.697562578431e-01  1 1 1   0.00   0.00   0.00  
C  1.663621259177e-01 1.663621259177e-01 1.697058758846e-01  1 1 1   0.00   0.00   0.00  
C  1.999258001948e-01 9.992611389783e-02 5.451998658699e-04  1 1 1   0.00   0.00   0.00  
C  2.332547682819e-01 1.332545747387e-01 5.319134938921e-04  1 1 1   0.00   0.00   0.00  
C  1.998179708631e-01 9.964854126294e-02 1.697208127325e-01  1 1 1   0.00   0.00   0.00  
C  2.663599845751e-01 1.662807579979e-01 1.696659084942e-01  1 1 1   0.00   0.00   0.00  
C  2.999232716693e-01 9.992465455698e-02 5.745632315182e-04  1 1 1   0.00   0.00   0.00  
C  3.332482421460e-01 1.332520619928e-01 6.074700961061e-04  1 1 1   0.00   0.00   0.00  
C  2.998164811652e-01 9.963818646325e-02 1.697090025044e-01  1 1 1   0.00   0.00   0.00  
C  3.663358306847e-01 1.662423929260e-01 1.697984244501e-01  1 1 1   0.00   0.00   0.00  
C  3.999167954149e-01 9.992232210480e-02 6.581511859892e-04  1 1 1   0.00   0.00   0.00  
C  4.332475785661e-01 1.332529857638e-01 6.763615704373e-04  1 1 1   0.00   0.00   0.00  
C  3.998358106444e-01 9.967669147708e-02 1.697800703126e-01  1 1 1   0.00   0.00   0.00  
C  4.663382630904e-01 1.663732502738e-01 1.699736395946e-01  1 1 1   0.00   0.00   0.00  
C  4.999152704260e-01 9.992139613551e-02 7.179784778235e-04  1 1 1   0.00   0.00   0.00  
C  5.332514471466e-01 1.332502697722e-01 6.273093393940e-04  1 1 1   0.00   0.00   0.00  
C  4.998735977776e-01 9.985426565105e-02 1.698805393340e-01  1 1 1   0.00   0.00   0.00  
C  5.662398169698e-01 1.670763166160e-01 1.698981448582e-01  1 1 1   0.00   0.00   0.00  
C  5.999175931722e-01 9.991464590127e-02 6.644021358288e-04  1 1 1   0.00   0.00   0.00  
C  6.332580204810e-01 1.332456410256e-01 5.648449891232e-04  1 1 1   0.00   0.00   0.00  
C  5.997812779606e-01 1.004323696070e-01 1.698722073804e-01  1 1 1   0.00   0.00   0.00  
C  6.657830010020e-01 1.677638551906e-01 1.698106277448e-01  1 1 1   0.00   0.00   0.00  
C  6.999179794422e-01 9.991893333358e-02 6.468171610700e-04  1 1 1   0.00   0.00   0.00  
C  7.332504331341e-01 1.332539254594e-01 5.826783616084e-04  1 1 1   0.00   0.00   0.00  
C  6.995229142040e-01 1.008863147085e-01 1.697053885698e-01  1 1 1   0.00   0.00   0.00  
C  7.653285706145e-01 1.681767672460e-01 1.695109071496e-01  1 1 1   0.00   0.00   0.00  
C  7.999225014529e-01 9.992704114343e-02 6.003777710161e-04  1 1 1   0.00   0.00   0.00  
C  8.332554447178e-01 1.332624723715e-01 5.341012930321e-04  1 1 1   0.00   0.00   0.00  
C  7.992157343112e-01 1.011502775076e-01 1.695286382462e-01  1 1 1   0.00   0.00   0.00  
C  8.656317334726e-01 1.676175474370e-01 1.694024761445e-01  1 1 1   0.00   0.00   0.00  
C  8.999233702572e-01 9.992853030388e-02 5.407961892619e-04  1 1 1   0.00   0.00   0.00  
C  9.332606109861e-01 1.332657492680e-01 4.963657765184e-04  1 1 1   0.00   0.00   0.00  
C  8.993649832097e-01 1.007434862740e-01 1.695493929094e-01  1 1 1   0.00   0.00   0.00  
C  9.661027185723e-01 1.669265732407e-01 1.696714801298e-01  1 1 1   0.00   0.00   0.00  
C  9.999265868345e-01 1.999261106981e-01 5.145589620734e-04  1 1 1   0.00   0.00   0.00  
C  3.326009000615e-02 2.332619748652e-01 5.068259874497e-04  1 1 1   0.00   0.00   0.00  
C  9.995536341332e-01 2.001069006743e-01 1.697161428523e-01  1 1 1   0.00   0.00   0.00  
C  6.630382162132e-02 2.665258580004e-01 1.697487488357e-01  1 1 1   0.00   0.00   0.00  
C  9.992611389783e-02 1.999258001948e-01 5.451998658699e-04  1 1 1   0.00   0.00   0.00  
C  1.332545747387e-01 2.332547682819e-01 5.319134938921e-04  1 1 1   0.00   0.00   0.00  
C  9.964854126294e-02 1.998179708631e-01 1.697208127325e-01  1 1 1   0.00   0.00   0.00  
C  1.662807579979e-01 2.663599845751e-01 1.696659084942e-01  1 1 1   0.00   0.00   0.00  
C  1.999240662317e-01 1.999240662317e-01 5.752544870736e-04  1 1 1   0.00   0.00   0.00  
C  2.332493224136e-01 2.332493224136e-01 5.914630244398e-04  1 1 1   0.00   0.00   0.00  
C  1.996579538801e-01 1.996579538801e-01 1.696140020029e-01  1 1 1   0.00   0.00   0.00  
C  2.662250906726e-01 2.662250906726e-01 1.696105540958e-01  1 1 1   0.00   0.00   0.00  
C  2.999206790116e-01 1.999220260518e-01 6.405257594520e-04  1 1 1   0.00   0.00   0.00  
C  3.332529354138e-01 2.332549169965e-01 5.858273004917e-04  1 1 1   0.00   0.00   0.00  
C  2.996632831562e-01 1.995523395711e-01 1.696491764483e-01  1 1 1   0.00   0.00   0.00  
C  3.661200140164e-01 2.659789530733e-01 1.695613016950e-01  1 1 1   0.00   0.00   0.00  
C  3.999221098490e-01 1.999219380748e-01 6.100327042289e-04  1 1 1   0.00   0.00   0.00  
C  4.332644743169e-01 2.332563755961e-01 2.480172305147e-04  1 1 1   0.00   0.00   0.00  
C  3.996639511326e-01 1.994643154001e-01 1.698636233515e-01  1 1 1   0.00   0.00   0.00  
C  4.658919635825e-01 2.661085175401e-01 1.694611529063e-01  1 1 1   0.00   0.00   0.00  
C  4.999313866413e-01 1.999238140471e-01 3.221858264800e-04  1 1 1   0.00   0.00   0.00  
C  5.332731572404e-01 2.332503152672e-01 9.998232456867e-01  1 1 1   0.00   0.00   0.00  
C  4.995685971585e-01 1.996960658219e-01 1.699901734700e-01  1 1 1   0.00   0.00   0.00  
C  5.654698849409e-01 2.676962519698e-01 1.690931053064e-01  1 1 1   0.00   0.00   0.00  
C  5.999400880087e-01 1.999181985538e-01 2.323059357174e-04  1 1 1   0.00   0.00   0.00  
C  6.332703378597e-01 2.332503596981e-01 7.381598297570e-05  1 1 1   0.00   0.00   0.00  
C  5.992890084437e-01 2.007859891136e-01 1.696550127641e-01  1 1 1   0.00   0.00   0.00  
C  6.643145475337e-01 2.690647815487e-01 1.698826388517e-01  1 1 1   0.00   0.00   0.00  
C  6.999345492827e-01 1.999211770082e-01 4.509699837988e-04  1 1 1   0.00   0.00   0.00  
C  7.332635097883e-01 2.332637299924e-01 4.114858884150e-04  1 1 1   0.00   0.00   0.00  
C  6.983443447667e-01 2.019639671242e-01 1.698201489471e-01  1 1 1   0.00   0.00   0.00  
C  7.648247377310e-01 2.684891954107e-01 1.689384232302e-01  1 1 1   0.00   0.00   0.00  
C  7.999287127569e-01 1.999327329737e-01 5.091990722553e-04  1 1 1   0.00   0.00   0.00  
C  8.332629735588e-01 2.332687199322e-01 4.448448155124e-04  1 1 1   0.00   0.00   0.00  
C  7.986125120731e-01 2.014919230396e-01 1.692268273469e-01  1 1 1   0.00   0.00   0.00  
C  8.658756593378e-01 2.673338119670e-01 1.693061290047e-01  1 1 1   0.00   0.00   0.00  
C  8.999296649733e-01 1.999308296473e-01 4.811488120639e-04  1 1 1   0.00   0.00   0.00  
C  9.332633162121e-01 2.332674670283e-01 4.534255838640e-04  1 1 1   0.00   0.00   0.00  
C  8.992796161893e-01 2.006082417590e-01 1.694124652965e-01  1 1 1   0.00   0.00   0.00  
C  9.662124988361e-01 2.668107819523e-01 1.697020810162e-01  1 1 1   0.00   0.00   0.00  
C  9.999295126275e-01 2.999281584503e-01 5.151697194689e-04  1 1 1   0.00   0.00   0.00  
C  3.325873210177e-02 3.332571444388e-01 5.251435865328e-04  1 1 1   0.00   0.00   0.00  
C  9.996329589579e-01 3.000309371940e-01 1.697228645456e-01  1 1 1   0.00   0.00   0.00  
C  6.639877352166e-02 3.665217959095e-01 1.697695715046e-01  1 1 1   0.00   0.00   0.00  
C  9.992465455698e-02 2.999232716693e-01 5.745632315182e-04  1 1 1   0.00   0.00   0.00  
C  1.332520619928e-01 3.332482421460e-01 6.074700961061e-04  1 1 1   0.00   0.00   0.00  
C  9.963818646325e-02 2.998164811652e-01 1.697090025044e-01  1 1 1   0.00   0.00   0.00  
C  1.662423929260e-01 3.663358306847e-01 1.697984244501e-01  1 1 1   0.00   0.00   0.00  
C  1.999220260518e-01 2.999206790116e-01 6.405257594520e-04  1 1 1   0.00   0.00   0.00  
C  2.332549169965e-01 3.332529354138e-01 5.858273004917e-04  1 1 1   0.00   0.00   0.00  
C  1.995523395711e-01 2.996632831562e-01 1.696491764483e-01  1 1 1   0.00   0.00   0.00  
C  2.659789530733e-01 3.661200140164e-01 1.695613016950e-01  1 1 1   0.00   0.00   0.00  
C  2.999258265008e-01 2.999258265008e-01 4.875568684067e-04  1 1 1   0.00   0.00   0.00  
C  3.332631092472e-01 3.332631092472e-01 9.999083788809e-01  1 1 1   0.00   0.00   0.00  
C  2.994332074907e-01 2.994332074907e-01 1.694705098782e-01  1 1 1   0.00   0.00   0.00  
C  3.656525944442e-01 3.656525944442e-01 1.671422520660e-01  1 1 1   0.00   0.00   0.00  
C  3.999308326988e-01 2.999270617826e-01 9.996422601798e-01  1 1 1   0.00   0.00   0.00  
C  4.332658147546e-01 3.332554937099e-01 9.986604544873e-01  1 1 1   0.00   0.00   0.00  
C  3.993472246065e-01 2.990799376314e-01 1.687807346738e-01  1 1 1   0.00   0.00   0.00  
C  4.650028335927e-01 3.655068703177e-01 1.636863813753e-01  1 1 1   0.00   0.00   0.00  
C  4.999359025837e-01 2.999110350594e-01 9.988378654971e-01  1 1 1   0.00   0.00   0.00  
C  5.332683474075e-01 3.332461022871e-01 9.984923755857e-01  1 1 1   0.00   0.00   0.00  
C  4.990772740482e-01 2.994227736007e-01 1.685332023770e-01  1 1 1   0.00   0.00   0.00  
C  5.622548047406e-01 3.705783874455e-01 1.674745217849e-01  1 1 1   0.00   0.00   0.00  
C  5.999366630295e-01 2.999130960594e-01 9.994649736982e-01  1 1 1   0.00   0.00   0.00  
C  6.332619139879e-01 3.332552973230e-01 9.998497524040e-01  1 1 1   0.00   0.00   0.00  
C  5.972607723068e-01 3.027239646027e-01 1.692280869731e-01  1 1 1   0.00   0.00   0.00  
C  6.640427359114e-01 3.696248294778e-01 1.700815825608e-01  1 1 1   0.00   0.00   0.00  
C  6.999327834883e-01 2.999315243811e-01 3.459183982725e-04  1 1 1   0.00   0.00   0.00  
C  7.332674150663e-01 3.332616769415e-01 4.942757722599e-04  1 1 1   0.00   0.00   0.00  
C  6.977174383585e-01 3.025445248729e-01 1.690814799611e-01  1 1 1   0.00   0.00   0.00  
C  7.659996360957e-01 3.675650793979e-01 1.692229423803e-01  1 1 1   0.00   0.00   0.00  
C  7.999333418910e-01 2.999340323401e-01 4.712460461716e-04  1 1 1   0.00   0.00   0.00  
C  8.332656702522e-01 3.332703991675e-01 4.347200630019e-04  1 1 1   0.00   0.00   0.00  
C  7.990060576199e-01 3.010694469289e-01 1.690542422826e-01  1 1 1   0.00   0.00   0.00  
C  8.663634446851e-01 3.670688276931e-01 1.693211305927e-01  1 1 1   0.00   0.00   0.00  
C  8.999333121327e-01 2.999340100497e-01 4.457734008128e-04  1 1 1   0.00   0.00   0.00  
C  9.332624045152e-01 3.332668508747e-01 4.432232477300e-04  1 1 1   0.00   0.00   0.00  
C  8.994617050327e-01 3.004005930792e-01 1.694705119130e-01  1 1 1   0.00   0.00   0.00  
C  9.664572512737e-01 3.667510018787e-01 1.696860451261e-01  1 1 1   0.00   0.00   0.00  
C  9.999268814233e-01 3.999261089269e-01 5.434210988026e-04  1 1 1   0.00   0.00   0.00  
C  3.325210067165e-02 4.332496911818e-01 5.823153705116e-04  1 1 1   0.00   0.00   0.00  
C  9.998115552954e-01 4.000386435000e-01 1.697306577076e-01  1 1 1   0.00   0.00   0.00  
C  6.656928766660e-02 4.665567288846e-01 1.698324897049e-01  1 1 1   0.00   0.00   0.00  
C  9.992232210480e-02 3.999167954149e-01 6.581511859892e-04  1 1 1   0.00   0.00   0.00  
C  1.332529857638e-01 4.332475785661e-01 6.763615704373e-04  1 1 1   0.00   0.00   0.00  
C  9.967669147708e-02 3.998358106444e-01 1.697800703126e-01  1 1 1   0.00   0.00   0.00  
C  1.663732502738e-01 4.663382630904e-01 1.699736395946e-01  1 1 1   0.00   0.00   0.00  
C  1.999219380748e-01 3.999221098490e-01 6.100327042289e-04  1 1 1   0.00   0.00   0.00  
C  2.332563755961e-01 4.332644743169e-01 2.480172305147e-04  1 1 1   0.00   0.00   0.00  
C  1.994643154001e-01 3.996639511326e-01 1.698636233515e-01  1 1 1   0.00   0.00   0.00  
C  2.661085175401e-01 4.658919635825e-01 1.694611529063e-01  1 1 1   0.00   0.00   0.00  
C  2.999270617826e-01 3.999308326988e-01 9.996422601798e-01  1 1 1   0.00   0.00   0.00  
C  3.332554937099e-01 4.332658147546e-01 9.986604544873e-01  1 1 1   0.00   0.00   0.00  
C  2.990799376314e-01 3.993472246065e-01 1.687807346738e-01  1 1 1   0.00   0.00   0.00  
C  3.655068703177e-01 4.650028335927e-01 1.636863813753e-01  1 1 1   0.00   0.00   0.00  
C  3.999335115987e-01 3.999335115987e-01 9.979798699823e-01  1 1 1   0.00   0.00   0.00  
C  4.332657631234e-01 4.332657631234e-01 9.973457206085e-01  1 1 1   0.00   0.00   0.00  
C  3.984813987203e-01 3.984813987203e-01 1.632546583321e-01  1 1 1   0.00   0.00   0.00  
C  4.999365925978e-01 3.999172807733e-01 9.978416435978e-01  1 1 1   0.00   0.00   0.00  
C  5.332565597375e-01 4.332423854510e-01 9.989688163786e-01  1 1 1   0.00   0.00   0.00  
C  4.967894767171e-01 3.991088170086e-01 1.587382719606e-01  1 1 1   0.00   0.00   0.00  
C  5.677168043464e-01 4.700983492474e-01 1.822093527305e-01  1 1 1   0.00   0.00   0.00  
C  5.999042777820e-01 3.999220980832e-01 9.999318648070e-01  1 1 1   0.00   0.00   0.00  
C  6.332486532994e-01 4.332454675573e-01 8.404663621719e-04  1 1 1   0.00   0.00   0.00  
C  5.961635666008e-01 4.046856527513e-01 1.728104198296e-01  1 1 1   0.00   0.00   0.00  
C  6.673509939554e-01 4.677677619387e-01 1.704280039733e-01  1 1 1   0.00   0.00   0.00  
C  6.999194187372e-01 3.999237667846e-01 7.726099806608e-04  1 1 1   0.00   0.00   0.00  
C  7.332531123915e-01 4.332554932210e-01 7.639525417469e-04  1 1 1   0.00   0.00   0.00  
C  6.990946831358e-01 4.013728139230e-01 1.699042599134e-01  1 1 1   0.00   0.00   0.00  
C  7.671001646045e-01 4.672785682871e-01 1.688205650749e-01  1 1 1   0.00   0.00   0.00  
C  7.999246950681e-01 3.999332479429e-01 5.270399919075e-04  1 1 1   0.00   0.00   0.00  
C  8.332583946963e-01 4.332695753546e-01 4.241824246866e-04  1 1 1   0.00   0.00   0.00  
C  7.997214557564e-01 4.006098895421e-01 1.690634739114e-01  1 1 1   0.00   0.00   0.00  
C  8.669541618360e-01 4.669612716508e-01 1.693614943702e-01  1 1 1   0.00   0.00   0.00  
C  8.999243402144e-01 3.999378505311e-01 4.424319931047e-04  1 1 1   0.00   0.00   0.00  
C  9.332583725006e-01 4.332656621688e-01 4.497975202995e-04  1 1 1   0.00   0.00   0.00  
C  8.998650542831e-01 4.002890163630e-01 1.694475399530e-01  1 1 1   0.00   0.00   0.00  
C  9.667650912929e-01 4.667466376335e-01 1.697395439869e-01  1 1 1   0.00   0.00   0.00  
C  9.999219010365e-01 4.999197144072e-01 6.100659475041e-04  1 1 1   0.00   0.00   0.00  
C  3.325109089432e-02 5.332488743672e-01 6.446817833764e-04  1 1 1   0.00   0.00   0.00  
C  5.575751887810e-05 5.000821937777e-01 1.697699776509e-01  1 1 1   0.00   0.00   0.00  
C  6.694957822403e-02 5.665494244122e-01 1.698805734601e-01  1 1 1   0.00   0.00   0.00  
C  9.992139613551e-02 4.999152704260e-01 7.179784778235e-04  1 1 1   0.00   0.00   0.00  
C  1.332502697722e-01 5.332514471466e-01 6.273093393940e-04  1 1 1   0.00   0.00   0.00  
C  9.985426565105e-02 4.998735977776e-01 1.698805393340e-01  1 1 1   0.00   0.00   0.00  
C  1.670763166160e-01 5.662398169698e-01 1.698981448582e-01  1 1 1   0.00   0.00   0.00  
C  1.999238140471e-01 4.999313866413e-01 3.221858264800e-04  1 1 1   0.00   0.00   0.00  
C  2.332503152672e-01 5.332731572404e-01 9.998232456867e-01  1 1 1   0.00   0.00   0.00  
C  1.996960658219e-01 4.995685971585e-01 1.699901734700e-01  1 1 1   0.00   0.00   0.00  
C  2.676962519698e-01 5.654698849409e-01 1.690931053064e-01  1 1 1   0.00   0.00   0.00  
C  2.999110350594e-01 4.999359025837e-01 9.988378654971e-01  1 1 1   0.00   0.00   0.00  
C  3.332461022871e-01 5.332683474075e-01 9.984923755857e-01  1 1 1   0.00   0.00   0.00  
C  2.994227736007e-01 4.990772740482e-01 1.685332023770e-01  1 1 1   0.00   0.00   0.00  
C  3.705783874455e-01 5.622548047406e-01 1.674745217849e-01  1 1 1   0.00   0.00   0.00  
C  3.999172807733e-01 4.999365925978e-01 9.978416435978e-01  1 1 1   0.00   0.00   0.00  
C  4.332423854510e-01 5.332565597375e-01 9.989688163786e-01  1 1 1   0.00   0.00   0.00  
C  3.991088170086e-01 4.967894767171e-01 1.587382719606e-01  1 1 1   0.00   0.00   0.00  
C  4.700983492474e-01 5.677168043464e-01 1.822093527305e-01  1 1 1   0.00   0.00   0.00  
C  4.999037100929e-01 4.999037100929e-01 9.997923446600e-01  1 1 1   0.00   0.00   0.00  
C  5.332295856076e-01 5.332295856076e-01 1.189699694626e-03  1 1 1   0.00   0.00   0.00  
C  5.683478359466e-01 5.683478359466e-01 1.761994272126e-01  1 1 1   0.00   0.00   0.00  
C  5.999139434323e-01 4.999033553819e-01 1.391065025619e-03  1 1 1   0.00   0.00   0.00  
C  6.332462693478e-01 5.332424703770e-01 1.396616243008e-03  1 1 1   0.00   0.00   0.00  
C  6.013202479379e-01 5.018177300323e-01 1.760437079667e-01  1 1 1   0.00   0.00   0.00  
C  6.677378526675e-01 5.674890611875e-01 1.697474610915e-01  1 1 1   0.00   0.00   0.00  
C  6.999140725689e-01 4.999189885977e-01 9.781406484243e-04  1 1 1   0.00   0.00   0.00  
C  7.332507882317e-01 5.332567015126e-01 6.356769325619e-04  1 1 1   0.00   0.00   0.00  
C  7.006911462992e-01 5.009441821122e-01 1.691717633540e-01  1 1 1   0.00   0.00   0.00  
C  7.673561347934e-01 5.671699638072e-01 1.689173011846e-01  1 1 1   0.00   0.00   0.00  
C  7.999234261538e-01 4.999372315671e-01 4.491030714167e-04  1 1 1   0.00   0.00   0.00  
C  8.332600929051e-01 5.332667272682e-01 3.907336297926e-04  1 1 1   0.00   0.00   0.00  
C  8.004354511242e-01 5.004988559451e-01 1.689700670578e-01  1 1 1   0.00   0.00   0.00  
C  8.671378480592e-01 5.669810745424e-01 1.694633282280e-01  1 1 1   0.00   0.00   0.00  
C  8.999282668579e-01 4.999307858974e-01 4.537949431644e-04  1 1 1   0.00   0.00   0.00  
C  9.332580715689e-01 5.332588357258e-01 5.050005175755e-04  1 1 1   0.00   0.00   0.00  
C  9.002511075955e-01 5.002681237618e-01 1.695428169262e-01  1 1 1   0.00   0.00   0.00  
C  9.670030602036e-01 5.667854493383e-01 1.697524478915e-01  1 1 1   0.00   0.00   0.00  
C  9.999204054026e-01 5.999134178998e-01 6.466084861800e-04  1 1 1   0.00   0.00   0.00  
C  3.325100644642e-02 6.332497887704e-01 6.515356494824e-04  1 1 1   0.00   0.00   0.00  
C  3.495515576950e-04 6.000765437711e-01 1.697569367140e-01  1 1 1   0.00   0.00   0.00  
C  6.730687913716e-02 6.664501583833e-01 1.697414996882e-01  1 1 1   0.00   0.00   0.00  
C  9.991464590127e-02 5.999175931722e-01 6.644021358288e-04  1 1 1   0.00   0.00   0.00  
C  1.332456410256e-01 6.332580204810e-01 5.648449891232e-04  1 1 1   0.00   0.00   0.00  
C  1.004323696070e-01 5.997812779606e-01 1.698722073804e-01  1 1 1   0.00   0.00   0.00  
C  1.677638551906e-01 6.657830010020e-01 1.698106277448e-01  1 1 1   0.00   0.00   0.00  
C  1.999181985538e-01 5.999400880087e-01 2.323059357174e-04  1 1 1   0.00   0.00   0.00  
C  2.332503596981e-01 6.332703378597e-01 7.381598297570e-05  1 1 1   0.00   0.00   0.00  
C  2.007859891136e-01 5.992890084437e-01 1.696550127641e-01  1 1 1   0.00   0.00   0.00  
C  2.690647815487e-01 6.643145475337e-01 1.698826388517e-01  1 1 1   0.00   0.00   0.00  
C  2.999130960594e-01 5.999366630295e-01 9.994649736982e-01  1 1 1   0.00   0.00   0.00  
C  3.332552973230e-01 6.332619139879e-01 9.998497524040e-01  1 1 1   0.00   0.00   0.00  
C  3.027239646027e-01 5.972607723068e-01 1.692280869731e-01  1 1 1   0.00   0.00   0.00  
C  3.696248294778e-01 6.640427359114e-01 1.700815825608e-01  1 1 1   0.00   0.00   0.00  
C  3.999220980832e-01 5.999042777820e-01 9.999318648070e-01  1 1 1   0.00   0.00   0.00  
C  4.332454675573e-01 6.332486532994e-01 8.404663621719e-04  1 1 1   0.00   0.00   0.00  
C  4.046856527513e-01 5.961635666008e-01 1.728104198296e-01  1 1 1   0.00   0.00   0.00  
C  4.677677619387e-01 6.673509939554e-01 1.704280039733e-01  1 1 1   0.00   0.00   0.00  
C  4.999033553819e-01 5.999139434323e-01 1.391065025619e-03  1 1 1   0.00   0.00   0.00  
C  5.332424703770e-01 6.332462693478e-01 1.396616243008e-03  1 1 1   0.00   0.00   0.00  
C  5.018177300323e-01 6.013202479379e-01 1.760437079667e-01  1 1 1   0.00   0.00   0.00  
C  5.674890611875e-01 6.677378526675e-01 1.697474610915e-01  1 1 1   0.00   0.00   0.00  
C  5.999171214515e-01 5.999171214515e-01 1.343082325577e-03  1 1 1   0.00   0.00   0.00  
C  6.332468028627e-01 6.332468028627e-01 8.591733059521e-04  1 1 1   0.00   0.00   0.00  
C  6.011698716935e-01 6.011698716935e-01 1.715457651737e-01  1 1 1   0.00   0.00   0.00  
C  6.673951647908e-01 6.673951647908e-01 1.690531476852e-01  1 1 1   0.00   0.00   0.00  
C  6.999218327085e-01 5.999207758026e-01 6.395255743215e-04  1 1 1   0.00   0.00   0.00  
C  7.332585562127e-01 6.332560139091e-01 4.226096563952e-04  1 1 1   0.00   0.00   0.00  
C  7.008455117051e-01 6.007152528482e-01 1.689593261855e-01  1 1 1   0.00   0.00   0.00  
C  7.672623627593e-01 6.671453181384e-01 1.692632780449e-01  1 1 1   0.00   0.00   0.00  
C  7.999236975337e-01 5.999346181458e-01 4.127434547078e-04  1 1 1   0.00   0.00   0.00  
C  8.332573942433e-01 6.332664352419e-01 4.299918139593e-04  1 1 1   0.00   0.00   0.00  
C  8.005813168583e-01 6.004834197427e-01 1.691584216344e-01  1 1 1   0.00   0.00   0.00  
C  8.671539794214e-01 6.669890146577e-01 1.695580590025e-01  1 1 1   0.00   0.00   0.00  
C  8.999242137992e-01 5.999297129304e-01 5.199540761007e-04  1 1 1   0.00   0.00   0.00  
C  9.332529690992e-01 6.332539870375e-01 5.525800221748e-04  1 1 1   0.00   0.00   0.00  
C  9.004091879757e-01 6.002925474615e-01 1.695932101417e-01  1 1 1   0.00   0.00   0.00  
C  9.671454410076e-01 6.667914218679e-01 1.696901991865e-01  1 1 1   0.00   0.00   0.00  
C  9.999183243470e-01 6.999176901209e-01 6.413249271100e-04  1 1 1   0.00   0.00   0.00  
C  3.324792147385e-02 7.332497830960e-01 6.274720082226e-04  1 1 1   0.00   0.00   0.00  
C  5.518968231939e-04 7.000215666003e-01 1.696430793154e-01  1 1 1   0.00   0.00   0.00  
C  6.748591193721e-02 7.662401639610e-01 1.696467298899e-01  1 1 1   0.00   0.00   0.00  
C  9.991893333358e-02 6.999179794422e-01 6.468171610700e-04  1 1 1   0.00   0.00   0.00  
C  1.332539254594e-01 7.332504331341e-01 5.826783616084e-04  1 1 1   0.00   0.00   0.00  
C  1.008863147085e-01 6.995229142040e-01 1.697053885698e-01  1 1 1   0.00   0.00   0.00  
C  1.681767672460e-01 7.653285706145e-01 1.695109071496e-01  1 1 1   0.00   0.00   0.00  
C  1.999211770082e-01 6.999345492827e-01 4.509699837988e-04  1 1 1   0.00   0.00   0.00  
C  2.332637299924e-01 7.332635097883e-01 4.114858884150e-04  1 1 1   0.00   0.00   0.00  
C  2.019639671242e-01 6.983443447667e-01 1.698201489471e-01  1 1 1   0.00   0.00   0.00  
C  2.684891954107e-01 7.648247377310e-01 1.689384232302e-01  1 1 1   0.00   0.00   0.00  
C  2.999315243811e-01 6.999327834883e-01 3.459183982725e-04  1 1 1   0.00   0.00   0.00  
C  3.332616769415e-01 7.332674150663e-01 4.942757722599e-04  1 1 1   0.00   0.00   0.00  
C  3.025445248729e-01 6.977174383585e-01 1.690814799611e-01  1 1 1   0.00   0.00   0.00  
C  3.675650793979e-01 7.659996360957e-01 1.692229423803e-01  1 1 1   0.00   0.00   0.00  
C  3.999237667846e-01 6.999194187372e-01 7.726099806608e-04  1 1 1   0.00   0.00   0.00  
C  4.332554932210e-01 7.332531123915e-01 7.639525417469e-04  1 1 1   0.00   0.00   0.00  
C  4.013728139230e-01 6.990946831358e-01 1.699042599134e-01  1 1 1   0.00   0.00   0.00  
C  4.672785682871e-01 7.671001646045e-01 1.688205650749e-01  1 1 1   0.00   0.00   0.00  
C  4.999189885977e-01 6.999140725689e-01 9.781406484243e-04  1 1 1   0.00   0.00   0.00  
C  5.332567015126e-01 7.332507882317e-01 6.356769325619e-04  1 1 1   0.00   0.00   0.00  
C  5.009441821122e-01 7.006911462992e-01 1.691717633540e-01  1 1 1   0.00   0.00   0.00  
C  5.671699638072e-01 7.673561347934e-01 1.689173011846e-01  1 1 1   0.00   0.00   0.00  
C  5.999207758026e-01 6.999218327085e-01 6.395255743215e-04  1 1 1   0.00   0.00   0.00  
C  6.332560139091e-01 7.332585562127e-01 4.226096563952e-04  1 1 1   0.00   0.00   0.00  
C  6.007152528482e-01 7.008455117051e-01 1.689593261855e-01  1 1 1   0.00   0.00   0.00  
C  6.671453181384e-01 7.672623627593e-01 1.692632780449e-01  1 1 1   0.00   0.00   0.00  
C  6.999299867759e-01 6.999299867759e-01 4.233945120840e-04  1 1 1   0.00   0.00   0.00  
C  7.332595388775e-01 7.332595388775e-01 4.164104317222e-04  1 1 1   0.00   0.00   0.00  
C  7.006004148301e-01 7.006004148301e-01 1.691318734829e-01  1 1 1   0.00   0.00   0.00  
C  7.671301319896e-01 7.671301319896e-01 1.694992407723e-01  1 1 1   0.00   0.00   0.00  
C  7.999286372947e-01 6.999286862140e-01 4.738978452181e-04  1 1 1   0.00   0.00   0.00  
C  8.332615636393e-01 7.332580450018e-01 5.014839674360e-04  1 1 1   0.00   0.00   0.00  
C  8.005168097546e-01 7.004393119809e-01 1.694209416453e-01  1 1 1   0.00   0.00   0.00  
C  8.671247372560e-01 7.669859730364e-01 1.696052304215e-01  1 1 1   0.00   0.00   0.00  
C  8.999197168721e-01 6.999238371939e-01 5.573252615332e-04  1 1 1   0.00   0.00   0.00  
C  9.332520907626e-01 7.332581225260e-01 5.643828804261e-04  1 1 1   0.00   0.00   0.00  
C  9.004780778882e-01 7.002816930049e-01 1.695985719743e-01  1 1 1   0.00   0.00   0.00  
C  9.672103707794e-01 7.667197516231e-01 1.696423680977e-01  1 1 1   0.00   0.00   0.00  
C  9.999218600295e-01 7.999197758887e-01 6.094674003859e-04  1 1 1   0.00   0.00   0.00  
C  3.325515401897e-02 8.332530143210e-01 5.732847953687e-04  1 1 1   0.00   0.00   0.00  
C  6.643131941011e-04 7.999081518501e-01 1.696252789819e-01  1 1 1   0.00   0.00   0.00  
C  6.743634836444e-02 8.660837770476e-01 1.695810728347e-01  1 1 1   0.00   0.00   0.00  
C  9.992704114343e-02 7.999225014529e-01 6.003777710161e-04  1 1 1   0.00   0.00   0.00  
C  1.332624723715e-01 8.332554447178e-01 5.341012930321e-04  1 1 1   0.00   0.00   0.00  
C  1.011502775076e-01 7.992157343112e-01 1.695286382462e-01  1 1 1   0.00   0.00   0.00  
C  1.676175474370e-01 8.656317334726e-01 1.694024761445e-01  1 1 1   0.00   0.00   0.00  
C  1.999327329737e-01 7.999287127569e-01 5.091990722553e-04  1 1 1   0.00   0.00   0.00  
C  2.332687199322e-01 8.332629735588e-01 4.448448155124e-04  1 1 1   0.00   0.00   0.00  
C  2.014919230396e-01 7.986125120731e-01 1.692268273469e-01  1 1 1   0.00   0.00   0.00  
C  2.673338119670e-01 8.658756593378e-01 1.693061290047e-01  1 1 1   0.00   0.00   0.00  
C  2.999340323401e-01 7.999333418910e-01 4.712460461716e-04  1 1 1   0.00   0.00   0.00  
C  3.332703991675e-01 8.332656702522e-01 4.347200630019e-04  1 1 1   0.00   0.00   0.00  
C  3.010694469289e-01 7.990060576199e-01 1.690542422826e-01  1 1 1   0.00   0.00   0.00  
C  3.670688276931e-01 8.663634446851e-01 1.693211305927e-01  1 1 1   0.00   0.00   0.00  
C  3.999332479429e-01 7.999246950681e-01 5.270399919075e-04  1 1 1   0.00   0.00   0.00  
C  4.332695753546e-01 8.332583946963e-01 4.241824246866e-04  1 1 1   0.00   0.00   0.00  
C  4.006098895421e-01 7.997214557564e-01 1.690634739114e-01  1 1 1   0.00   0.00   0.00  
C  4.669612716508e-01 8.669541618360e-01 1.693614943702e-01  1 1 1   0.00   0.00   0.00  
C  4.999372315671e-01 7.999234261538e-01 4.491030714167e-04  1 1 1   0.00   0.00   0.00  
C  5.332667272682e-01 8.332600929051e-01 3.907336297926e-04  1 1 1   0.00   0.00   0.00  
C  5.004988559451e-01 8.004354511242e-01 1.689700670578e-01  1 1 1   0.00   0.00   0.00  
C  5.669810745424e-01 8.671378480592e-01 1.694633282280e-01  1 1 1   0.00   0.00   0.00  
C  5.999346181458e-01 7.999236975337e-01 4.127434547078e-04  1 1 1   0.00   0.00   0.00  
C  6.332664352419e-01 8.332573942433e-01 4.299918139593e-04  1 1 1   0.00   0.00   0.00  
C  6.004834197427e-01 8.005813168583e-01 1.691584216344e-01  1 1 1   0.00   0.00   0.00  
C  6.669890146577e-01 8.671539794214e-01 1.695580590025e-01  1 1 1   0.00   0.00   0.00  
C  6.999286862140e-01 7.999286372947e-01 4.738978452181e-04  1 1 1   0.00   0.00   0.00  
C  7.332580450018e-01 8.332615636393e-01 5.014839674360e-04  1 1 1   0.00   0.00   0.00  
C  7.004393119809e-01 8.005168097546e-01 1.694209416453e-01  1 1 1   0.00   0.00   0.00  
C  7.669859730364e-01 8.671247372560e-01 1.696052304215e-01  1 1 1   0.00   0.00   0.00  
C  7.999281450825e-01 7.999281450825e-01 5.351087795376e-04  1 1 1   0.00   0.00   0.00  
C  8.332557875245e-01 8.332557875245e-01 5.357235531359e-04  1 1 1   0.00   0.00   0.00  
C  8.004235225346e-01 8.004235225346e-01 1.695574439096e-01  1 1 1   0.00   0.00   0.00  
C  8.670042325224e-01 8.670042325224e-01 1.696648419605e-01  1 1 1   0.00   0.00   0.00  
C  8.999238125974e-01 7.999177634384e-01 5.704836624793e-04  1 1 1   0.00   0.00   0.00  
C  9.332585966481e-01 8.332531202024e-01 5.548116467815e-04  1 1 1   0.00   0.00   0.00  
C  9.004623714829e-01 8.002644239557e-01 1.696170249365e-01  1 1 1   0.00   0.00   0.00  
C  9.671259052955e-01 8.666915383828e-01 1.696735422404e-01  1 1 1   0.00   0.00   0.00  
C  9.999290163112e-01 8.999204523524e-01 5.698044665166e-04  1 1 1   0.00   0.00   0.00  
C  3.326126879068e-02 9.332550943550e-01 5.309563488064e-04  1 1 1   0.00   0.00   0.00  
C  5.125980531206e-04 8.998863539568e-01 1.696548179241e-01  1 1 1   0.00   0.00   0.00  
C  6.694111791130e-02 9.662917968082e-01 1.697156698427e-01  1 1 1   0.00   0.00   0.00  
C  9.992853030388e-02 8.999233702572e-01 5.407961892619e-04  1 1 1   0.00   0.00   0.00  
C  1.332657492680e-01 9.332606109861e-01 4.963657765184e-04  1 1 1   0.00   0.00   0.00  
C  1.007434862740e-01 8.993649832097e-01 1.695493929094e-01  1 1 1   0.00   0.00   0.00  
C  1.669265732407e-01 9.661027185723e-01 1.696714801298e-01  1 1 1   0.00   0.00   0.00  
C  1.999308296473e-01 8.999296649733e-01 4.811488120639e-04  1 1 1   0.00   0.00   0.00  
C  2.332674670283e-01 9.332633162121e-01 4.534255838640e-04  1 1 1   0.00   0.00   0.00  
C  2.006082417590e-01 8.992796161893e-01 1.694124652965e-01  1 1 1   0.00   0.00   0.00  
C  2.668107819523e-01 9.662124988361e-01 1.697020810162e-01  1 1 1   0.00   0.00   0.00  
C  2.999340100497e-01 8.999333121327e-01 4.457734008128e-04  1 1 1   0.00   0.00   0.00  
C  3.332668508747e-01 9.332624045152e-01 4.432232477300e-04  1 1 1   0.00   0.00   0.00  
C  3.004005930792e-01 8.994617050327e-01 1.694705119130e-01  1 1 1   0.00   0.00   0.00  
C  3.667510018787e-01 9.664572512737e-01 1.696860451261e-01  1 1 1   0.00   0.00   0.00  
C  3.999378505311e-01 8.999243402144e-01 4.424319931047e-04  1 1 1   0.00   0.00   0.00  
C  4.332656621688e-01 9.332583725006e-01 4.497975202995e-04  1 1 1   0.00   0.00   0.00  
C  4.002890163630e-01 8.998650542831e-01 1.694475399530e-01  1 1 1   0.00   0.00   0.00  
C  4.667466376335e-01 9.667650912929e-01 1.697395439869e-01  1 1 1   0.00   0.00   0.00  
C  4.999307858974e-01 8.999282668579e-01 4.537949431644e-04  1 1 1   0.00   0.00   0.00  
C  5.332588357258e-01 9.332580715689e-01 5.050005175755e-04  1 1 1   0.00   0.00   0.00  
C  5.002681237618e-01 9.002511075955e-01 1.695428169262e-01  1 1 1   0.00   0.00   0.00  
C  5.667854493383e-01 9.670030602036e-01 1.697524478915e-01  1 1 1   0.00   0.00   0.00  
C  5.999297129304e-01 8.999242137992e-01 5.199540761007e-04  1 1 1   0.00   0.00   0.00  
C  6.332539870375e-01 9.332529690992e-01 5.525800221748e-04  1 1 1   0.00   0.00   0.00  
C  6.002925474615e-01 9.004091879757e-01 1.695932101417e-01  1 1 1   0.00   0.00   0.00  
C  6.667914218679e-01 9.671454410076e-01 1.696901991865e-01  1 1 1   0.00   0.00   0.00  
C  6.999238371939e-01 8.999197168721e-01 5.573252615332e-04  1 1 1   0.00   0.00   0.00  
C  7.332581225260e-01 9.332520907626e-01 5.643828804261e-04  1 1 1   0.00   0.00   0.00  
C  7.002816930049e-01 9.004780778882e-01 1.695985719743e-01  1 1 1   0.00   0.00   0.00  
C  7.667197516231e-01 9.672103707794e-01 1.696423680977e-01  1 1 1   0.00   0.00   0.00  
C  7.999177634384e-01 8.999238125974e-01 5.704836624793e-04  1 1 1   0.00   0.00   0.00  
C  8.332531202024e-01 9.332585966481e-01 5.548116467815e-04  1 1 1   0.00   0.00   0.00  
C  8.002644239557e-01 9.004623714829e-01 1.696170249365e-01  1 1 1   0.00   0.00   0.00  
C  8.666915383828e-01 9.671259052955e-01 1.696735422404e-01  1 1 1   0.00   0.00   0.00  
C  8.999240819436e-01 8.999240819436e-01 5.717720053468e-04  1 1 1   0.00   0.00   0.00  
C  9.332555094605e-01 9.332555094605e-01 5.413925953576e-04  1 1 1   0.00   0.00   0.00  
C  9.003127225911e-01 9.003127225911e-01 1.696615891032e-01  1 1 1   0.00   0.00   0.00  
C  9.667706028346e-01 9.667706028346e-01 1.697161309525e-01  1 1 1   0.00   0.00   0.00  
O  5.057179183350e-01 5.057179183350e-01 2.025919132143e-01  1 1 1   0.00   0.00   0.00  
O  4.615168990469e-01 4.615168990469e-01 1.405440425103e-01  1 1 1   0.00   0.00   0.00  
"  
