
  &&electric field in cartesian unit:  1.000000e-03  0.000000e+00  0.000000e+00 
  &&dipole at groud state:   -1.6413112502e-07    8.8034132330e-08    6.4455337649e-08 
  0.000000   -4.1666466281e-05    8.6739761866e-08    6.4736537604e-08 
  0.200000   -4.1421044727e-05    8.6677986129e-08    6.4788010121e-08 
  0.400000   -4.0932277651e-05    8.6619851938e-08    6.4843051693e-08 
  0.600000   -4.0208562078e-05    8.6566815262e-08    6.4900685644e-08 
  0.800000   -3.9259141129e-05    8.6520002573e-08    6.4959709834e-08 
  1.000000   -3.8095196925e-05    8.6480382751e-08    6.5018843710e-08 
  1.200000   -3.6736387360e-05    8.6448757700e-08    6.5077022286e-08 
  1.400000   -3.5197881993e-05    8.6426057085e-08    6.5132795094e-08 
  1.600000   -3.3501761322e-05    8.6412866212e-08    6.5185248400e-08 
  1.800000   -3.1668686249e-05    8.6409359214e-08    6.5233263181e-08 
  2.000000   -2.9725064482e-05    8.6415609498e-08    6.5276155725e-08 
  2.200000   -2.7693665318e-05    8.6431199852e-08    6.5313077231e-08 
  2.400000   -2.5599731179e-05    8.6455821872e-08    6.5343274270e-08 
  2.600000   -2.3469345333e-05    8.6489145228e-08    6.5366190689e-08 
  2.800000   -2.1327816054e-05    8.6530559713e-08    6.5381448587e-08 
  3.000000   -1.9200387235e-05    8.6579472400e-08    6.5388840744e-08 
  3.200000   -1.7109885162e-05    8.6634772893e-08    6.5388175414e-08 
  3.400000   -1.5078423256e-05    8.6695372632e-08    6.5379299142e-08 
  3.600000   -1.3125983428e-05    8.6760048318e-08    6.5362314250e-08 
  3.800000   -1.1271387342e-05    8.6827371026e-08    6.5337474066e-08 
  4.000000   -9.5301144281e-06    8.6895972874e-08    6.5305104492e-08 
  4.200000   -7.9155311210e-06    8.6964498528e-08    6.5265837165e-08 
  4.400000   -6.5298682892e-06    8.7030206002e-08    6.5220313979e-08 
  4.600000   -5.1061087813e-06    8.7095435587e-08    6.5169196348e-08 
  4.800000   -3.9236618842e-06    8.7155242436e-08    6.5113488706e-08 
  5.000000   -2.8932872902e-06    8.7209476948e-08    6.5054244922e-08 
  5.200000   -2.0125556460e-06    8.7256980963e-08    6.4992449024e-08 
  5.400000   -1.2807546080e-06    8.7296673820e-08    6.4929086907e-08 
  5.600000   -6.8970852518e-07    8.7327505518e-08    6.4865272193e-08 
  5.800000   -2.3190820275e-07    8.7348728143e-08    6.4802211210e-08 
  6.000000    1.0248379667e-07    8.7359915561e-08    6.4741107599e-08 
  6.200000    3.2645755232e-07    8.7360710866e-08    6.4683161006e-08 
  6.400000    4.5243517410e-07    8.7351125394e-08    6.4629536387e-08 
  6.600000    4.9659385071e-07    8.7331247791e-08    6.4581218512e-08 
  6.800000    4.7241870160e-07    8.7301434685e-08    6.4539308331e-08 
  7.000000    3.9668425433e-07    8.7262288850e-08    6.4504752005e-08 
  7.200000    2.8605530067e-07    8.7214507467e-08    6.4478208656e-08 
  7.400000    1.5435252354e-07    8.7158940849e-08    6.4460243163e-08 
  7.600000    1.7712852074e-08    8.7096670869e-08    6.4451043756e-08 
  7.800000   -1.0954473006e-07    8.7028766852e-08    6.4450822625e-08 
  8.000000   -2.1532633265e-07    8.6956646112e-08    6.4459680335e-08 
  8.200000   -2.8687692477e-07    8.6881743246e-08    6.4477460904e-08 
  8.400000   -3.1505346765e-07    8.6805589858e-08    6.4503722388e-08 
  8.600000   -2.9081133268e-07    8.6729692279e-08    6.4537916833e-08 
  8.800000   -2.0850016924e-07    8.6655452306e-08    6.4579398578e-08 
  9.000000   -6.2918650734e-08    8.6584475601e-08    6.4627318682e-08 
  9.200000    1.4823921057e-07    8.6518141751e-08    6.4680934780e-08 
  9.400000    4.2520281496e-07    8.6458050937e-08    6.4739268262e-08 
  9.600000    7.3675035761e-07    8.6405301571e-08    6.4801108350e-08 
  9.800000    1.1716706982e-06    8.6360810496e-08    6.4865737937e-08 
  10.000000    1.6333878166e-06    8.6325247110e-08    6.4931636222e-08 
  10.200000    2.1459303795e-06    8.6299355519e-08    6.4997865314e-08 
  10.400000    2.7025124607e-06    8.6283630524e-08    6.5063128286e-08 
  10.600000    3.2944401620e-06    8.6278416487e-08    6.5126285703e-08 
  10.800000    3.9122769158e-06    8.6283929263e-08    6.5186129794e-08 
  11.000000    4.5463280446e-06    8.6300097209e-08    6.5241634875e-08 
  11.200000    5.1880468588e-06    8.6326764034e-08    6.5291594974e-08 
  11.400000    5.8255648075e-06    8.6363504348e-08    6.5335164906e-08 
  11.600000    6.4491894917e-06    8.6409763975e-08    6.5371432521e-08 
  11.800000    7.0499238283e-06    8.6464827708e-08    6.5399637983e-08 
  12.000000    7.5963927542e-06    8.6527795891e-08    6.5419275773e-08 
  12.200000    8.1482176143e-06    8.6597853893e-08    6.5430139134e-08 
  12.400000    8.6316228045e-06    8.6673594715e-08    6.5431894500e-08 
  12.600000    9.0620963471e-06    8.6753686716e-08    6.5424636005e-08 
  12.800000    9.4361866394e-06    8.6836497100e-08    6.5408556672e-08 
  13.000000    9.7505052475e-06    8.6920313439e-08    6.5384080181e-08 
  13.200000    1.0026231216e-05    8.7002274346e-08    6.5351728169e-08 
  13.400000    1.0194950496e-05    8.7085162969e-08    6.5312207080e-08 
  13.600000    1.0326514671e-05    8.7163231351e-08    6.5266205563e-08 
  13.800000    1.0398351683e-05    8.7236549741e-08    6.5214674403e-08 
  14.000000    1.0416715772e-05    8.7303424480e-08    6.5158520555e-08 
  14.200000    1.0384529539e-05    8.7362587763e-08    6.5098912334e-08 
  14.400000    1.0310353904e-05    8.7412923711e-08    6.5037094050e-08 
  14.600000    1.0198122622e-05    8.7453807713e-08    6.4973936255e-08 
  14.800000    1.0053659684e-05    8.7484282969e-08    6.4910456273e-08 
  15.000000    9.8874298392e-06    8.7503844457e-08    6.4847908038e-08 
  15.200000    9.7069676834e-06    8.7512222895e-08    6.4787305489e-08 
  15.400000    9.5185655090e-06    8.7509177989e-08    6.4729558249e-08 
  15.600000    9.3310887456e-06    8.7494774507e-08    6.4675545165e-08 
  15.800000    9.1508054852e-06    8.7469330049e-08    6.4626154324e-08 
  16.000000    8.9858715592e-06    8.7433167513e-08    6.4582474797e-08 
  16.200000    8.8417280711e-06    8.7387056279e-08    6.4545469965e-08 
  16.400000    8.7223012422e-06    8.7331485016e-08    6.4515530723e-08 
  16.600000    8.6340595596e-06    8.7267714745e-08    6.4493289685e-08 
  16.800000    8.5831611003e-06    8.7196880765e-08    6.4479021069e-08 
  17.000000    8.5620600803e-06    8.7120325682e-08    6.4473074944e-08 
  17.200000    8.5814034169e-06    8.7039270749e-08    6.4475367116e-08 
  17.400000    8.6386962833e-06    8.6955198972e-08    6.4485831169e-08 
  17.600000    8.7311492847e-06    8.6869658775e-08    6.4504198307e-08 
  17.800000    8.8603400273e-06    8.6784048238e-08    6.4530052585e-08 
  18.000000    9.0200797751e-06    8.6699835593e-08    6.4562875225e-08 
  18.200000    9.2074237964e-06    8.6618392067e-08    6.4602059789e-08 
  18.400000    9.4178686464e-06    8.6541385578e-08    6.4646608194e-08 
  18.600000    9.6469749028e-06    8.6470189395e-08    6.4695386070e-08 
  18.800000    9.8873261787e-06    8.6405908991e-08    6.4747528251e-08 
  19.000000    1.0134302300e-05    8.6349621405e-08    6.4801914127e-08 
  19.200000    1.0381724520e-05    8.6302247663e-08    6.4857529995e-08 
  19.400000    1.0622569396e-05    8.6264639659e-08    6.4913459586e-08 
  19.600000    1.0850767124e-05    8.6237295910e-08    6.4968476882e-08 
  19.800000    1.1061818391e-05    8.6220573880e-08    6.5021596239e-08 
  20.000000    1.1249787375e-05    8.6214649561e-08    6.5072030912e-08 
  20.200000    1.1408263203e-05    8.6219605744e-08    6.5119432532e-08 
  20.400000    1.1534670543e-05    8.6235286881e-08    6.5162636084e-08 
  20.600000    1.1642011567e-05    8.6259114618e-08    6.5198003415e-08 
  20.800000    1.1690700206e-05    8.6295219172e-08    6.5231812156e-08 
  21.000000    1.1691344871e-05    8.6341766759e-08    6.5260761922e-08 
  21.200000    1.1677573592e-05    8.6392579667e-08    6.5279056979e-08 
  21.400000    1.1559390046e-05    8.6460816617e-08    6.5298668234e-08 
  21.600000    1.1509958160e-05    8.6518441233e-08    6.5298612842e-08 
  21.800000    1.1373255220e-05    8.6589041704e-08    6.5297753786e-08 
  22.000000    1.1214936091e-05    8.6661630762e-08    6.5289522894e-08 
  22.200000    1.0981571453e-05    8.6743082837e-08    6.5277250579e-08 
  22.400000    1.0772206735e-05    8.6818504385e-08    6.5256630094e-08 
  22.600000    1.0527429971e-05    8.6895949923e-08    6.5231350231e-08 
  22.800000    1.0267024269e-05    8.6971853262e-08    6.5201359781e-08 
  23.000000    9.9920417618e-06    8.7045163940e-08    6.5167429463e-08 
  23.200000    9.7113678880e-06    8.7114472354e-08    6.5130305151e-08 
  23.400000    9.4282825698e-06    8.7178521015e-08    6.5090986113e-08 
  23.600000    9.1548605292e-06    8.7236411940e-08    6.5050389552e-08 
  23.800000    8.8884621265e-06    8.7287150605e-08    6.5009362032e-08 
  24.000000    8.6362413756e-06    8.7330195468e-08    6.4968657853e-08 
  24.200000    8.4011386864e-06    8.7364582855e-08    6.4929066587e-08 
  24.400000    8.1873789453e-06    8.7389710269e-08    6.4891386387e-08 
  24.600000    7.9969079891e-06    8.7405208352e-08    6.4856296709e-08 
  24.800000    7.8329225564e-06    8.7411057964e-08    6.4824651089e-08 
  25.000000    7.6954702496e-06    8.7407250183e-08    6.4796463438e-08 
  25.200000    7.5811875091e-06    8.7393872169e-08    6.4773000330e-08 
  25.400000    7.4965050512e-06    8.7371085510e-08    6.4753567450e-08 
  25.600000    7.4365169300e-06    8.7339463989e-08    6.4738805831e-08 
  25.800000    7.3989006593e-06    8.7299763234e-08    6.4728938265e-08 
  26.000000    7.3834074904e-06    8.7252869426e-08    6.4723958701e-08 
  26.200000    7.3838007584e-06    8.7199439511e-08    6.4723552082e-08 
  26.400000    7.3982617830e-06    8.7140882997e-08    6.4727743860e-08 
  26.600000    7.4234585825e-06    8.7078346893e-08    6.4736394441e-08 
  26.800000    7.4543688445e-06    8.7012862428e-08    6.4749076071e-08 
  27.000000    7.4847477775e-06    8.6945705955e-08    6.4765348363e-08 
  27.200000    7.5156799437e-06    8.6878150854e-08    6.4784641451e-08 
  27.400000    7.5374515200e-06    8.6811208283e-08    6.4806514837e-08 
  27.600000    7.5706174814e-06    8.6747909582e-08    6.4824820677e-08 
  27.800000    7.5368213903e-06    8.6683837970e-08    6.4855653565e-08 
  28.000000    7.5141746853e-06    8.6625319554e-08    6.4881688739e-08 
  28.200000    7.4668523106e-06    8.6571355254e-08    6.4907913579e-08 
  28.400000    7.3845901667e-06    8.6522465147e-08    6.4933911826e-08 
  28.600000    7.2971013285e-06    8.6480139765e-08    6.4958704903e-08 
  28.800000    7.1760485424e-06    8.6444741220e-08    6.4981616762e-08 
  29.000000    7.0204682242e-06    8.6416830006e-08    6.5001704489e-08 
  29.200000    6.8392616644e-06    8.6396543461e-08    6.5018534657e-08 
  29.400000    6.6333670211e-06    8.6384069190e-08    6.5031761730e-08 
  29.600000    6.4013681965e-06    8.6379390746e-08    6.5041101065e-08 
  29.800000    6.1444845962e-06    8.6382352580e-08    6.5046522747e-08 
  30.000000    5.8700804239e-06    8.6392808622e-08    6.5047882151e-08 
  30.200000    5.5767474799e-06    8.6410552497e-08    6.5045312429e-08 
  30.400000    5.2687471970e-06    8.6435203694e-08    6.5038832166e-08 
  30.600000    4.9533796500e-06    8.6466135468e-08    6.5028794750e-08 
  30.800000    4.6310482824e-06    8.6502906818e-08    6.5015480715e-08 
  31.000000    4.3065971800e-06    8.6544761837e-08    6.4999499266e-08 
  31.200000    3.9830395731e-06    8.6590649132e-08    6.4981163723e-08 
  31.400000    3.6648315414e-06    8.6639705196e-08    6.4960983683e-08 
  31.600000    3.3591673425e-06    8.6690730148e-08    6.4939463755e-08 
  31.800000    3.0653864421e-06    8.6742828422e-08    6.4917313382e-08 
  32.000000    2.7878428923e-06    8.6795084103e-08    6.4895060527e-08 
  32.200000    2.5288303552e-06    8.6846716103e-08    6.4873280851e-08 
  32.400000    2.2905629116e-06    8.6896734635e-08    6.4852626455e-08 
  32.600000    2.0748960748e-06    8.6944136717e-08    6.4833666015e-08 
  32.800000    1.8801709256e-06    8.6988300341e-08    6.4817032214e-08 
  33.000000    1.7032917636e-06    8.7028538547e-08    6.4803045391e-08 
  33.200000    1.5653650605e-06    8.7064012079e-08    6.4792716605e-08 
  33.400000    1.4412427818e-06    8.7094393857e-08    6.4786173404e-08 
  33.600000    1.3370029460e-06    8.7119057599e-08    6.4783922989e-08 
  33.800000    1.2513791618e-06    8.7137849614e-08    6.4786238820e-08 
  34.000000    1.1833174836e-06    8.7150786164e-08    6.4793205254e-08 
  34.200000    1.1260562199e-06    8.7158043146e-08    6.4804750125e-08 
  34.400000    1.0860018441e-06    8.7159612106e-08    6.4820773165e-08 
  34.600000    1.0412082952e-06    8.7155479847e-08    6.4840934045e-08 
  34.800000    1.0037347790e-06    8.7145872910e-08    6.4865071320e-08 
  35.000000    9.6746914291e-07    8.7131006313e-08    6.4892690547e-08 
  35.200000    9.2733602020e-07    8.7111327095e-08    6.4923515901e-08 
  35.400000    8.7964343398e-07    8.7087238530e-08    6.4957056831e-08 
  35.600000    8.2160267623e-07    8.7059340325e-08    6.4992595123e-08 
  35.800000    7.5101858987e-07    8.7028226985e-08    6.5029529410e-08 
  36.000000    6.6421682299e-07    8.6994753935e-08    6.5066889593e-08 
  36.200000    5.6258902592e-07    8.6959589363e-08    6.5103812064e-08 
  36.400000    4.3930711890e-07    8.6923289212e-08    6.5139327848e-08 
  36.600000    2.9725267348e-07    8.6886468150e-08    6.5172875428e-08 
  36.800000    1.3528938692e-07    8.6849774667e-08    6.5203599594e-08 
  37.000000   -4.6647754992e-08    8.6813574963e-08    6.5230823711e-08 
  37.200000   -2.4761247064e-07    8.6778514369e-08    6.5253925816e-08 
  37.400000   -4.6673960152e-07    8.6745158398e-08    6.5272235858e-08 
  37.600000   -7.0185624068e-07    8.6714121067e-08    6.5285338319e-08 
  37.800000   -9.5104177955e-07    8.6685835013e-08    6.5292705706e-08 
  38.000000   -1.2118545761e-06    8.6660838803e-08    6.5294062967e-08 
  38.200000   -1.4812377961e-06    8.6639477077e-08    6.5289184107e-08 
  38.400000   -1.7557903711e-06    8.6622082954e-08    6.5277749877e-08 
  38.600000   -2.0327092373e-06    8.6608803157e-08    6.5259693748e-08 
  38.800000   -2.3082422366e-06    8.6599769724e-08    6.5235376943e-08 
  39.000000   -2.5799307091e-06    8.6595018431e-08    6.5204946982e-08 
  39.200000   -2.8433366749e-06    8.6594478749e-08    6.5168658610e-08 
  39.400000   -3.0960889149e-06    8.6597922097e-08    6.5126943634e-08 
  39.600000   -3.3354355000e-06    8.6604996956e-08    6.5080431297e-08 
  39.800000   -3.5650159412e-06    8.6616036073e-08    6.5031556200e-08 