description="chl-a-optimized.xyz"  
#******** REAL SPACE GRID ********   
wavefunction_grid="152 152 112"  
potential_grid_refinement="2"  
  
#******* CONTROL OPTIONS *******  
start_mode          ="LCAO Start"  
calculation_mode    ="TDDFT "  
kohn_sham_solver    ="davidson"  
subdiag_driver      ="auto"  
#auto: if cuda available, use cusolver, otherwise use lapack for n<128 and scaplack for large system  
cube_rho = "True"  
tddft_steps = "4000"  
tddft_time_step = "0.200000"  
electric_field_magnitude = "0.001000"  
electric_field_vector = "0  0  1"  
restart_tddft = "False"  
  
unoccupied_states_per_kpoint = "2000"
#********* K POINT SETUP *********  
kpoint_mesh = "1 1 1"  
kpoint_is_shift = "0 0 0"  
  
#******* Pseudopotentials *******   
internal_pseudo_type = "sg15"  
#use Optimized Norm-Conserving Vanderbilt (ONCV) pseudopotenitals  
#those pseudopotentials are built in with RMG  
write_pseudopotential_plots ="False"  
  
#*****Exchange Correlation ******  
exchange_correlation_type="AUTO_XC"  
#AUTO_XC: XC will be determined from pseudopotential  
  
#****  LATTICE and ATOMS  ****   
bravais_lattice_type="Orthorhombic Primitive"  
crds_units = "Angstrom"  
lattice_units = "Angstrom"  
a_length="     24.12971159"  
b_length="     24.15048763"  
c_length="     17.37426192"  
atomic_coordinate_type = "Absolute"  
atoms="  
N  1.404088733000e+01 1.108731523000e+01 1.045425710000e+01  1 1 1   0.00   0.00   0.00  
N  1.196320768000e+01 1.454894187000e+01 1.012077128000e+01  1 1 1   0.00   0.00   0.00  
C  1.345684651000e+01 9.894692760000e+00 1.069206244000e+01  1 1 1   0.00   0.00   0.00  
C  1.211974819000e+01 9.489709460000e+00 1.093048035000e+01  1 1 1   0.00   0.00   0.00  
C  1.440138871000e+01 8.828489570000e+00 1.065794057000e+01  1 1 1   0.00   0.00   0.00  
C  1.539789543000e+01 1.082908503000e+01 1.027073687000e+01  1 1 1   0.00   0.00   0.00  
C  1.251267543000e+01 1.579158353000e+01 9.857378650000e+00  1 1 1   0.00   0.00   0.00  
C  1.061055597000e+01 1.471289300000e+01 1.026154188000e+01  1 1 1   0.00   0.00   0.00  
Mg  1.298561979000e+01 1.280218079000e+01 1.027882172000e+01  1 1 1   0.00   0.00   0.00  
C  1.215548252000e+01 7.971864210000e+00 1.115724013000e+01  1 1 1   0.00   0.00   0.00  
C  1.102886376000e+01 1.035566596000e+01 1.092413412000e+01  1 1 1   0.00   0.00   0.00  
C  1.564575051000e+01 9.407003090000e+00 1.039124914000e+01  1 1 1   0.00   0.00   0.00  
N  1.116886323000e+01 1.170879167000e+01 1.069754182000e+01  1 1 1   0.00   0.00   0.00  
C  1.369380275000e+01 7.564861930000e+00 1.087094168000e+01  1 1 1   0.00   0.00   0.00  
C  1.493305021000e+01 1.511616954000e+01 9.690359510000e+00  1 1 1   0.00   0.00   0.00  
C  9.951444270000e+00 1.232182954000e+01 1.074298448000e+01  1 1 1   0.00   0.00   0.00  
C  1.605709827000e+01 1.320533865000e+01 9.838591410000e+00  1 1 1   0.00   0.00   0.00  
C  1.387165862000e+01 1.604649992000e+01 9.663214990000e+00  1 1 1   0.00   0.00   0.00  
C  9.693862130000e+00 1.367780647000e+01 1.055298526000e+01  1 1 1   0.00   0.00   0.00  
C  1.144492805000e+01 1.678531376000e+01 9.814887320000e+00  1 1 1   0.00   0.00   0.00  
C  1.633723957000e+01 1.183791127000e+01 9.996624560000e+00  1 1 1   0.00   0.00   0.00  
N  1.479403631000e+01 1.376887755000e+01 9.898820580000e+00  1 1 1   0.00   0.00   0.00  
C  1.026297179000e+01 1.610746911000e+01 1.007262575000e+01  1 1 1   0.00   0.00   0.00  
C  1.633440137000e+01 1.543723231000e+01 9.501435680000e+00  1 1 1   0.00   0.00   0.00  
C  1.703287255000e+01 1.425210780000e+01 9.588234690000e+00  1 1 1   0.00   0.00   0.00  
C  9.560872440000e+00 9.970782010000e+00 1.105408669000e+01  1 1 1   0.00   0.00   0.00  
C  8.838863200000e+00 1.133865713000e+01 1.106959282000e+01  1 1 1   0.00   0.00   0.00  
C  1.117553067000e+01 7.149995090000e+00 1.034448794000e+01  1 1 1   0.00   0.00   0.00  
C  9.205224230000e+00 9.070817150000e+00 1.225514712000e+01  1 1 1   0.00   0.00   0.00  
C  1.166490086000e+01 1.820478296000e+01 9.568358270000e+00  1 1 1   0.00   0.00   0.00  
O  1.409059869000e+01 6.416962420000e+00 1.086692589000e+01  1 1 1   0.00   0.00   0.00  
C  6.710999540000e+00 9.422931490000e+00 1.265403272000e+01  1 1 1   0.00   0.00   0.00  
O  1.046618347000e+01 7.578952140000e+00 9.432195250000e+00  1 1 1   0.00   0.00   0.00  
O  5.409934370000e+00 9.147548110000e+00 1.235243573000e+01  1 1 1   0.00   0.00   0.00  
C  7.794813820000e+00 8.478378270000e+00 1.212330540000e+01  1 1 1   0.00   0.00   0.00  
C  1.074106617000e+01 1.911741889000e+01 9.223611280000e+00  1 1 1   0.00   0.00   0.00  
C  1.696160880000e+01 8.720989770000e+00 1.024003733000e+01  1 1 1   0.00   0.00   0.00  
O  1.112504608000e+01 5.849528890000e+00 1.072219126000e+01  1 1 1   0.00   0.00   0.00  
C  8.884591250000e+00 1.667418248000e+01 1.018525959000e+01  1 1 1   0.00   0.00   0.00  
O  6.965868300000e+00 1.038059586000e+01 1.337426192000e+01  1 1 1   0.00   0.00   0.00  
C  1.852480420000e+01 1.407205440000e+01 9.469958380000e+00  1 1 1   0.00   0.00   0.00  
C  1.688668384000e+01 1.680770335000e+01 9.266607800000e+00  1 1 1   0.00   0.00   0.00  
C  7.642413080000e+00 1.142662294000e+01 1.011812954000e+01  1 1 1   0.00   0.00   0.00  
C  1.026254788000e+01 5.022590630000e+00 9.937908070000e+00  1 1 1   0.00   0.00   0.00  
C  1.906184358000e+01 1.441478905000e+01 8.080755470000e+00  1 1 1   0.00   0.00   0.00  
C  5.054976150000e+00 8.066420280000e+00 1.146480042000e+01  1 1 1   0.00   0.00   0.00  
C  5.185561020000e+00 8.484811090000e+00 1.002116838000e+01  1 1 1   0.00   0.00   0.00  
C  5.719977450000e+00 7.776800330000e+00 9.006531440000e+00  1 1 1   0.00   0.00   0.00  
C  5.616184040000e+00 8.307414770000e+00 7.587712790000e+00  1 1 1   0.00   0.00   0.00  
C  6.904701550000e+00 8.211818240000e+00 6.759271900000e+00  1 1 1   0.00   0.00   0.00  
C  8.041944560000e+00 9.043678690000e+00 7.353293680000e+00  1 1 1   0.00   0.00   0.00  
C  9.334343350000e+00 9.068857050000e+00 6.508956690000e+00  1 1 1   0.00   0.00   0.00  
C  1.034097386000e+01 1.002547144000e+01 7.194565170000e+00  1 1 1   0.00   0.00   0.00  
C  1.173873215000e+01 1.005573410000e+01 6.555696140000e+00  1 1 1   0.00   0.00   0.00  
C  1.271655611000e+01 9.103849390000e+00 7.261231680000e+00  1 1 1   0.00   0.00   0.00  
C  6.392313040000e+00 6.441179870000e+00 9.172070640000e+00  1 1 1   0.00   0.00   0.00  
C  9.897090920000e+00 7.659252670000e+00 6.294799360000e+00  1 1 1   0.00   0.00   0.00  
C  1.389334787000e+01 8.649254760000e+00 6.377746110000e+00  1 1 1   0.00   0.00   0.00  
C  1.472083384000e+01 9.823900630000e+00 5.811836730000e+00  1 1 1   0.00   0.00   0.00  
C  1.532125582000e+01 1.075205261000e+01 6.872459720000e+00  1 1 1   0.00   0.00   0.00  
C  1.628404584000e+01 1.179022525000e+01 6.284031980000e+00  1 1 1   0.00   0.00   0.00  
C  1.761541056000e+01 1.119195628000e+01 5.773122060000e+00  1 1 1   0.00   0.00   0.00  
C  1.851528071000e+01 1.074389407000e+01 6.931497990000e+00  1 1 1   0.00   0.00   0.00  
C  1.477152473000e+01 7.647122930000e+00 7.137313910000e+00  1 1 1   0.00   0.00   0.00  
C  1.834542216000e+01 1.218758801000e+01 4.863287370000e+00  1 1 1   0.00   0.00   0.00  
H  1.199222376000e+01 7.724389210000e+00 1.222161694000e+01  1 1 1   0.00   0.00   0.00  
H  1.737470548000e+01 1.152685397000e+01 9.888165180000e+00  1 1 1   0.00   0.00   0.00  
H  1.415216507000e+01 1.708017695000e+01 9.471476660000e+00  1 1 1   0.00   0.00   0.00  
H  8.651666270000e+00 1.397424386000e+01 1.063820782000e+01  1 1 1   0.00   0.00   0.00  
H  9.286745080000e+00 9.416641880000e+00 1.014024736000e+01  1 1 1   0.00   0.00   0.00  
H  1.741890945000e+01 8.954322260000e+00 9.275477980000e+00  1 1 1   0.00   0.00   0.00  
H  1.766724598000e+01 9.040569220000e+00 1.101003043000e+01  1 1 1   0.00   0.00   0.00  
H  1.684570121000e+01 7.643677930000e+00 1.031153007000e+01  1 1 1   0.00   0.00   0.00  
H  8.471361650000e+00 1.154628258000e+01 1.208729688000e+01  1 1 1   0.00   0.00   0.00  
H  1.269794566000e+01 1.854224040000e+01 9.665777330000e+00  1 1 1   0.00   0.00   0.00  
H  8.447904090000e+00 1.686927994000e+01 9.202406710000e+00  1 1 1   0.00   0.00   0.00  
H  8.217504520000e+00 1.599133573000e+01 1.070756122000e+01  1 1 1   0.00   0.00   0.00  
H  8.892671380000e+00 1.762031440000e+01 1.072604438000e+01  1 1 1   0.00   0.00   0.00  
H  1.794722716000e+01 1.684774570000e+01 9.504937260000e+00  1 1 1   0.00   0.00   0.00  
H  1.677089781000e+01 1.711181138000e+01 8.223335770000e+00  1 1 1   0.00   0.00   0.00  
H  1.637332512000e+01 1.755160153000e+01 9.875628970000e+00  1 1 1   0.00   0.00   0.00  
H  1.902995135000e+01 1.470528599000e+01 1.021091536000e+01  1 1 1   0.00   0.00   0.00  
H  1.879371278000e+01 1.303916803000e+01 9.713663210000e+00  1 1 1   0.00   0.00   0.00  
H  9.921036110000e+00 8.248281280000e+00 1.232519644000e+01  1 1 1   0.00   0.00   0.00  
H  9.274924050000e+00 9.638603170000e+00 1.318705302000e+01  1 1 1   0.00   0.00   0.00  
H  7.957360120000e+00 1.132951666000e+01 9.081509800000e+00  1 1 1   0.00   0.00   0.00  
H  6.923800050000e+00 1.063641844000e+01 1.032835788000e+01  1 1 1   0.00   0.00   0.00  
H  7.130633160000e+00 1.237983428000e+01 1.022852474000e+01  1 1 1   0.00   0.00   0.00  
H  7.603245360000e+00 8.213612540000e+00 1.107915318000e+01  1 1 1   0.00   0.00   0.00  
H  7.731977160000e+00 7.543408200000e+00 1.269352708000e+01  1 1 1   0.00   0.00   0.00  
H  9.702367150000e+00 1.886222404000e+01 9.064267170000e+00  1 1 1   0.00   0.00   0.00  
H  1.102437399000e+01 2.015048763000e+01 9.066176810000e+00  1 1 1   0.00   0.00   0.00  
H  5.640515370000e+00 7.165987870000e+00 1.171419391000e+01  1 1 1   0.00   0.00   0.00  
H  4.000000000000e+00 7.839666430000e+00 1.169634777000e+01  1 1 1   0.00   0.00   0.00  
H  1.055301757000e+01 5.069789710000e+00 8.882158560000e+00  1 1 1   0.00   0.00   0.00  
H  1.035792712000e+01 4.000000000000e+00 1.030851412000e+01  1 1 1   0.00   0.00   0.00  
H  9.221268050000e+00 5.358862220000e+00 1.003575195000e+01  1 1 1   0.00   0.00   0.00  
H  1.856270881000e+01 1.382235273000e+01 7.317819400000e+00  1 1 1   0.00   0.00   0.00  
H  1.889817624000e+01 1.546344280000e+01 7.845538330000e+00  1 1 1   0.00   0.00   0.00  
H  2.012971159000e+01 1.421651356000e+01 8.020621040000e+00  1 1 1   0.00   0.00   0.00  
H  4.730756180000e+00 9.447488140000e+00 9.790703560000e+00  1 1 1   0.00   0.00   0.00  
H  4.831160900000e+00 7.737989130000e+00 7.070848220000e+00  1 1 1   0.00   0.00   0.00  
H  5.272206240000e+00 9.346221420000e+00 7.616925300000e+00  1 1 1   0.00   0.00   0.00  
H  6.003750920000e+00 5.724861870000e+00 8.449285390000e+00  1 1 1   0.00   0.00   0.00  
H  7.463990760000e+00 6.534212320000e+00 8.987027150000e+00  1 1 1   0.00   0.00   0.00  
H  6.258971070000e+00 6.024571780000e+00 1.016688605000e+01  1 1 1   0.00   0.00   0.00  
H  7.205458740000e+00 7.163462500000e+00 6.676418540000e+00  1 1 1   0.00   0.00   0.00  
H  6.690372810000e+00 8.552155690000e+00 5.740662560000e+00  1 1 1   0.00   0.00   0.00  
H  7.690131750000e+00 1.007361480000e+01 7.482110820000e+00  1 1 1   0.00   0.00   0.00  
H  8.278145440000e+00 8.671547660000e+00 8.355632350000e+00  1 1 1   0.00   0.00   0.00  
H  9.089553500000e+00 9.487153140000e+00 5.517478940000e+00  1 1 1   0.00   0.00   0.00  
H  9.907164090000e+00 1.103237532000e+01 7.185014180000e+00  1 1 1   0.00   0.00   0.00  
H  1.043507775000e+01 9.744231180000e+00 8.247049670000e+00  1 1 1   0.00   0.00   0.00  
H  9.177429090000e+00 7.031689230000e+00 5.772172490000e+00  1 1 1   0.00   0.00   0.00  
H  1.080193516000e+01 7.689768480000e+00 5.692845360000e+00  1 1 1   0.00   0.00   0.00  
H  1.013320086000e+01 7.191292480000e+00 7.246918300000e+00  1 1 1   0.00   0.00   0.00  
H  1.166919734000e+01 9.805858700000e+00 5.491521730000e+00  1 1 1   0.00   0.00   0.00  
H  1.213852422000e+01 1.107489751000e+01 6.600155400000e+00  1 1 1   0.00   0.00   0.00  
H  1.309769966000e+01 9.588218490000e+00 8.165703320000e+00  1 1 1   0.00   0.00   0.00  
H  1.218115181000e+01 8.215704500000e+00 7.606007660000e+00  1 1 1   0.00   0.00   0.00  
H  1.346576887000e+01 8.121332850000e+00 5.507898000000e+00  1 1 1   0.00   0.00   0.00  
H  1.552358218000e+01 9.408751140000e+00 5.192907150000e+00  1 1 1   0.00   0.00   0.00  
H  1.409148061000e+01 1.041367727000e+01 5.136592180000e+00  1 1 1   0.00   0.00   0.00  
H  1.518792400000e+01 8.091610080000e+00 8.038544340000e+00  1 1 1   0.00   0.00   0.00  
H  1.559853395000e+01 7.305155040000e+00 6.518487880000e+00  1 1 1   0.00   0.00   0.00  
H  1.419015628000e+01 6.778661380000e+00 7.438939490000e+00  1 1 1   0.00   0.00   0.00  
H  1.451362268000e+01 1.127658402000e+01 7.394832820000e+00  1 1 1   0.00   0.00   0.00  
H  1.583977373000e+01 1.015970003000e+01 7.632016620000e+00  1 1 1   0.00   0.00   0.00  
H  1.578746630000e+01 1.231186925000e+01 5.459061320000e+00  1 1 1   0.00   0.00   0.00  
H  1.650181051000e+01 1.255039531000e+01 7.042632890000e+00  1 1 1   0.00   0.00   0.00  
H  1.738540949000e+01 1.030204647000e+01 5.166951550000e+00  1 1 1   0.00   0.00   0.00  
H  1.944037383000e+01 1.031109019000e+01 6.557322120000e+00  1 1 1   0.00   0.00   0.00  
H  1.877157216000e+01 1.158254978000e+01 7.575636090000e+00  1 1 1   0.00   0.00   0.00  
H  1.801764474000e+01 9.994137780000e+00 7.543759390000e+00  1 1 1   0.00   0.00   0.00  
H  1.857312689000e+01 1.311170011000e+01 5.390776130000e+00  1 1 1   0.00   0.00   0.00  
H  1.928301854000e+01 1.176938667000e+01 4.503843000000e+00  1 1 1   0.00   0.00   0.00  
H  1.773346563000e+01 1.243990841000e+01 4.000000000000e+00  1 1 1   0.00   0.00   0.00  
"  
