&& absorbtion coefficients, E(eV) xx, yy,zz  
0.000000    0.000000e+00 0.000000e+00 0.000000e+00  
0.010000    3.141692e-06 3.137259e-06 3.374982e-07  
0.020000    6.307851e-06 6.298963e-06 6.766572e-07  
0.030000    9.498694e-06 9.485328e-06 1.017487e-06  
0.040000    1.271444e-05 1.269658e-05 1.359996e-06  
0.050000    1.595532e-05 1.593293e-05 1.704194e-06  
0.060000    1.922156e-05 1.919462e-05 2.050092e-06  
0.070000    2.251339e-05 2.248189e-05 2.397700e-06  
0.080000    2.583106e-05 2.579496e-05 2.747026e-06  
0.090000    2.917480e-05 2.913408e-05 3.098081e-06  
0.100000    3.254484e-05 3.249948e-05 3.450875e-06  
0.110000    3.594142e-05 3.589140e-05 3.805418e-06  
0.120000    3.936479e-05 3.931008e-05 4.161720e-06  
0.130000    4.281516e-05 4.275574e-05 4.519792e-06  
0.140000    4.629279e-05 4.622863e-05 4.879642e-06  
0.150000    4.979792e-05 4.972900e-05 5.241283e-06  
0.160000    5.333078e-05 5.325707e-05 5.604723e-06  
0.170000    5.689163e-05 5.681311e-05 5.969974e-06  
0.180000    6.048072e-05 6.039737e-05 6.337045e-06  
0.190000    6.409830e-05 6.401008e-05 6.705948e-06  
0.200000    6.774463e-05 6.765153e-05 7.076693e-06  
0.210000    7.141997e-05 7.132195e-05 7.449290e-06  
0.220000    7.512457e-05 7.502162e-05 7.823751e-06  
0.230000    7.885872e-05 7.875081e-05 8.200087e-06  
0.240000    8.262268e-05 8.250977e-05 8.578308e-06  
0.250000    8.641671e-05 8.629879e-05 8.958426e-06  
0.260000    9.024110e-05 9.011814e-05 9.340451e-06  
0.270000    9.409613e-05 9.396810e-05 9.724395e-06  
0.280000    9.798207e-05 9.784895e-05 1.011027e-05  
0.290000    1.018992e-04 1.017610e-04 1.049808e-05  
0.300000    1.058478e-04 1.057045e-04 1.088785e-05  
0.310000    1.098283e-04 1.096797e-04 1.127959e-05  
0.320000    1.138407e-04 1.136870e-04 1.167330e-05  
0.330000    1.178856e-04 1.177266e-04 1.206899e-05  
0.340000    1.219631e-04 1.217989e-04 1.246669e-05  
0.350000    1.260737e-04 1.259041e-04 1.286640e-05  
0.360000    1.302175e-04 1.300426e-04 1.326813e-05  
0.370000    1.343949e-04 1.342147e-04 1.367190e-05  
0.380000    1.386062e-04 1.384206e-04 1.407771e-05  
0.390000    1.428517e-04 1.426608e-04 1.448558e-05  
0.400000    1.471318e-04 1.469355e-04 1.489553e-05  
0.410000    1.514468e-04 1.512450e-04 1.530756e-05  
0.420000    1.557970e-04 1.555897e-04 1.572169e-05  
0.430000    1.601828e-04 1.599699e-04 1.613793e-05  
0.440000    1.646044e-04 1.643860e-04 1.655629e-05  
0.450000    1.690623e-04 1.688383e-04 1.697679e-05  
0.460000    1.735567e-04 1.733271e-04 1.739943e-05  
0.470000    1.780880e-04 1.778528e-04 1.782424e-05  
0.480000    1.826567e-04 1.824158e-04 1.825122e-05  
0.490000    1.872629e-04 1.870164e-04 1.868038e-05  
0.500000    1.919071e-04 1.916549e-04 1.911175e-05  
0.510000    1.965897e-04 1.963317e-04 1.954533e-05  
0.520000    2.013111e-04 2.010472e-04 1.998114e-05  
0.530000    2.060715e-04 2.058018e-04 2.041919e-05  
0.540000    2.108714e-04 2.105959e-04 2.085949e-05  
0.550000    2.157111e-04 2.154298e-04 2.130207e-05  
0.560000    2.205911e-04 2.203039e-04 2.174692e-05  
0.570000    2.255118e-04 2.252186e-04 2.219407e-05  
0.580000    2.304735e-04 2.301743e-04 2.264354e-05  
0.590000    2.354766e-04 2.351714e-04 2.309532e-05  
0.600000    2.405216e-04 2.402103e-04 2.354945e-05  
0.610000    2.456088e-04 2.452915e-04 2.400593e-05  
0.620000    2.507387e-04 2.504152e-04 2.446478e-05  
0.630000    2.559117e-04 2.555821e-04 2.492601e-05  
0.640000    2.611282e-04 2.607924e-04 2.538963e-05  
0.650000    2.663887e-04 2.660466e-04 2.585567e-05  
0.660000    2.716935e-04 2.713452e-04 2.632414e-05  
0.670000    2.770432e-04 2.766886e-04 2.679505e-05  
0.680000    2.824381e-04 2.820772e-04 2.726841e-05  
0.690000    2.878788e-04 2.875115e-04 2.774425e-05  
0.700000    2.933656e-04 2.929920e-04 2.822258e-05  
0.710000    2.988991e-04 2.985190e-04 2.870341e-05  
0.720000    3.044797e-04 3.040932e-04 2.918676e-05  
0.730000    3.101078e-04 3.097148e-04 2.967265e-05  
0.740000    3.157841e-04 3.153845e-04 3.016108e-05  
0.750000    3.215088e-04 3.211027e-04 3.065209e-05  
0.760000    3.272827e-04 3.268700e-04 3.114568e-05  
0.770000    3.331060e-04 3.326867e-04 3.164186e-05  
0.780000    3.389794e-04 3.385534e-04 3.214067e-05  
0.790000    3.449034e-04 3.444706e-04 3.264210e-05  
0.800000    3.508784e-04 3.504389e-04 3.314619e-05  
0.810000    3.569050e-04 3.564587e-04 3.365294e-05  
0.820000    3.629838e-04 3.625306e-04 3.416238e-05  
0.830000    3.691151e-04 3.686551e-04 3.467451e-05  
0.840000    3.752997e-04 3.748328e-04 3.518937e-05  
0.850000    3.815380e-04 3.810641e-04 3.570695e-05  
0.860000    3.878307e-04 3.873497e-04 3.622730e-05  
0.870000    3.941782e-04 3.936902e-04 3.675041e-05  
0.880000    4.005811e-04 4.000860e-04 3.727631e-05  
0.890000    4.070400e-04 4.065378e-04 3.780501e-05  
0.900000    4.135555e-04 4.130462e-04 3.833654e-05  
0.910000    4.201282e-04 4.196117e-04 3.887091e-05  
0.920000    4.267587e-04 4.262349e-04 3.940814e-05  
0.930000    4.334476e-04 4.329165e-04 3.994825e-05  
0.940000    4.401954e-04 4.396571e-04 4.049126e-05  
0.950000    4.470029e-04 4.464572e-04 4.103718e-05  
0.960000    4.538707e-04 4.533175e-04 4.158604e-05  
0.970000    4.607993e-04 4.602387e-04 4.213786e-05  
0.980000    4.677895e-04 4.672214e-04 4.269264e-05  
0.990000    4.748419e-04 4.742662e-04 4.325042e-05  
1.000000    4.819571e-04 4.813739e-04 4.381122e-05  
1.010000    4.891359e-04 4.885450e-04 4.437504e-05  
1.020000    4.963788e-04 4.957803e-04 4.494192e-05  
1.030000    5.036867e-04 5.030804e-04 4.551187e-05  
1.040000    5.110602e-04 5.104461e-04 4.608492e-05  
1.050000    5.184999e-04 5.178780e-04 4.666108e-05  
1.060000    5.260067e-04 5.253769e-04 4.724037e-05  
1.070000    5.335812e-04 5.329435e-04 4.782281e-05  
1.080000    5.412242e-04 5.405786e-04 4.840843e-05  
1.090000    5.489364e-04 5.482828e-04 4.899725e-05  
1.100000    5.567186e-04 5.560569e-04 4.958928e-05  
1.110000    5.645716e-04 5.639017e-04 5.018456e-05  
1.120000    5.724960e-04 5.718180e-04 5.078309e-05  
1.130000    5.804928e-04 5.798066e-04 5.138491e-05  
1.140000    5.885626e-04 5.878682e-04 5.199003e-05  
1.150000    5.967064e-04 5.960036e-04 5.259848e-05  
1.160000    6.049248e-04 6.042137e-04 5.321027e-05  
1.170000    6.132189e-04 6.124993e-04 5.382544e-05  
1.180000    6.215893e-04 6.208613e-04 5.444400e-05  
1.190000    6.300369e-04 6.293004e-04 5.506598e-05  
1.200000    6.385627e-04 6.378176e-04 5.569140e-05  
1.210000    6.471674e-04 6.464137e-04 5.632029e-05  
1.220000    6.558519e-04 6.550896e-04 5.695266e-05  
1.230000    6.646173e-04 6.638462e-04 5.758854e-05  
1.240000    6.734642e-04 6.726844e-04 5.822796e-05  
1.250000    6.823938e-04 6.816051e-04 5.887093e-05  
1.260000    6.914069e-04 6.906093e-04 5.951749e-05  
1.270000    7.005045e-04 6.996979e-04 6.016765e-05  
1.280000    7.096875e-04 7.088719e-04 6.082145e-05  
1.290000    7.189568e-04 7.181322e-04 6.147891e-05  
1.300000    7.283136e-04 7.274799e-04 6.214004e-05  
1.310000    7.377588e-04 7.369159e-04 6.280489e-05  
1.320000    7.472934e-04 7.464412e-04 6.347347e-05  
1.330000    7.569184e-04 7.560569e-04 6.414581e-05  
1.340000    7.666349e-04 7.657641e-04 6.482193e-05  
1.350000    7.764439e-04 7.755637e-04 6.550186e-05  
1.360000    7.863465e-04 7.854569e-04 6.618564e-05  
1.370000    7.963439e-04 7.954446e-04 6.687327e-05  
1.380000    8.064370e-04 8.055282e-04 6.756480e-05  
1.390000    8.166270e-04 8.157086e-04 6.826025e-05  
1.400000    8.269151e-04 8.259870e-04 6.895964e-05  
1.410000    8.373025e-04 8.363645e-04 6.966301e-05  
1.420000    8.477901e-04 8.468423e-04 7.037038e-05  
1.430000    8.583794e-04 8.574217e-04 7.108178e-05  
1.440000    8.690714e-04 8.681037e-04 7.179724e-05  
1.450000    8.798674e-04 8.788896e-04 7.251678e-05  
1.460000    8.907686e-04 8.897807e-04 7.324045e-05  
1.470000    9.017763e-04 9.007782e-04 7.396825e-05  
1.480000    9.128917e-04 9.118834e-04 7.470024e-05  
1.490000    9.241161e-04 9.230975e-04 7.543642e-05  
1.500000    9.354509e-04 9.344220e-04 7.617684e-05  
1.510000    9.468974e-04 9.458580e-04 7.692153e-05  
1.520000    9.584569e-04 9.574069e-04 7.767051e-05  
1.530000    9.701308e-04 9.690702e-04 7.842381e-05  
1.540000    9.819204e-04 9.808492e-04 7.918148e-05  
1.550000    9.938273e-04 9.927453e-04 7.994353e-05  
1.560000    1.005853e-03 1.004760e-03 8.071000e-05  
1.570000    1.017998e-03 1.016895e-03 8.148093e-05  
1.580000    1.030265e-03 1.029151e-03 8.225633e-05  
1.590000    1.042655e-03 1.041530e-03 8.303626e-05  
1.600000    1.055170e-03 1.054033e-03 8.382073e-05  
1.610000    1.067811e-03 1.066663e-03 8.460979e-05  
1.620000    1.080579e-03 1.079420e-03 8.540346e-05  
1.630000    1.093477e-03 1.092307e-03 8.620179e-05  
1.640000    1.106506e-03 1.105324e-03 8.700479e-05  
1.650000    1.119667e-03 1.118473e-03 8.781252e-05  
1.660000    1.132962e-03 1.131757e-03 8.862499e-05  
1.670000    1.146393e-03 1.145176e-03 8.944226e-05  
1.680000    1.159961e-03 1.158733e-03 9.026435e-05  
1.690000    1.173669e-03 1.172429e-03 9.109129e-05  
1.700000    1.187518e-03 1.186266e-03 9.192314e-05  
1.710000    1.201510e-03 1.200246e-03 9.275991e-05  
1.720000    1.215646e-03 1.214370e-03 9.360165e-05  
1.730000    1.229929e-03 1.228641e-03 9.444839e-05  
1.740000    1.244361e-03 1.243060e-03 9.530018e-05  
1.750000    1.258942e-03 1.257629e-03 9.615705e-05  
1.760000    1.273676e-03 1.272351e-03 9.701903e-05  
1.770000    1.288564e-03 1.287226e-03 9.788617e-05  
1.780000    1.303608e-03 1.302258e-03 9.875851e-05  
1.790000    1.318811e-03 1.317448e-03 9.963608e-05  
1.800000    1.334174e-03 1.332798e-03 1.005189e-04  
1.810000    1.349699e-03 1.348310e-03 1.014071e-04  
1.820000    1.365389e-03 1.363987e-03 1.023006e-04  
1.830000    1.381245e-03 1.379831e-03 1.031995e-04  
1.840000    1.397271e-03 1.395843e-03 1.041038e-04  
1.850000    1.413467e-03 1.412026e-03 1.050137e-04  
1.860000    1.429837e-03 1.428382e-03 1.059290e-04  
1.870000    1.446382e-03 1.444914e-03 1.068499e-04  
1.880000    1.463106e-03 1.461624e-03 1.077764e-04  
1.890000    1.480010e-03 1.478515e-03 1.087086e-04  
1.900000    1.497097e-03 1.495588e-03 1.096464e-04  
1.910000    1.514369e-03 1.512846e-03 1.105900e-04  
1.920000    1.531829e-03 1.530292e-03 1.115393e-04  
1.930000    1.549479e-03 1.547928e-03 1.124945e-04  
1.940000    1.567322e-03 1.565757e-03 1.134556e-04  
1.950000    1.585361e-03 1.583781e-03 1.144225e-04  
1.960000    1.603597e-03 1.602004e-03 1.153954e-04  
1.970000    1.622035e-03 1.620427e-03 1.163744e-04  
1.980000    1.640677e-03 1.639054e-03 1.173594e-04  
1.990000    1.659525e-03 1.657887e-03 1.183505e-04  
2.000000    1.678582e-03 1.676930e-03 1.193477e-04  
2.010000    1.697852e-03 1.696185e-03 1.203511e-04  
2.020000    1.717337e-03 1.715654e-03 1.213608e-04  
2.030000    1.737040e-03 1.735342e-03 1.223768e-04  
2.040000    1.756964e-03 1.755251e-03 1.233991e-04  
2.050000    1.777113e-03 1.775385e-03 1.244279e-04  
2.060000    1.797489e-03 1.795745e-03 1.254631e-04  
2.070000    1.818097e-03 1.816337e-03 1.265047e-04  
2.080000    1.838938e-03 1.837162e-03 1.275530e-04  
2.090000    1.860016e-03 1.858225e-03 1.286078e-04  
2.100000    1.881335e-03 1.879528e-03 1.296693e-04  
2.110000    1.902899e-03 1.901075e-03 1.307375e-04  
2.120000    1.924710e-03 1.922870e-03 1.318125e-04  
2.130000    1.946772e-03 1.944916e-03 1.328943e-04  
2.140000    1.969089e-03 1.967216e-03 1.339830e-04  
2.150000    1.991665e-03 1.989775e-03 1.350786e-04  
2.160000    2.014503e-03 2.012597e-03 1.361812e-04  
2.170000    2.037608e-03 2.035684e-03 1.372908e-04  
2.180000    2.060982e-03 2.059041e-03 1.384076e-04  
2.190000    2.084630e-03 2.082672e-03 1.395315e-04  
2.200000    2.108557e-03 2.106581e-03 1.406626e-04  
2.210000    2.132766e-03 2.130772e-03 1.418010e-04  
2.220000    2.157261e-03 2.155250e-03 1.429468e-04  
2.230000    2.182046e-03 2.180017e-03 1.440999e-04  
2.240000    2.207127e-03 2.205080e-03 1.452606e-04  
2.250000    2.232507e-03 2.230442e-03 1.464287e-04  
2.260000    2.258191e-03 2.256107e-03 1.476044e-04  
2.270000    2.284183e-03 2.282081e-03 1.487878e-04  
2.280000    2.310488e-03 2.308368e-03 1.499789e-04  
2.290000    2.337112e-03 2.334972e-03 1.511778e-04  
2.300000    2.364058e-03 2.361900e-03 1.523846e-04  
2.310000    2.391331e-03 2.389154e-03 1.535992e-04  
2.320000    2.418938e-03 2.416741e-03 1.548218e-04  
2.330000    2.446882e-03 2.444666e-03 1.560525e-04  
2.340000    2.475169e-03 2.472933e-03 1.572913e-04  
2.350000    2.503805e-03 2.501549e-03 1.585383e-04  
2.360000    2.532794e-03 2.530518e-03 1.597935e-04  
2.370000    2.562143e-03 2.559847e-03 1.610571e-04  
2.380000    2.591856e-03 2.589540e-03 1.623290e-04  
2.390000    2.621940e-03 2.619604e-03 1.636095e-04  
2.400000    2.652401e-03 2.650044e-03 1.648984e-04  
2.410000    2.683244e-03 2.680866e-03 1.661960e-04  
2.420000    2.714476e-03 2.712076e-03 1.675023e-04  
2.430000    2.746102e-03 2.743681e-03 1.688173e-04  
2.440000    2.778129e-03 2.775687e-03 1.701412e-04  
2.450000    2.810564e-03 2.808100e-03 1.714741e-04  
2.460000    2.843413e-03 2.840927e-03 1.728159e-04  
2.470000    2.876683e-03 2.874175e-03 1.741668e-04  
2.480000    2.910380e-03 2.907849e-03 1.755268e-04  
2.490000    2.944512e-03 2.941959e-03 1.768961e-04  
2.500000    2.979085e-03 2.976509e-03 1.782747e-04  
2.510000    3.014107e-03 3.011509e-03 1.796627e-04  
2.520000    3.049586e-03 3.046964e-03 1.810602e-04  
2.530000    3.085528e-03 3.082883e-03 1.824673e-04  
2.540000    3.121942e-03 3.119273e-03 1.838840e-04  
2.550000    3.158836e-03 3.156143e-03 1.853105e-04  
2.560000    3.196217e-03 3.193500e-03 1.867468e-04  
2.570000    3.234093e-03 3.231352e-03 1.881931e-04  
2.580000    3.272474e-03 3.269708e-03 1.896493e-04  
2.590000    3.311367e-03 3.308576e-03 1.911157e-04  
2.600000    3.350781e-03 3.347965e-03 1.925922e-04  
2.610000    3.390725e-03 3.387884e-03 1.940790e-04  
2.620000    3.431208e-03 3.428342e-03 1.955762e-04  
2.630000    3.472240e-03 3.469348e-03 1.970839e-04  
2.640000    3.513830e-03 3.510912e-03 1.986022e-04  
2.650000    3.555987e-03 3.553043e-03 2.001311e-04  
2.660000    3.598722e-03 3.595751e-03 2.016708e-04  
2.670000    3.642045e-03 3.639046e-03 2.032213e-04  
2.680000    3.685965e-03 3.682939e-03 2.047828e-04  
2.690000    3.730493e-03 3.727440e-03 2.063554e-04  
2.700000    3.775641e-03 3.772560e-03 2.079392e-04  
2.710000    3.821419e-03 3.818310e-03 2.095342e-04  
2.720000    3.867838e-03 3.864701e-03 2.111407e-04  
2.730000    3.914909e-03 3.911744e-03 2.127586e-04  
2.740000    3.962646e-03 3.959451e-03 2.143881e-04  
2.750000    4.011059e-03 4.007835e-03 2.160293e-04  
2.760000    4.060160e-03 4.056907e-03 2.176824e-04  
2.770000    4.109963e-03 4.106680e-03 2.193473e-04  
2.780000    4.160480e-03 4.157167e-03 2.210244e-04  
2.790000    4.211724e-03 4.208380e-03 2.227135e-04  
2.800000    4.263709e-03 4.260334e-03 2.244150e-04  
2.810000    4.316448e-03 4.313042e-03 2.261289e-04  
2.820000    4.369955e-03 4.366518e-03 2.278553e-04  
2.830000    4.424245e-03 4.420776e-03 2.295943e-04  
2.840000    4.479333e-03 4.475831e-03 2.313461e-04  
2.850000    4.535232e-03 4.531698e-03 2.331107e-04  
2.860000    4.591959e-03 4.588392e-03 2.348884e-04  
2.870000    4.649530e-03 4.645929e-03 2.366792e-04  
2.880000    4.707960e-03 4.704325e-03 2.384833e-04  
2.890000    4.767266e-03 4.763597e-03 2.403008e-04  
2.900000    4.827464e-03 4.823761e-03 2.421318e-04  
2.910000    4.888573e-03 4.884835e-03 2.439764e-04  
2.920000    4.950609e-03 4.946836e-03 2.458349e-04  
2.930000    5.013591e-03 5.009782e-03 2.477073e-04  
2.940000    5.077537e-03 5.073692e-03 2.495938e-04  
2.950000    5.142467e-03 5.138585e-03 2.514945e-04  
2.960000    5.208399e-03 5.204480e-03 2.534096e-04  
2.970000    5.275353e-03 5.271397e-03 2.553392e-04  
2.980000    5.343351e-03 5.339357e-03 2.572834e-04  
2.990000    5.412412e-03 5.408380e-03 2.592425e-04  
3.000000    5.482559e-03 5.478487e-03 2.612164e-04  
3.010000    5.553813e-03 5.549702e-03 2.632055e-04  
3.020000    5.626196e-03 5.622046e-03 2.652099e-04  
3.030000    5.699733e-03 5.695541e-03 2.672297e-04  
3.040000    5.774445e-03 5.770213e-03 2.692650e-04  
3.050000    5.850358e-03 5.846085e-03 2.713161e-04  
3.060000    5.927497e-03 5.923182e-03 2.733831e-04  
3.070000    6.005887e-03 6.001529e-03 2.754662e-04  
3.080000    6.085554e-03 6.081153e-03 2.775655e-04  
3.090000    6.166524e-03 6.162080e-03 2.796812e-04  
3.100000    6.248827e-03 6.244338e-03 2.818135e-04  
3.110000    6.332489e-03 6.327956e-03 2.839626e-04  
3.120000    6.417539e-03 6.412961e-03 2.861285e-04  
3.130000    6.504009e-03 6.499384e-03 2.883116e-04  
3.140000    6.591927e-03 6.587256e-03 2.905120e-04  
3.150000    6.681326e-03 6.676608e-03 2.927299e-04  
3.160000    6.772237e-03 6.767471e-03 2.949654e-04  
3.170000    6.864694e-03 6.859880e-03 2.972188e-04  
3.180000    6.958730e-03 6.953867e-03 2.994902e-04  
3.190000    7.054381e-03 7.049469e-03 3.017799e-04  
3.200000    7.151683e-03 7.146720e-03 3.040880e-04  
3.210000    7.250671e-03 7.245657e-03 3.064147e-04  
3.220000    7.351385e-03 7.346319e-03 3.087604e-04  
3.230000    7.453863e-03 7.448744e-03 3.111250e-04  
3.240000    7.558144e-03 7.552972e-03 3.135089e-04  
3.250000    7.664271e-03 7.659045e-03 3.159124e-04  
3.260000    7.772285e-03 7.767004e-03 3.183355e-04  
3.270000    7.882230e-03 7.876893e-03 3.207785e-04  
3.280000    7.994150e-03 7.988757e-03 3.232416e-04  
3.290000    8.108092e-03 8.102641e-03 3.257252e-04  
3.300000    8.224103e-03 8.218594e-03 3.282293e-04  
3.310000    8.342231e-03 8.336663e-03 3.307542e-04  
3.320000    8.462527e-03 8.456899e-03 3.333002e-04  
3.330000    8.585042e-03 8.579353e-03 3.358675e-04  
3.340000    8.709830e-03 8.704079e-03 3.384563e-04  
3.350000    8.836945e-03 8.831131e-03 3.410669e-04  
3.360000    8.966443e-03 8.960566e-03 3.436996e-04  
3.370000    9.098383e-03 9.092441e-03 3.463546e-04  
3.380000    9.232824e-03 9.226817e-03 3.490321e-04  
3.390000    9.369828e-03 9.363754e-03 3.517324e-04  
3.400000    9.509459e-03 9.503317e-03 3.544558e-04  
3.410000    9.651781e-03 9.645570e-03 3.572026e-04  
3.420000    9.796863e-03 9.790582e-03 3.599729e-04  
3.430000    9.944773e-03 9.938421e-03 3.627672e-04  
3.440000    1.009558e-02 1.008916e-02 3.655857e-04  
3.450000    1.024937e-02 1.024287e-02 3.684286e-04  
3.460000    1.040621e-02 1.039963e-02 3.712964e-04  
3.470000    1.056617e-02 1.055952e-02 3.741891e-04  
3.480000    1.072935e-02 1.072263e-02 3.771073e-04  
3.490000    1.089582e-02 1.088902e-02 3.800511e-04  
3.500000    1.106568e-02 1.105879e-02 3.830209e-04  
3.510000    1.123900e-02 1.123204e-02 3.860170e-04  
3.520000    1.141589e-02 1.140884e-02 3.890397e-04  
3.530000    1.159644e-02 1.158931e-02 3.920894e-04  
3.540000    1.178075e-02 1.177353e-02 3.951663e-04  
3.550000    1.196891e-02 1.196161e-02 3.982709e-04  
3.560000    1.216105e-02 1.215365e-02 4.014034e-04  
3.570000    1.235725e-02 1.234977e-02 4.045642e-04  
3.580000    1.255764e-02 1.255007e-02 4.077537e-04  
3.590000    1.276234e-02 1.275467e-02 4.109721e-04  
3.600000    1.297146e-02 1.296370e-02 4.142200e-04  
3.610000    1.318513e-02 1.317727e-02 4.174976e-04  
3.620000    1.340348e-02 1.339552e-02 4.208054e-04  
3.630000    1.362664e-02 1.361858e-02 4.241437e-04  
3.640000    1.385475e-02 1.384659e-02 4.275129e-04  
3.650000    1.408796e-02 1.407969e-02 4.309134e-04  
3.660000    1.432641e-02 1.431803e-02 4.343456e-04  
3.670000    1.457026e-02 1.456177e-02 4.378099e-04  
3.680000    1.481966e-02 1.481106e-02 4.413068e-04  
3.690000    1.507479e-02 1.506608e-02 4.448366e-04  
3.700000    1.533581e-02 1.532699e-02 4.483999e-04  
3.710000    1.560291e-02 1.559396e-02 4.519969e-04  
3.720000    1.587626e-02 1.586720e-02 4.556283e-04  
3.730000    1.615607e-02 1.614688e-02 4.592944e-04  
3.740000    1.644252e-02 1.643321e-02 4.629957e-04  
3.750000    1.673583e-02 1.672639e-02 4.667327e-04  
3.760000    1.703621e-02 1.702664e-02 4.705059e-04  
3.770000    1.734389e-02 1.733418e-02 4.743157e-04  
3.780000    1.765909e-02 1.764925e-02 4.781627e-04  
3.790000    1.798207e-02 1.797208e-02 4.820473e-04  
3.800000    1.831306e-02 1.830293e-02 4.859701e-04  
3.810000    1.865233e-02 1.864206e-02 4.899316e-04  
3.820000    1.900016e-02 1.898974e-02 4.939324e-04  
3.830000    1.935682e-02 1.934625e-02 4.979729e-04  
3.840000    1.972262e-02 1.971189e-02 5.020537e-04  
3.850000    2.009785e-02 2.008696e-02 5.061755e-04  
3.860000    2.048284e-02 2.047179e-02 5.103387e-04  
3.870000    2.087792e-02 2.086670e-02 5.145440e-04  
3.880000    2.128344e-02 2.127205e-02 5.187920e-04  
3.890000    2.169976e-02 2.168819e-02 5.230833e-04  
3.900000    2.212726e-02 2.211551e-02 5.274184e-04  
3.910000    2.256633e-02 2.255440e-02 5.317981e-04  
3.920000    2.301739e-02 2.300527e-02 5.362229e-04  
3.930000    2.348086e-02 2.346855e-02 5.406936e-04  
3.940000    2.395720e-02 2.394469e-02 5.452108e-04  
3.950000    2.444687e-02 2.443417e-02 5.497752e-04  
3.960000    2.495038e-02 2.493746e-02 5.543875e-04  
3.970000    2.546822e-02 2.545509e-02 5.590483e-04  
3.980000    2.600094e-02 2.598759e-02 5.637585e-04  
3.990000    2.654911e-02 2.653553e-02 5.685187e-04  
4.000000    2.711330e-02 2.709950e-02 5.733298e-04  
4.010000    2.769415e-02 2.768011e-02 5.781924e-04  
4.020000    2.829229e-02 2.827801e-02 5.831074e-04  
4.030000    2.890841e-02 2.889388e-02 5.880756e-04  
4.040000    2.954322e-02 2.952843e-02 5.930978e-04  
4.050000    3.019746e-02 3.018241e-02 5.981747e-04  
4.060000    3.087193e-02 3.085661e-02 6.033074e-04  
4.070000    3.156744e-02 3.155184e-02 6.084966e-04  
4.080000    3.228487e-02 3.226898e-02 6.137432e-04  
4.090000    3.302511e-02 3.300893e-02 6.190481e-04  
4.100000    3.378915e-02 3.377265e-02 6.244123e-04  
4.110000    3.457797e-02 3.456116e-02 6.298367e-04  
4.120000    3.539264e-02 3.537552e-02 6.353223e-04  
4.130000    3.623429e-02 3.621683e-02 6.408700e-04  
4.140000    3.710410e-02 3.708629e-02 6.464809e-04  
4.150000    3.800330e-02 3.798514e-02 6.521559e-04  
4.160000    3.893321e-02 3.891469e-02 6.578962e-04  
4.170000    3.989522e-02 3.987632e-02 6.637028e-04  
4.180000    4.089080e-02 4.087151e-02 6.695767e-04  
4.190000    4.192149e-02 4.190180e-02 6.755192e-04  
4.200000    4.298893e-02 4.296882e-02 6.815314e-04  
4.210000    4.409485e-02 4.407432e-02 6.876143e-04  
4.220000    4.524110e-02 4.522012e-02 6.937694e-04  
4.230000    4.642961e-02 4.640817e-02 6.999976e-04  
4.240000    4.766246e-02 4.764055e-02 7.063004e-04  
4.250000    4.894183e-02 4.891942e-02 7.126789e-04  
4.260000    5.027005e-02 5.024713e-02 7.191346e-04  
4.270000    5.164958e-02 5.162613e-02 7.256686e-04  
4.280000    5.308306e-02 5.305907e-02 7.322825e-04  
4.290000    5.457328e-02 5.454872e-02 7.389776e-04  
4.300000    5.612323e-02 5.609807e-02 7.457553e-04  
4.310000    5.773606e-02 5.771029e-02 7.526171e-04  
4.320000    5.941517e-02 5.938876e-02 7.595646e-04  
4.330000    6.116417e-02 6.113710e-02 7.665991e-04  
4.340000    6.298691e-02 6.295916e-02 7.737224e-04  
4.350000    6.488753e-02 6.485906e-02 7.809361e-04  
4.360000    6.687044e-02 6.684123e-02 7.882417e-04  
4.370000    6.894037e-02 6.891038e-02 7.956411e-04  
4.380000    7.110238e-02 7.107158e-02 8.031358e-04  
4.390000    7.336192e-02 7.333028e-02 8.107278e-04  
4.400000    7.572483e-02 7.569231e-02 8.184188e-04  
4.410000    7.819739e-02 7.816395e-02 8.262107e-04  
4.420000    8.078636e-02 8.075196e-02 8.341054e-04  
4.430000    8.349902e-02 8.346361e-02 8.421048e-04  
4.440000    8.634321e-02 8.630676e-02 8.502111e-04  
4.450000    8.932743e-02 8.928987e-02 8.584262e-04  
4.460000    9.246082e-02 9.242211e-02 8.667522e-04  
4.470000    9.575330e-02 9.571339e-02 8.751914e-04  
4.480000    9.921561e-02 9.917443e-02 8.837460e-04  
4.490000    1.028594e-01 1.028169e-01 8.924182e-04  
4.500000    1.066973e-01 1.066534e-01 9.012105e-04  
4.510000    1.107430e-01 1.106977e-01 9.101251e-04  
4.520000    1.150116e-01 1.149647e-01 9.191647e-04  
4.530000    1.195194e-01 1.194708e-01 9.283316e-04  
4.540000    1.242841e-01 1.242338e-01 9.376287e-04  
4.550000    1.293253e-01 1.292731e-01 9.470584e-04  
4.560000    1.346642e-01 1.346102e-01 9.566236e-04  
4.570000    1.403243e-01 1.402682e-01 9.663272e-04  
4.580000    1.463312e-01 1.462730e-01 9.761720e-04  
4.590000    1.527132e-01 1.526527e-01 9.861609e-04  
4.600000    1.595014e-01 1.594385e-01 9.962972e-04  
4.610000    1.667301e-01 1.666646e-01 1.006584e-03  
4.620000    1.744374e-01 1.743692e-01 1.017024e-03  
4.630000    1.826653e-01 1.825942e-01 1.027622e-03  
4.640000    1.914605e-01 1.913863e-01 1.038380e-03  
4.650000    2.008749e-01 2.007974e-01 1.049302e-03  
4.660000    2.109663e-01 2.108852e-01 1.060392e-03  
4.670000    2.217993e-01 2.217144e-01 1.071653e-03  
4.680000    2.334460e-01 2.333570e-01 1.083089e-03  
4.690000    2.459873e-01 2.458939e-01 1.094705e-03  
4.700000    2.595141e-01 2.594160e-01 1.106504e-03  
4.710000    2.741287e-01 2.740256e-01 1.118491e-03  
4.720000    2.899465e-01 2.898380e-01 1.130669e-03  
4.730000    3.070981e-01 3.069836e-01 1.143044e-03  
4.740000    3.257314e-01 3.256105e-01 1.155621e-03  
4.750000    3.460143e-01 3.458865e-01 1.168403e-03  
4.760000    3.681384e-01 3.680030e-01 1.181396e-03  
4.770000    3.923219e-01 3.921783e-01 1.194604e-03  
4.780000    4.188144e-01 4.186619e-01 1.208034e-03  
4.790000    4.479023e-01 4.477399e-01 1.221691e-03  
4.800000    4.799141e-01 4.797409e-01 1.235579e-03  
4.810000    5.152278e-01 5.150427e-01 1.249705e-03  
4.820000    5.542787e-01 5.540805e-01 1.264075e-03  
4.830000    5.975688e-01 5.973561e-01 1.278695e-03  
4.840000    6.456771e-01 6.454484e-01 1.293572e-03  
4.850000    6.992710e-01 6.990246e-01 1.308711e-03  
4.860000    7.591190e-01 7.588528e-01 1.324120e-03  
4.870000    8.261029e-01 8.258145e-01 1.339805e-03  
4.880000    9.012291e-01 9.009160e-01 1.355775e-03  
4.890000    9.856373e-01 9.852966e-01 1.372036e-03  
4.900000    1.080601e+00 1.080230e+00 1.388596e-03  
4.910000    1.187518e+00 1.187111e+00 1.405464e-03  
4.920000    1.307872e+00 1.307426e+00 1.422647e-03  
4.930000    1.443168e+00 1.442678e+00 1.440154e-03  
4.940000    1.594808e+00 1.594268e+00 1.457995e-03  
4.950000    1.763887e+00 1.763291e+00 1.476178e-03  
4.960000    1.950886e+00 1.950230e+00 1.494713e-03  
4.970000    2.155250e+00 2.154526e+00 1.513611e-03  
4.980000    2.374835e+00 2.374036e+00 1.532880e-03  
4.990000    2.605312e+00 2.604435e+00 1.552533e-03  
5.000000    2.839655e+00 2.838696e+00 1.572580e-03  
5.010000    3.067962e+00 3.066919e+00 1.593033e-03  
5.020000    3.277870e+00 3.276747e+00 1.613903e-03  
5.030000    3.455777e+00 3.454579e+00 1.635204e-03  
5.040000    3.588746e+00 3.587482e+00 1.656948e-03  
5.050000    3.666679e+00 3.665363e+00 1.679149e-03  
5.060000    3.684082e+00 3.682730e+00 1.701820e-03  
5.070000    3.640877e+00 3.639506e+00 1.724976e-03  
5.080000    3.542080e+00 3.540709e+00 1.748633e-03  
5.090000    3.396591e+00 3.395238e+00 1.772806e-03  
5.100000    3.215565e+00 3.214247e+00 1.797511e-03  
5.110000    3.010799e+00 3.009532e+00 1.822766e-03  
5.120000    2.793429e+00 2.792224e+00 1.848588e-03  
5.130000    2.573036e+00 2.571904e+00 1.874996e-03  
5.140000    2.357185e+00 2.356129e+00 1.902010e-03  
5.150000    2.151315e+00 2.150339e+00 1.929649e-03  
5.160000    1.958909e+00 1.958011e+00 1.957934e-03  
5.170000    1.781816e+00 1.780994e+00 1.986888e-03  
5.180000    1.620642e+00 1.619891e+00 2.016534e-03  
5.190000    1.475125e+00 1.474441e+00 2.046895e-03  
5.200000    1.344451e+00 1.343827e+00 2.077996e-03  
5.210000    1.227497e+00 1.226928e+00 2.109864e-03  
5.220000    1.123008e+00 1.122488e+00 2.142527e-03  
5.230000    1.029707e+00 1.029231e+00 2.176012e-03  
5.240000    9.463682e-01 9.459316e-01 2.210351e-03  
5.250000    8.718523e-01 8.714509e-01 2.245574e-03  
5.260000    8.051261e-01 8.047562e-01 2.281714e-03  
5.270000    7.452663e-01 7.449246e-01 2.318806e-03  
5.280000    6.914558e-01 6.911392e-01 2.356887e-03  
5.290000    6.429764e-01 6.426825e-01 2.395994e-03  
5.300000    5.991999e-01 5.989263e-01 2.436167e-03  
5.310000    5.595777e-01 5.593224e-01 2.477449e-03  
5.320000    5.236316e-01 5.233927e-01 2.519883e-03  
5.330000    4.909445e-01 4.907206e-01 2.563515e-03  
5.340000    4.611529e-01 4.609426e-01 2.608396e-03  
5.350000    4.339394e-01 4.337414e-01 2.654575e-03  
5.360000    4.090265e-01 4.088396e-01 2.702108e-03  
5.370000    3.861711e-01 3.859944e-01 2.751050e-03  
5.380000    3.651601e-01 3.649927e-01 2.801463e-03  
5.390000    3.458061e-01 3.456473e-01 2.853410e-03  
5.400000    3.279441e-01 3.277931e-01 2.906957e-03  
5.410000    3.114284e-01 3.112847e-01 2.962175e-03  
5.420000    2.961301e-01 2.959930e-01 3.019140e-03  
5.430000    2.819351e-01 2.818041e-01 3.077930e-03  
5.440000    2.687417e-01 2.686164e-01 3.138629e-03  
5.450000    2.564598e-01 2.563397e-01 3.201326e-03  
5.460000    2.450085e-01 2.448933e-01 3.266114e-03  
5.470000    2.343159e-01 2.342052e-01 3.333093e-03  
5.480000    2.243174e-01 2.242108e-01 3.402368e-03  
5.490000    2.149550e-01 2.148523e-01 3.474053e-03  
5.500000    2.061766e-01 2.060775e-01 3.548266e-03  
5.510000    1.979352e-01 1.978395e-01 3.625133e-03  
5.520000    1.901884e-01 1.900958e-01 3.704791e-03  
5.530000    1.828979e-01 1.828081e-01 3.787383e-03  
5.540000    1.760288e-01 1.759418e-01 3.873061e-03  
5.550000    1.695496e-01 1.694651e-01 3.961990e-03  
5.560000    1.634317e-01 1.633496e-01 4.054345e-03  
5.570000    1.576489e-01 1.575691e-01 4.150311e-03  
5.580000    1.521775e-01 1.520997e-01 4.250089e-03  
5.590000    1.469957e-01 1.469198e-01 4.353892e-03  
5.600000    1.420836e-01 1.420095e-01 4.461950e-03  
5.610000    1.374230e-01 1.373506e-01 4.574507e-03  
5.620000    1.329971e-01 1.329263e-01 4.691828e-03  
5.630000    1.287906e-01 1.287213e-01 4.814196e-03  
5.640000    1.247895e-01 1.247214e-01 4.941917e-03  
5.650000    1.209806e-01 1.209138e-01 5.075318e-03  
5.660000    1.173520e-01 1.172864e-01 5.214754e-03  
5.670000    1.138926e-01 1.138281e-01 5.360608e-03  
5.680000    1.105922e-01 1.105288e-01 5.513291e-03  
5.690000    1.074414e-01 1.073788e-01 5.673252e-03  
5.700000    1.044313e-01 1.043696e-01 5.840974e-03  
5.710000    1.015539e-01 1.014929e-01 6.016982e-03  
5.720000    9.880149e-02 9.874121e-02 6.201846e-03  
5.730000    9.616718e-02 9.610752e-02 6.396186e-03  
5.740000    9.364441e-02 9.358531e-02 6.600676e-03  
5.750000    9.122712e-02 9.116850e-02 6.816052e-03  
5.760000    8.890965e-02 8.885145e-02 7.043117e-03  
5.770000    8.668671e-02 8.662887e-02 7.282749e-03  
5.780000    8.455340e-02 8.449584e-02 7.535909e-03  
5.790000    8.250510e-02 8.244777e-02 7.803652e-03  
5.800000    8.053753e-02 8.048036e-02 8.087135e-03  
5.810000    7.864666e-02 7.858959e-02 8.387633e-03  
5.820000    7.682873e-02 7.677168e-02 8.706549e-03  
5.830000    7.508021e-02 7.502313e-02 9.045434e-03  
5.840000    7.339780e-02 7.334062e-02 9.406001e-03  
5.850000    7.177840e-02 7.172105e-02 9.790148e-03  
5.860000    7.021911e-02 7.016153e-02 1.019998e-02  
5.870000    6.871720e-02 6.865931e-02 1.063785e-02  
5.880000    6.727011e-02 6.721183e-02 1.110637e-02  
5.890000    6.587543e-02 6.581670e-02 1.160844e-02  
5.900000    6.453091e-02 6.447164e-02 1.214733e-02  
5.910000    6.323443e-02 6.317453e-02 1.272671e-02  
5.920000    6.198398e-02 6.192338e-02 1.335068e-02  
5.930000    6.077769e-02 6.071630e-02 1.402386e-02  
5.940000    5.961380e-02 5.955152e-02 1.475149e-02  
5.950000    5.849067e-02 5.842740e-02 1.553947e-02  
5.960000    5.740673e-02 5.734237e-02 1.639450e-02  
5.970000    5.636053e-02 5.629496e-02 1.732418e-02  
5.980000    5.535070e-02 5.528381e-02 1.833720e-02  
5.990000    5.437596e-02 5.430762e-02 1.944345e-02  
6.000000    5.343512e-02 5.336520e-02 2.065423e-02  
6.010000    5.252706e-02 5.245542e-02 2.198253e-02  
6.020000    5.165075e-02 5.157722e-02 2.344324e-02  
6.030000    5.080520e-02 5.072963e-02 2.505350e-02  
6.040000    4.998953e-02 4.991173e-02 2.683304e-02  
6.050000    4.920292e-02 4.912270e-02 2.880461e-02  
6.060000    4.844460e-02 4.836175e-02 3.099445e-02  
6.070000    4.771389e-02 4.762819e-02 3.343278e-02  
6.080000    4.701017e-02 4.692136e-02 3.615439e-02  
6.090000    4.633287e-02 4.624069e-02 3.919917e-02  
6.100000    4.568151e-02 4.558567e-02 4.261262e-02  
6.110000    4.505567e-02 4.495585e-02 4.644620e-02  
6.120000    4.445499e-02 4.435085e-02 5.075736e-02  
6.130000    4.387920e-02 4.377034e-02 5.560899e-02  
6.140000    4.332809e-02 4.321410e-02 6.106785e-02  
6.150000    4.280152e-02 4.268194e-02 6.720140e-02  
6.160000    4.229945e-02 4.217377e-02 7.407207e-02  
6.170000    4.182191e-02 4.168957e-02 8.172797e-02  
6.180000    4.136903e-02 4.122940e-02 9.018852e-02  
6.190000    4.094104e-02 4.079343e-02 9.942406e-02  
6.200000    4.053827e-02 4.038191e-02 1.093291e-01  
6.210000    4.016117e-02 3.999521e-02 1.196912e-01  
6.220000    3.981032e-02 3.963380e-02 1.301625e-01  
6.230000    3.948644e-02 3.929829e-02 1.402446e-01  
6.240000    3.919040e-02 3.898944e-02 1.493047e-01  
6.250000    3.892328e-02 3.870815e-02 1.566370e-01  
6.260000    3.868631e-02 3.845551e-02 1.615723e-01  
6.270000    3.848099e-02 3.823280e-02 1.636145e-01  
6.280000    3.830903e-02 3.804154e-02 1.625584e-01  
6.290000    3.817248e-02 3.788350e-02 1.585420e-01  
6.300000    3.807369e-02 3.776073e-02 1.520095e-01  
6.310000    3.801539e-02 3.767562e-02 1.436012e-01  
6.320000    3.800075e-02 3.763096e-02 1.340183e-01  
6.330000    3.803346e-02 3.762996e-02 1.239076e-01  
6.340000    3.811778e-02 3.767634e-02 1.137911e-01  
6.350000    3.825864e-02 3.777442e-02 1.040438e-01  
6.360000    3.846178e-02 3.792920e-02 9.490315e-02  
6.370000    3.873381e-02 3.814645e-02 8.649572e-02  
6.380000    3.908243e-02 3.843288e-02 7.886766e-02  
6.390000    3.951654e-02 3.879626e-02 7.201177e-02  
6.400000    4.004646e-02 3.924556e-02 6.588868e-02  
6.410000    4.068410e-02 3.979121e-02 6.044202e-02  
6.420000    4.144323e-02 4.044524e-02 5.560847e-02  
6.430000    4.233965e-02 4.122154e-02 5.132404e-02  
6.440000    4.339143e-02 4.213605e-02 4.752768e-02  
6.450000    4.461902e-02 4.320701e-02 4.416317e-02  
6.460000    4.604526e-02 4.445505e-02 4.117992e-02  
6.470000    4.769514e-02 4.590321e-02 3.853308e-02  
6.480000    4.959519e-02 4.757671e-02 3.618330e-02  
6.490000    5.177211e-02 4.950230e-02 3.409632e-02  
6.500000    5.425052e-02 5.170693e-02 3.224247e-02  
6.510000    5.704914e-02 5.421543e-02 3.059615e-02  
6.520000    6.017496e-02 5.704668e-02 2.913537e-02  
6.530000    6.361507e-02 6.020777e-02 2.784127e-02  
6.540000    6.732584e-02 6.368568e-02 2.669779e-02  
6.550000    7.122058e-02 6.743642e-02 2.569127e-02  
6.560000    7.515815e-02 7.137261e-02 2.481025e-02  
6.570000    7.893745e-02 7.535196e-02 2.404513e-02  
6.580000    8.230430e-02 7.917169e-02 2.338806e-02  
6.590000    8.497677e-02 8.257552e-02 2.283275e-02  
6.600000    8.668956e-02 8.527919e-02 2.237434e-02  
6.610000    8.724840e-02 8.701518e-02 2.200934e-02  
6.620000    8.657663e-02 8.758762e-02 2.173557e-02  
6.630000    8.473472e-02 8.691921e-02 2.155209e-02  
6.640000    8.190402e-02 8.507094e-02 2.145928e-02  
6.650000    7.834234e-02 8.222571e-02 2.145875e-02  
6.660000    7.432976e-02 7.864353e-02 2.155350e-02  
6.670000    7.012305e-02 7.460683e-02 2.174786e-02  
6.680000    6.592869e-02 7.037463e-02 2.204762e-02  
6.690000    6.189424e-02 6.615516e-02 2.246002e-02  
6.700000    5.811278e-02 6.209729e-02 2.299377e-02  
6.710000    5.463368e-02 5.829497e-02 2.365895e-02  
6.720000    5.147466e-02 5.479802e-02 2.446671e-02  
6.730000    4.863263e-02 5.162442e-02 2.542880e-02  
6.740000    4.609204e-02 4.877114e-02 2.655663e-02  
6.750000    4.383085e-02 4.622261e-02 2.785970e-02  
6.760000    4.182449e-02 4.395673e-02 2.934328e-02  
6.770000    4.004834e-02 4.194886e-02 3.100504e-02  
6.780000    3.847915e-02 4.017435e-02 3.283070e-02  
6.790000    3.709581e-02 3.860994e-02 3.478895e-02  
6.800000    3.587966e-02 3.723458e-02 3.682689e-02  
6.810000    3.481458e-02 3.602969e-02 3.886780e-02  
6.820000    3.388692e-02 3.497934e-02 4.081413e-02  
6.830000    3.308535e-02 3.407008e-02 4.255790e-02  
6.840000    3.240077e-02 3.329094e-02 4.399890e-02  
6.850000    3.182611e-02 3.263316e-02 4.506661e-02  
6.860000    3.135620e-02 3.209015e-02 4.573851e-02  
6.870000    3.098769e-02 3.165730e-02 4.604652e-02  
6.880000    3.071889e-02 3.133185e-02 4.606809e-02  
6.890000    3.054970e-02 3.111278e-02 4.590478e-02  
6.900000    3.048150e-02 3.100068e-02 4.565615e-02  
6.910000    3.051693e-02 3.099754e-02 4.539673e-02  
6.920000    3.065964e-02 3.110644e-02 4.516093e-02  
6.930000    3.091384e-02 3.133110e-02 4.493778e-02  
6.940000    3.128351e-02 3.167510e-02 4.467532e-02  
6.950000    3.177131e-02 3.214072e-02 4.429406e-02  
6.960000    3.237676e-02 3.272717e-02 4.370778e-02  
6.970000    3.309391e-02 3.342817e-02 4.284711e-02  
6.980000    3.390811e-02 3.422873e-02 4.167932e-02  
6.990000    3.479243e-02 3.510156e-02 4.021740e-02  
7.000000    3.570441e-02 3.600375e-02 3.851583e-02  
7.010000    3.658444e-02 3.687518e-02 3.665572e-02  
7.020000    3.735785e-02 3.764059e-02 3.472630e-02  
7.030000    3.794231e-02 3.821701e-02 3.280919e-02  
7.040000    3.826064e-02 3.852672e-02 3.096911e-02  
7.050000    3.825658e-02 3.851302e-02 2.925088e-02  
7.060000    3.790807e-02 3.815362e-02 2.768088e-02  
7.070000    3.723269e-02 3.746613e-02 2.627070e-02  
7.080000    3.628282e-02 3.650318e-02 2.502112e-02  
7.090000    3.513269e-02 3.533939e-02 2.392554e-02  
7.100000    3.386274e-02 3.405561e-02 2.297258e-02  
7.110000    3.254655e-02 3.272581e-02 2.214781e-02  
7.120000    3.124310e-02 3.140931e-02 2.143497e-02  
7.130000    2.999442e-02 3.014833e-02 2.081690e-02  
7.140000    2.882686e-02 2.896936e-02 2.027664e-02  
7.150000    2.775420e-02 2.788621e-02 1.979863e-02  
7.160000    2.678105e-02 2.690351e-02 1.937011e-02  
7.170000    2.590596e-02 2.601978e-02 1.898214e-02  
7.180000    2.512367e-02 2.522970e-02 1.863000e-02  
7.190000    2.442676e-02 2.452578e-02 1.831270e-02  
7.200000    2.380668e-02 2.389940e-02 1.803187e-02  
7.210000    2.325443e-02 2.334146e-02 1.779039e-02  
7.220000    2.276097e-02 2.284286e-02 1.759129e-02  
7.230000    2.231768e-02 2.239488e-02 1.743702e-02  
7.240000    2.191674e-02 2.198963e-02 1.732930e-02  
7.250000    2.155157e-02 2.162048e-02 1.726907e-02  
7.260000    2.121715e-02 2.128237e-02 1.725681e-02  
7.270000    2.091012e-02 2.097191e-02 1.729279e-02  
7.280000    2.062858e-02 2.068722e-02 1.737728e-02  
7.290000    2.037170e-02 2.042747e-02 1.751076e-02  
7.300000    2.013926e-02 2.019247e-02 1.769412e-02  
7.310000    1.993127e-02 1.998226e-02 1.792871e-02  
7.320000    1.974771e-02 1.979685e-02 1.821647e-02  
7.330000    1.958846e-02 1.963614e-02 1.856001e-02  
7.340000    1.945330e-02 1.949992e-02 1.896263e-02  
7.350000    1.934196e-02 1.938796e-02 1.942844e-02  
7.360000    1.925423e-02 1.930007e-02 1.996233e-02  
7.370000    1.919000e-02 1.923617e-02 2.057004e-02  
7.380000    1.914936e-02 1.919638e-02 2.125810e-02  
7.390000    1.913260e-02 1.918104e-02 2.203375e-02  
7.400000    1.914030e-02 1.919078e-02 2.290467e-02  
7.410000    1.917329e-02 1.922650e-02 2.387859e-02  
7.420000    1.923273e-02 1.928942e-02 2.496252e-02  
7.430000    1.932007e-02 1.938108e-02 2.616170e-02  
7.440000    1.943703e-02 1.950328e-02 2.747796e-02  
7.450000    1.958555e-02 1.965807e-02 2.890763e-02  
7.460000    1.976768e-02 1.984760e-02 3.043920e-02  
7.470000    1.998538e-02 2.007392e-02 3.205113e-02  
7.480000    2.024023e-02 2.033868e-02 3.371096e-02  
7.490000    2.053292e-02 2.064257e-02 3.537689e-02  
7.500000    2.086257e-02 2.098467e-02 3.700323e-02  
7.510000    2.122587e-02 2.136147e-02 3.854958e-02  
7.520000    2.161603e-02 2.176582e-02 3.999200e-02  
7.530000    2.202181e-02 2.218589e-02 4.133261e-02  
7.540000    2.242704e-02 2.260469e-02 4.260351e-02  
7.550000    2.281110e-02 2.300056e-02 4.386351e-02  
7.560000    2.315086e-02 2.334920e-02 4.518907e-02  
7.570000    2.342414e-02 2.362737e-02 4.666312e-02  
7.580000    2.361395e-02 2.381729e-02 4.836528e-02  
7.590000    2.371214e-02 2.391052e-02 5.036510e-02  
7.600000    2.372105e-02 2.390961e-02 5.271807e-02  
7.610000    2.365236e-02 2.382701e-02 5.546276e-02  
7.620000    2.352414e-02 2.368181e-02 5.861732e-02  
7.630000    2.335704e-02 2.349581e-02 6.217407e-02  
7.640000    2.317133e-02 2.329027e-02 6.609186e-02  
7.650000    2.298489e-02 2.308391e-02 7.028697e-02  
7.660000    2.281243e-02 2.289202e-02 7.462513e-02  
7.670000    2.266525e-02 2.272626e-02 7.891880e-02  
7.680000    2.255150e-02 2.259493e-02 8.293423e-02  
7.690000    2.247654e-02 2.250347e-02 8.641179e-02  
7.700000    2.244355e-02 2.245501e-02 8.909858e-02  
7.710000    2.245406e-02 2.245099e-02 9.078764e-02  
7.720000    2.250852e-02 2.249176e-02 9.135424e-02  
7.730000    2.260676e-02 2.257700e-02 9.077930e-02  
7.740000    2.274832e-02 2.270613e-02 8.915357e-02  
7.750000    2.293275e-02 2.287858e-02 8.666066e-02  
7.760000    2.315977e-02 2.309393e-02 8.354371e-02  
7.770000    2.342937e-02 2.335206e-02 8.006501e-02  
7.780000    2.374191e-02 2.365322e-02 7.646971e-02  
7.790000    2.409816e-02 2.399807e-02 7.296145e-02  
7.800000    2.449932e-02 2.438770e-02 6.969218e-02  
7.810000    2.494705e-02 2.482367e-02 6.676372e-02  
7.820000    2.544351e-02 2.530804e-02 6.423608e-02  
7.830000    2.599136e-02 2.584335e-02 6.213835e-02  
7.840000    2.659384e-02 2.643274e-02 6.047916e-02  
7.850000    2.725476e-02 2.707991e-02 5.925521e-02  
7.860000    2.797860e-02 2.778921e-02 5.845776e-02  
7.870000    2.877057e-02 2.856571e-02 5.807712e-02  
7.880000    2.963667e-02 2.941528e-02 5.810562e-02  
7.890000    3.058381e-02 3.034466e-02 5.853955e-02  
7.900000    3.161994e-02 3.136163e-02 5.938037e-02  
7.910000    3.275417e-02 3.247508e-02 6.063536e-02  
7.920000    3.399694e-02 3.369526e-02 6.231797e-02  
7.930000    3.536026e-02 3.503388e-02 6.444782e-02  
7.940000    3.685788e-02 3.650444e-02 6.705029e-02  
7.950000    3.850563e-02 3.812243e-02 7.015562e-02  
7.960000    4.032171e-02 3.990565e-02 7.379709e-02  
7.970000    4.232706e-02 4.187461e-02 7.800798e-02  
7.980000    4.454579e-02 4.405293e-02 8.281678e-02  
7.990000    4.700568e-02 4.646781e-02 8.824002e-02  
8.000000    4.973869e-02 4.915054e-02 9.427239e-02  
8.010000    5.278156e-02 5.213708e-02 1.008745e-01  
8.020000    5.617636e-02 5.546863e-02 1.079592e-01  
8.030000    5.997104e-02 5.919213e-02 1.153807e-01  
8.040000    6.421980e-02 6.336066e-02 1.229299e-01  
8.050000    6.898319e-02 6.803349e-02 1.303434e-01  
8.060000    7.432760e-02 7.327562e-02 1.373284e-01  
8.070000    8.032373e-02 7.915629e-02 1.436030e-01  
8.080000    8.704357e-02 8.574597e-02 1.489430e-01  
8.090000    9.455474e-02 9.311095e-02 1.532230e-01  
8.100000    1.029114e-01 1.013043e-01 1.564378e-01  
8.110000    1.121403e-01 1.103523e-01 1.586975e-01  
8.120000    1.222204e-01 1.202346e-01 1.601931e-01  
8.130000    1.330569e-01 1.308588e-01 1.611407e-01  
8.140000    1.444511e-01 1.420309e-01 1.617191e-01  
8.150000    1.560722e-01 1.534279e-01 1.620187e-01  
8.160000    1.674440e-01 1.645845e-01 1.620204e-01  
8.170000    1.779614e-01 1.749098e-01 1.616109e-01  
8.180000    1.869525e-01 1.837478e-01 1.606345e-01  
8.190000    1.937880e-01 1.904842e-01 1.589631e-01  
8.200000    1.980157e-01 1.946779e-01 1.565609e-01  
8.210000    1.994762e-01 1.961745e-01 1.535188e-01  
8.220000    1.983529e-01 1.951544e-01 1.500473e-01  
8.230000    1.951328e-01 1.920947e-01 1.464353e-01  
8.240000    1.904961e-01 1.876616e-01 1.429966e-01  
8.250000    1.851805e-01 1.825773e-01 1.400239e-01  
8.260000    1.798640e-01 1.775052e-01 1.377613e-01  
8.270000    1.750905e-01 1.729779e-01 1.363962e-01  
8.280000    1.712383e-01 1.693659e-01 1.360638e-01  
8.290000    1.685171e-01 1.668741e-01 1.368573e-01  
8.300000    1.669755e-01 1.655495e-01 1.388384e-01  
8.310000    1.665107e-01 1.652895e-01 1.420435e-01  
8.320000    1.668759e-01 1.658490e-01 1.464861e-01  
8.330000    1.676913e-01 1.668510e-01 1.521523e-01  
8.340000    1.684709e-01 1.678121e-01 1.589934e-01  
8.350000    1.686747e-01 1.681943e-01 1.669139e-01  
8.360000    1.677899e-01 1.674854e-01 1.757585e-01  
8.370000    1.654260e-01 1.652937e-01 1.852972e-01  
8.380000    1.613957e-01 1.614292e-01 1.952120e-01  
8.390000    1.557485e-01 1.559384e-01 2.050842e-01  
8.400000    1.487440e-01 1.490782e-01 2.143910e-01  
8.410000    1.407770e-01 1.412422e-01 2.225213e-01  
8.420000    1.322859e-01 1.328695e-01 2.288285e-01  
8.430000    1.236759e-01 1.243674e-01 2.327250e-01  
8.440000    1.152724e-01 1.160645e-01 2.338038e-01  
8.450000    1.073062e-01 1.081952e-01 2.319459e-01  
8.460000    9.991963e-02 1.009054e-01 2.273650e-01  
8.470000    9.318395e-02 9.426938e-02 2.205683e-01  
8.480000    8.711888e-02 8.830977e-02 2.122464e-01  
8.490000    8.171031e-02 8.301481e-02 2.031399e-01  
8.500000    7.692414e-02 7.835255e-02 1.939269e-01  
8.510000    7.271631e-02 7.428088e-02 1.851567e-01  
8.520000    6.903944e-02 7.075439e-02 1.772298e-01  
8.530000    6.584709e-02 6.772867e-02 1.704102e-01  
8.540000    6.309622e-02 6.516290e-02 1.648533e-01  
8.550000    6.074849e-02 6.302123e-02 1.606358e-01  
8.560000    5.877087e-02 6.127347e-02 1.577820e-01  
8.570000    5.713579e-02 5.989531e-02 1.562810e-01  
8.580000    5.582107e-02 5.886836e-02 1.560973e-01  
8.590000    5.480976e-02 5.817999e-02 1.571729e-01  
8.600000    5.408989e-02 5.782324e-02 1.594243e-01  
8.610000    5.365427e-02 5.779665e-02 1.627365e-01  
8.620000    5.350027e-02 5.810405e-02 1.669575e-01  
8.630000    5.362958e-02 5.875436e-02 1.718993e-01  
8.640000    5.404786e-02 5.976114e-02 1.773502e-01  
8.650000    5.476429e-02 6.114192e-02 1.831029e-01  
8.660000    5.579074e-02 6.291696e-02 1.889925e-01  
8.670000    5.714055e-02 6.510724e-02 1.949353e-01  
8.680000    5.882645e-02 6.773115e-02 2.009490e-01  
8.690000    6.085752e-02 7.079958e-02 2.071431e-01  
8.700000    6.323479e-02 7.430881e-02 2.136763e-01  
8.710000    6.594547e-02 7.823122e-02 2.206927e-01  
8.720000    6.895605e-02 8.250449e-02 2.282564e-01  
8.730000    7.220553e-02 8.702107e-02 2.363030e-01  
8.740000    7.560093e-02 9.162202e-02 2.446231e-01  
8.750000    7.901810e-02 9.610019e-02 2.528869e-01  
8.760000    8.231056e-02 1.002174e-01 2.607114e-01  
8.770000    8.532664e-02 1.037360e-01 2.677550e-01  
8.780000    8.793088e-02 1.064581e-01 2.738122e-01  
8.790000    9.002166e-02 1.082580e-01 2.788686e-01  
8.800000    9.153734e-02 1.090942e-01 2.830891e-01  
8.810000    9.244874e-02 1.089963e-01 2.867366e-01  
8.820000    9.274409e-02 1.080347e-01 2.900477e-01  
8.830000    9.241745e-02 1.062916e-01 2.931080e-01  
8.840000    9.146910e-02 1.038467e-01 2.957676e-01  
8.850000    8.991849e-02 1.007819e-01 2.976268e-01  
8.860000    8.782110e-02 9.719603e-02 2.981016e-01  
8.870000    8.527771e-02 9.321554e-02 2.965630e-01  
8.880000    8.242901e-02 8.899295e-02 2.925125e-01  
8.890000    7.943722e-02 8.469216e-02 2.857357e-01  
8.900000    7.646302e-02 8.046843e-02 2.763778e-01  
8.910000    7.364635e-02 7.645177e-02 2.649128e-01  
8.920000    7.109615e-02 7.273824e-02 2.520274e-01  
8.930000    6.888871e-02 6.938953e-02 2.384738e-01  
8.940000    6.707185e-02 6.643788e-02 2.249433e-01  
8.950000    6.567169e-02 6.389342e-02 2.119903e-01  
8.960000    6.469932e-02 6.175130e-02 2.000083e-01  
8.970000    6.415614e-02 5.999758e-02 1.892415e-01  
8.980000    6.403708e-02 5.861333e-02 1.798143e-01  
8.990000    6.433169e-02 5.757690e-02 1.717644e-01  
9.000000    6.502295e-02 5.686473e-02 1.650706e-01  
9.010000    6.608398e-02 5.645070e-02 1.596738e-01  
9.020000    6.747282e-02 5.630446e-02 1.554894e-01  
9.030000    6.912592e-02 5.638904e-02 1.524137e-01  
9.040000    7.095213e-02 5.665850e-02 1.503269e-01  
9.050000    7.282970e-02 5.705670e-02 1.490952e-01  
9.060000    7.461015e-02 5.751875e-02 1.485758e-01  
9.070000    7.613216e-02 5.797618e-02 1.486281e-01  
9.080000    7.724578e-02 5.836633e-02 1.491314e-01  
9.090000    7.784201e-02 5.864362e-02 1.500064e-01  
9.100000    7.787790e-02 5.878914e-02 1.512321e-01  
9.110000    7.738665e-02 5.881452e-02 1.528537e-01  
9.120000    7.646839e-02 5.875820e-02 1.549749e-01  
9.130000    7.526555e-02 5.867593e-02 1.577399e-01  
9.140000    7.393329e-02 5.862926e-02 1.613113e-01  
9.150000    7.261484e-02 5.867605e-02 1.658502e-01  
9.160000    7.142690e-02 5.886490e-02 1.715019e-01  
9.170000    7.045529e-02 5.923352e-02 1.783864e-01  
9.180000    6.975756e-02 5.980982e-02 1.865898e-01  
9.190000    6.936896e-02 6.061435e-02 1.961520e-01  
9.200000    6.930927e-02 6.166303e-02 2.070479e-01  
9.210000    6.958875e-02 6.296962e-02 2.191627e-01  
9.220000    7.021288e-02 6.454770e-02 2.322620e-01  
9.230000    7.118568e-02 6.641217e-02 2.459677e-01  
9.240000    7.251202e-02 6.858031e-02 2.597526e-01  
9.250000    7.419891e-02 7.107251e-02 2.729690e-01  
9.260000    7.625618e-02 7.391273e-02 2.849209e-01  
9.270000    7.869659e-02 7.712867e-02 2.949750e-01  
9.280000    8.153530e-02 8.075156e-02 3.026795e-01  
9.290000    8.478874e-02 8.481556e-02 3.078530e-01  
9.300000    8.847291e-02 8.935655e-02 3.106089e-01  
9.310000    9.260078e-02 9.441002e-02 3.113089e-01  
9.320000    9.717947e-02 1.000082e-01 3.104663e-01  
9.330000    1.022072e-01 1.061759e-01 3.086309e-01  
9.340000    1.076717e-01 1.129264e-01 3.062808e-01  
9.350000    1.135506e-01 1.202566e-01 3.037373e-01  
9.360000    1.198164e-01 1.281446e-01 3.011145e-01  
9.370000    1.264443e-01 1.365485e-01 2.983135e-01  
9.380000    1.334221e-01 1.454091e-01 2.950703e-01  
9.390000    1.407574e-01 1.546523e-01 2.910537e-01  
9.400000    1.484790e-01 1.641914e-01 2.859888e-01  
9.410000    1.566317e-01 1.739283e-01 2.797684e-01  
9.420000    1.652706e-01 1.837570e-01 2.725105e-01  
9.430000    1.744601e-01 1.935780e-01 2.645442e-01  
9.440000    1.842824e-01 2.033279e-01 2.563376e-01  
9.450000    1.948553e-01 2.130202e-01 2.484041e-01  
9.460000    2.063507e-01 2.227840e-01 2.412210e-01  
9.470000    2.190051e-01 2.328810e-01 2.351825e-01  
9.480000    2.331180e-01 2.436935e-01 2.305850e-01  
9.490000    2.490369e-01 2.556868e-01 2.276373e-01  
9.500000    2.671382e-01 2.693616e-01 2.264809e-01  
9.510000    2.878058e-01 2.852125e-01 2.272130e-01  
9.520000    3.114122e-01 3.036969e-01 2.299065e-01  
9.530000    3.382958e-01 3.252140e-01 2.346252e-01  
9.540000    3.687307e-01 3.500839e-01 2.414322e-01  
9.550000    4.028796e-01 3.785163e-01 2.503944e-01  
9.560000    4.407235e-01 4.105594e-01 2.615779e-01  
9.570000    4.819656e-01 4.460236e-01 2.750344e-01  
9.580000    5.259126e-01 4.843802e-01 2.907744e-01  
9.590000    5.713530e-01 5.246476e-01 3.087246e-01  
9.600000    6.164674e-01 5.652924e-01 3.286709e-01  
9.610000    6.588279e-01 6.041965e-01 3.501908e-01  
9.620000    6.955468e-01 6.387487e-01 3.725918e-01  
9.630000    7.236103e-01 6.661110e-01 3.948780e-01  
9.640000    7.403705e-01 6.836547e-01 4.157816e-01  
9.650000    7.440819e-01 6.894807e-01 4.338873e-01  
9.660000    7.343067e-01 6.828563e-01 4.478558e-01  
9.670000    7.120272e-01 6.643979e-01 4.567016e-01  
9.680000    6.794153e-01 6.359172e-01 4.600320e-01  
9.690000    6.393475e-01 5.999952e-01 4.581482e-01  
9.700000    5.948507e-01 5.594533e-01 4.519598e-01  
9.710000    5.486498e-01 5.168986e-01 4.427471e-01  
9.720000    5.029067e-01 4.744433e-01 4.318699e-01  
9.730000    4.591449e-01 4.336062e-01 4.205234e-01  
9.740000    4.183043e-01 3.953476e-01 4.096017e-01  
9.750000    3.808567e-01 3.601719e-01 3.996780e-01  
9.760000    3.469350e-01 3.282472e-01 3.910736e-01  
9.770000    3.164466e-01 2.995158e-01 3.839699e-01  
9.780000    2.891633e-01 2.737807e-01 3.785179e-01  
9.790000    2.647868e-01 2.507716e-01 3.749072e-01  
9.800000    2.429958e-01 2.301914e-01 3.733776e-01  
9.810000    2.234781e-01 2.117487e-01 3.741806e-01  
9.820000    2.059504e-01 1.951782e-01 3.775079e-01  
9.830000    1.901683e-01 1.802505e-01 3.834105e-01  
9.840000    1.759268e-01 1.667738e-01 3.917209e-01  
9.850000    1.630550e-01 1.545885e-01 4.019867e-01  
9.860000    1.514093e-01 1.435603e-01 4.134263e-01  
9.870000    1.408648e-01 1.335729e-01 4.249253e-01  
9.880000    1.313110e-01 1.245227e-01 4.350975e-01  
9.890000    1.226477e-01 1.163158e-01 4.424297e-01  
9.900000    1.147838e-01 1.088665e-01 4.455044e-01  
9.910000    1.076364e-01 1.020964e-01 4.432556e-01  
9.920000    1.011304e-01 9.593458e-02 4.351843e-01  
9.930000    9.519836e-02 9.031709e-02 4.214565e-01  
9.940000    8.977989e-02 8.518670e-02 4.028491e-01  
9.950000    8.482141e-02 8.049252e-02 3.805643e-01  
9.960000    8.027560e-02 7.618957e-02 3.559822e-01  
9.970000    7.610101e-02 7.223844e-02 3.304319e-01  
9.980000    7.226205e-02 6.860524e-02 3.050421e-01  
9.990000    6.873048e-02 6.526289e-02 2.806981e-01  
10.000000    6.549715e-02 6.220176e-02 2.582208e-01  